-0.8681762914405651
-0.8109881049698113
0.356758689680162
-0.43170605224377256
0.44746731000492357
0.31312817282095584
0.8126853943273544
0.7465593241210777
-0.3332759278788868
0.1654790291728392
-0.7171432388313643
-0.30035842492831155
0.9353930153854892
0.3969599256237619
-0.21608403132927934
0.19008245630314957
0.8760043991315216
-0.38083622516807814
-0.24664138788739964
0.5833239157270871
0.6263695676296019
0.340232799989445
0.657917945788929
0.47754934425896556
0.3708288805551525
0.05278667946834803
0.29204964146697576
-0.15318726735579258
-0.2763438073064308
-0.27480466203591125
-0.6394741542463107
-0.5716146775821993
0.8953365350686937
-0.02745815825454545
-0.5469139069322255
-0.7248692936458414
-0.8456698313982474
0.6888567773717666
-0.7977184726642117
0.541749440726202
0.670239653269112
0.7673643309851232
-0.9245050152848775
-0.3264712560714369
0.5326152088944831
-0.737901917140984
-0.24656025835495066
-0.675505575823099
0.662690113378251
0.5421956274619768
0.6180874392786022
-0.6689216685118826
-0.12465318972330652
-0.17828277700693307
0.3527258443770658
-0.5249395971061499
-0.1116025803894487
-0.4301441348732835
0.4970730361908726
-0.10214407393331926
0.06802229939652227
-0.3810642068744208
0.6172477421815727
-0.061968789935494595
0.6702267854514148
-0.26431808354993436
0.8942603404882459
0.9688795870631546
-0.07664004311802164
-0.43645653459244915
-0.23625513161857903
0.05491957692296534
0.9325363064118946
0.6337824791624802
0.6025184483030952
-0.7232029307931376
-0.49999357682198586
0.2823580724088943
0.748233890104474
0.10908149084886243
-0.7948205365031813
0.691784553466877
0.7023320961695576
-0.42987397188134313
0.5262336605833817
-0.45441740081728677
0.8106124179564824
-0.7053026880167914
-0.12505487961003836
0.8928265260235213
-0.5559239861860388
-0.09774401955858214
-0.30082984372270216
-0.9466596183941229
-0.8934862256578511
0.004014229386470891
-0.5284438522731347
0.9890507024765824
-0.25017465316446486
-0.9436249089436999
0.8616518094999062
0.6783525752232114
0.29992136858836327
0.582761274964352
-0.7248008245482567
-0.42624120537346366
0.6595231663056451
0.39214397715196725
-0.7224146163636276
0.41107235057816083
-0.10279705203550682
-0.9894976033887641
-0.8415484574585574
-0.4881521431259106
0.669926198564762
0.09760849088767087
0.4544695706498636
0.05554301177344856
-0.7776262793515232
-0.42379684392153893
-0.39769761082756006
-0.9045011067622974
-0.1603489124931139
0.5877982172788763
-0.08577276672710266
-0.77828420941997
0.810293771323997
0.19347808563789393
-0.9671292955882111
0.03075146041881216
-0.5161237311580134
-0.7128463195074799
-0.14152221379333252
0.22961916555190132
-0.5188715223869129
-0.16686480958292038
0.3287426034840182
-0.8287720900254765
0.9493089819044433
-0.8646413541823079
0.052118890644341054
0.014655393159573205
0.9766629711929349
0.10830390483639096
-0.2190925348798718
-0.05972984368302803
0.2713415829372601
0.9620788451031206
-0.49269947786157453
-0.9675155377821048
0.5770400325590306
-0.3103950136732174
0.4658820429012833
0.25651392495131287
0.5430027482197182
0.4703739696246225
-0.33496278325603024
-0.9113286234095836
0.09202749041538305
0.6270177311121763
-0.6498217458965831
0.558285186956563
-0.07075420050592451
0.3907785039921279
0.2634716955166756
0.6229953636952128
-0.8737989259355508
0.5523807994068435
-0.08464084510529357
-0.4131148576499375
-0.9123874486817538
-0.6010603325696233
-0.916188116139236
0.8667419599007946
0.030767178508997572
0.9782454045922468
0.08606139530837176
-0.4933724695947652
0.5065818376377298
-0.6177931385321782
-0.2860516479292732
0.56168313395685
0.7315965541561151
-0.33615062723731093
-0.7510499835112332
-0.26396165137065397
0.7789730340245629
0.48661541103924244
0.7892749899101066
-0.22671046347861568
0.9474471686306181
-0.007593546925954708
-0.004953215012745371
0.8486209332539272
0.03855170706988398
0.6022961748035476
0.45416264868527145
-0.8421459878890643
0.2049065976604545
0.6446825590797733
0.09094879468927397
-0.35757714357081194
-0.8398621778500095
0.3218384429162733
-0.38700828781849506
0.2052432554611996
-0.14776785423390915
0.37952961689097253
-0.29690603245601577
-0.915289674299741
0.7400743501127842
-0.2948813793830354
0.9963011955460981
-0.4508892798502848
0.9600545583885582
0.8958087572061726
-0.8499176700236815
0.2750250757665966
-0.2733777386980354
0.6021919511243399
0.35882121562937974
0.9055787925592156
-0.7144410632749005
0.21514580664171068
0.562623939486933
-0.930402068402916
-0.8655332738757824
0.5570307470137308
-0.2673430537857029
-0.23429119662244458
0.13448928344823896
0.210189657709571
0.3581241138267899
0.8976470585311129
-0.25597324305863256
0.526168943597159
0.14784355666779136
0.05891976307257929
-0.2039319080951001
0.2991214734120631
-0.5007766938132041
-0.7731027748299639
0.47134971895885536
-0.0019120794870663982
-0.22602523992147305
0.12334542151929417
-0.47644664682500837
-0.47942045772019326
-0.10745377518876764
0.9927302243095215
-0.42884624460368403
0.8329578190837628
-0.017599609491551815
-0.7547251561920583
0.7056525807686453
-0.09591462950920526
0.7973580615724607
-0.10977761451508994
-0.8244185177905379
0.3638585205012743
0.6910424379493989
-0.36082445580005973
-0.3051494105228709
-0.8701218433678577
0.08434272245112462
0.7826633647077779
0.7027241015062518
0.4236182080144253
0.8546489134463555
0.2754000451280325
0.5873927676900055
0.017511490348601555
-0.7572750898430862
-0.5980392576446285
-0.7222462559232685
0.5807461216154983
-0.9474319463834686
0.10804287451919015
-0.26217766899755857
0.6073234525771729
0.10329386785285499
0.22389672524104176
-0.8275690366961346
-0.3814185649430757
0.9991900878687738
0.437739319781439
0.05139130966060024
0.538329100749396
0.6466787990167813
-0.852498574177522
0.9447594630275318
0.28467717877276266
-0.10005100867400785
0.36021798129916194
-0.3109704385946006
0.7559203033008235
0.5605258576766168
0.27958785873332603
-0.6360737268957253
0.9325292278682136
-0.13476342703605027
0.8214245418937747
-0.8891742999644459
-0.7516777587219756
-0.6939690663795988
-0.6706858402197517
-0.35467849769088877
0.41866426505849175
-0.30795383531625387
0.8818081098630695
0.7898518336422489
0.6918674123117312
-0.49878938203600187
0.2701141827754918
0.10168283096627939
-0.7496594097461946
-0.39435078778224786
0.06695605953676109
0.005146289482525379
-0.6627281965045864
0.8832139757371917
-0.6916114662408737
0.3174657467675086
0.44126553687454595
0.21027781572371085
0.6850600082267779
0.12723606886259153
0.650472534653264
-0.9432530242022448
-0.909076393417316
0.2829074676487202
0.15354246295475815
0.30225995497119973
0.5339180018326222
-0.1668264326735076
0.2779823844177409
-0.003923879727767865
0.25432802059616866
-0.42065668639678844
0.91330033990881
-0.03411036364916109
0.6093763084314661
0.3699816823913533
-0.4051322571405154
-0.8540539489893084
-0.880173934130662
-0.12078900015917804
-0.03149773978528159
-0.5919539728732026
0.21332052564127268
-0.3748350015061339
0.436725770224875
0.4683995096090936
0.7215547315086506
0.9507482558297604
-0.7384676968952271
-0.2589196038994175
0.12330243149673836
-0.3617682271936855
-0.06705486591872711
-0.4650566510916352
-0.5041622349489088
-0.8063766948788571
-0.41957599006019697
-0.23170033299678794
0.23075488832793734
-0.5034594392376268
0.7306150034414354
-0.6806006757396781
-0.34512835839761014
0.15537407578719287
-0.3745701582754539
0.5262427502772571
-0.0034689158801823883
0.029449678462968976
-0.0024805832046916887
-0.3829190358911414
-0.9536474035672979
0.8904656081384745
0.010888926047543102
0.9333732611049508
-0.5697111549475178
-0.2942098222872893
-0.8989191907442162
-0.010211592949647352
0.7646789527364022
0.3085200737792342
-0.05882629326360855
0.07338149857785403
0.6943447307869357
-0.13814446130491898
0.7649114618371857
0.4550161267187838
0.5277135283239791
-0.26812529496487403
-0.19883675797048683
0.14056328776205862
-0.6106893962245619
0.10644585324230338
-0.8529365005143164
0.008511058246409409
0.5288082294144791
-0.440558644752036
0.9781814012414451
0.3607972802377215
-0.7623779605528209
0.9501656308275681
-0.21219257454278573
0.5897944567618916
-0.3218294000948694
0.8778971339107509
0.5099303445855878
-0.6018842368951001
0.01824503245036424
0.00015580714128771156
-0.9093932950658505
-0.7259272528649592
-0.3339185892944656
-0.052511699209619955
-0.08602288143425207
0.21252104480760825
0.03101146429450785
-0.3440683047269475
0.226136242129356
-0.6749959082461212
0.9812314751222802
0.4786387211472083
-0.40153131494336347
-0.3272530956966433
0.6565787719147518
0.06467965975175272
0.41747961287087576
-0.40041887052517255
0.6314976664876484
-0.2632843802684608
0.3476127849460331
0.9597960623583237
0.16740428369757265
0.5935096278602943
0.4506484251037106
0.37608730240554333
-0.9467056900723336
-0.05081957182987895
0.9341413923441018
0.5658079828628428
0.5523240503441442
0.15526879172836572
0.4428002245926135
0.1670465540952799
-0.6589758765066813
0.25805048229072725
0.23947161100217884
0.6823342499165286
-0.7044485833993364
0.3614537901013577
-0.9368589733158013
0.8964103415686027
-0.7802089573326063
-0.9621252649867749
-0.3726150331082896
-0.6971374837613091
0.3810005218370509
-0.1792451813545899
0.549944603614182
0.8410418997944213
0.7456354178246407
0.47167454253736274
-0.8754374279711361
-0.7238350284295796
-0.5853165900575106
-0.34990093114789045
0.3244535994286981
0.05095430280007074
-0.37249480252436573
-0.6536351522853445
0.8242483218480208
-0.3153459646363077
-0.29142602271037443
0.5439795682974815
0.4418491226545853
0.286618199998923
0.38662662005964177
0.22015316015750308
-0.6154716617265732
-0.5069617289452792
0.11617330161480832
-0.5502659240143666
0.945821255181138
-0.40477086944618423
-0.42199172519295014
-0.5854444102907195
0.4099765194803935
-0.36591850996310393
-0.30239365159738685
0.8674007495416012
0.5908107120046671
-0.4530849264891539
-0.7562517885345699
0.3532444915650914
-0.24061162925123503
0.9603210746427244
0.6367549202611247
0.9092177267829227
0.6092316679131407
-0.41909469601412885
-0.42473931677172017
0.4282825749967907
-0.307272971808767
-0.11524777627032923
-0.48711204905303584
-0.04184147396703364
-0.595863985598807
0.07715584741730552
0.8660478675666154
0.3923426012936453
-0.7254540903981541
0.23135406882898457
0.1736609971416303
-0.5150839231794264
0.33966792978620797
0.062082979465598376
0.2758891468172753
-0.8950177863210744
-0.17339726790348275
0.43471611250048725
-0.7989101904453042
0.5415321161965583
-0.9896371071857399
0.10070513155923333
0.8581993603399556
-0.18618509690623308
0.8700641971923031
0.7567992430284565
-0.04510295911820705
-0.6010880506647966
0.9278280777818715
-0.35766459576166665
0.2917958357805397
0.8158739174712448
-0.8210785589769674
0.14826670635074657
0.07030455378720935
0.4462353564848467
0.8733387595012521
0.826459451339705
-0.6498704490380738
0.7644899463296664
-0.6484225849222749
0.839269623701868
0.9943436061770199
-0.2060108514434007
-0.009232205356484391
0.8732174895555256
0.9242627601666848
0.852079395792886
0.7534863358358468
-0.9814656630398004
0.13592373732899077
-0.785398618452924
0.9659877767420129
-0.43087669529990746
0.9781989401774467
0.08660096711394982
-0.012175159316361706
0.8771210034817447
0.7021194771559933
-0.06395846198741983
-0.6143772034523804
-0.774706477959691
-0.6750114749205227
-0.08217105793527768
-0.4854702395409618
-0.6276018617438646
0.47323579098451396
0.5815353288505114
0.13556244484187863
0.5145655005151224
-0.6490101723230706
0.7122930085469155
0.7940855235679503
0.6539796505526192
0.030561317919591824
-0.8265244603032882
0.3385117068199084
-0.6304375979053201
-0.7187762487314031
-0.35279665982983444
-0.50390583266571
-0.4784294458691123
-0.5289574943969322
0.507513303562914
0.9080696453098251
-0.3961083206167706
0.44576505680199485
-0.977128531611664
0.3073667341403974
0.3855371808454777
-0.8757513363989278
-0.7635503043920548
-0.38638731599276044
-0.18916677406320548
0.00504094247677922
0.7902367396325083
0.40711407020451196
-0.3780441032306794
-0.7651685083104474
0.8322607717012707
-0.4099247996875064
0.229250896287698
-0.5617427981293122
-0.7328624356063917
-0.6936288706216416
0.49546967430171307
0.21147789617813872
-0.16830876913755066
0.09846901763672955
-0.058343846241377006
0.0750353753864017
0.32818887867932767
-0.5631767546853481
-0.5050691413828445
0.5094790994497307
0.7462701169754666
-0.8362593870534503
-0.10650404500703337
0.4075322503117451
-0.8437945557051196
0.12833744454694962
-0.8764839048866324
0.09529849742186292
0.01097411218519162
0.14540334845572933
-0.7002952372351714
-0.34376472451558704
0.040683082369574075
-0.7675199556306715
-0.5891970289212769
0.16629535688203512
-0.8181167110966243
0.020750708065669032
0.6173841663544744
-0.09313539964043605
0.026495686403283036
-0.08640304857624792
-0.8845264381349505
-0.07524338852215262
0.613830705108785
0.4465601596500046
-0.20810258009348503
0.632906451866261
0.4916089656636313
0.1566225301180708
-0.9094203945443424
-0.3109422668757309
-0.8724801757758336
0.9882473209538403
0.8691655977698929
-0.8619617076793724
0.8675511251698613
-0.9365302579538419
-0.18226612836150347
0.5379441251669654
0.5316553658474235
0.956666569848202
0.29176163619432693
-0.15927612223534426
0.9857131971617579
-0.2350407622972559
0.7392405706214169
0.8135346230491451
-0.24870893239602476
0.36546070820308274
0.32358507625093624
0.07860052783772042
0.30706819683740405
-0.3044602257216995
-0.6430527419917766
0.07451697279600245
0.057685079088018565
0.4557162818122562
-0.554619568067467
-0.9930534101101844
-0.9545293453560668
-0.40327402259403633
0.34699971555313414
0.08889067805004158
0.0638672169935175
0.6467208747515687
-0.5049759229924489
-0.3076805300247465
-0.4487005444097454
0.8748207222701336
0.4500478918178368
-0.7743107224670454
0.6189563670783889
-0.1615188030164958
0.5321069350278067
0.767513243690749
-0.9687084072729009
-0.5878367562995717
-0.7982065738149859
-0.9328474484914384
0.19556979346310532
0.40657253372985735
-0.9026473575125018
0.48108215695972323
-0.19546929837818738
-0.5313214430248767
-0.5654615796448932
0.7274604853401128
-0.8871119299510781
0.007791697881869064
-0.4214730972921623
0.6315725135266337
0.46303496623203655
-0.36219260726161595
0.19583534855452478
0.3450638028738273
-0.3586697692140337
-0.3964711297115935
-0.7134791316733426
0.3204248476214864
-0.5579145191079349
-0.3989980924851608
-0.8780847257864757
0.8970405100534427
0.7594277819277659
0.8231553312410889
0.25198627529665996
-0.145598835410913
-0.008758425013958071
0.9445804706873717
0.8831728196638235
0.3426850494914446
0.571609191961036
-0.36253108536737555
-0.1673507331571107
-0.7015647843496726
-0.24707962298573594
0.5088321944762506
-0.052962359175560136
0.698681864520081
-0.3985271624097044
0.4151535949759444
0.6115523198697739
0.829482347631811
0.12477189917381826
0.9355723770932534
0.11457351639854618
-0.7318144978818439
-0.5142829678208285
-0.5933265338798912
0.2934117030958894
0.8444522090224447
0.6942667718392237
-0.8150720069462727
0.4491694246144038
-0.6190367631385234
-0.4630768242900376
0.34734384126915696
0.20584408997815173
0.7472409169790792
-0.6236734121344893
0.5233928350744199
0.44861047970429824
0.11770095254505453
-0.04121158705817041
0.7389477030490759
-0.33407137836235745
0.9140395210533463
-0.9693325875430143
0.8743195264044954
0.924155112228918
-0.765367601113331
0.9991440140356234
-0.042158247315268405
-0.514813636308517
0.20880306815756233
-0.5909737140442126
0.8302529191871129
0.10415858509562903
0.5510277641275405
-0.2386765112541549
0.06730025483252611
-0.2814808888968485
-0.4768767452292948
0.025633080047547052
-0.005445413798033316
-0.8027835368690399
0.9626369136931534
-0.061019155954883164
0.6794623631273697
0.8286609977949781
-0.2585901571374831
-0.17213965884275084
0.12504945492870867
-0.5574518033675495
-0.7081545737949029
-0.47845178018046086
0.869516500592707
0.15828585207480095
-0.16484385288965275
-0.6951771796317134
-0.3402694280442802
-0.24032045051769169
0.6667254305739703
-0.0013970352613550396
0.3092159322420438
0.3696932246918123
-0.48534648473023445
0.6431838793847127
0.9330165345006873
0.2833889087974144
-0.018808834838435207
-0.663532708096918
0.5899510287072682
-0.6614685782796366
0.4406270615241874
-0.02336735749173524
0.8337987793887336
0.08427371070271028
0.28361892636473307
-0.8825358968385397
-0.9323524856706189
0.6933947663654447
0.8903762224017964
0.3364310867863056
0.5286776871440384
-0.1752155551688146
0.685089433650697
-0.537133215845109
0.4143391274069197
-0.9817170766186765
0.011465839386130217
-0.25359861462637623
0.235670471753606
0.3335094591066794
0.23303872216867583
-0.03359169275634977
-0.02429123199385752
-0.9867752860156822
0.10328712182251376
-0.9762980637442151
0.058835293683301204
-0.45051852560433603
0.9549586964650234
-0.9657148047951456
0.6263144418278197
0.34806590423842065
0.6123353978948578
0.8195467319975323
-0.7859671426110142
-0.8073722194971831
-0.702205028519499
-0.6161358860167736
0.05291197080043242
0.6304287814265652
-0.4653505266467284
-0.2062071550038571
-0.25389683307263566
-0.18794518025222806
0.13000436489593814
0.9804660632794546
-0.5482854947451556
0.368083250940771
0.6957342040630714
0.3074714391183062
0.7164383180423743
0.5191717003536895
-0.8129989891457812
-0.24147195552036815
0.10540287905939061
-0.8877701217420686
-0.9810996546917388
-0.6572328495579047
-0.00028321377441598017
-0.13218069605667537
0.5687526215802223
0.13171325590206995
0.7159206267273388
-0.8092763290585399
0.056318371283295976
-0.9148964847659098
-0.5771658882309056
0.7362337811632111
0.7751086140689871
-0.0489994247094534
-0.9068760585165134
-0.8513038801486978
0.8511696201618464
0.7986233017300173
0.12701972809596707
-0.9341964396930562
0.8575327225093186
-0.3710306135466981
0.9229383797520117
0.17407220816897673
0.5045089396937301
0.42542279989871945
-0.20340795920975596
-0.8461250171173083
-0.6750994985705883
-0.5190556113914264
0.669301120183504
-0.2216867852652824
0.7930515340054396
-0.3365403207563429
0.5112185290417846
-0.7200988115296054
0.9769559158282062
0.44832714018862974
0.0015857032754502676
0.9486466548719927
-0.8926071361052128
-0.12582349431300166
0.6773493152263499
-0.3188145070497881
0.5380113067308847
0.9097167938293316
-0.206593901382081
0.5471098322626449
-0.9407486821096698
-0.45334594274240536
0.9851717569015948
-0.018793087778413486
-0.2883776045883042
0.8822856899414508
-0.1363041075209106
0.35938971617631776
0.32134381502975096
-0.8286117647265285
0.23723178051977567
0.5961103476054932
0.4262170653567714
-0.8359239806537029
-0.6915580722689632
0.4233543095572334
0.2678017639261019
0.4793105779531892
-0.36664354263692767
-0.7868981645774777
-0.9896095552599398
-0.3834650897274039
-0.2801650053062068
-0.46046711352122704
-0.7349859910116012
-0.6252164329442456
-0.1023126459570971
0.10948000121773549
-0.183911649833725
-0.9474761919734056
-0.29217142530948226
-0.8138714790802517
0.19608759558854572
-0.3511393388551747
-0.22952416520803265
-0.416305297407358
-0.22440088124321256
-0.830600966142955
0.8022720897128661
0.8104151486267177
0.9563461280277745
0.143920861499079
-0.660834153215349
-0.23853595302251374
-0.7223198820811665
-0.39773746924986253
-0.01375211557843059
-0.8734656994460912
-0.13064746147451012
-0.15779532045495137
-0.03153737213214303
-0.8461572772096857
-0.49660052442219427
-0.5068198633059942
0.25006737553778935
0.18761279607815728
-0.6089035502394791
-0.786055264838196
-0.3906840084974861
0.8976469247891303
-0.3355655693767461
0.24038437574937865
0.6081529239147649
-0.3409165674414796
-0.330527552506086
0.6309509400060063
0.7190169342016703
0.9484507530092137
-0.7277510568434704
-0.3586696892498247
0.8945578440322324
-0.5982970225958566
-0.37163343760911727
0.9291492461895878
0.937450443493391
-0.41710369683989357
0.3899155353442201
-0.01798537421579538
0.1517585632499212
-0.5151514064388538
-0.24788939535170584
0.6329890308658261
-0.21412974052108025
-0.7722243527760038
0.12770101725757188
0.18445406850077095
0.09125817090164423
0.36342526626017535
0.10019831399494561
0.906009222972592
-0.07675555433370307
0.41673410251212695
-0.12309009138218285
-0.41733758402940935
0.3856705586486855
0.637931136008917
0.5913136719919088
-0.18171681951019703
-0.0013935694220794659
0.26667207930732717
-0.5159576646584023
0.3173259370646362
0.43047278259885235