-0.8297562
0.0713359788
-0.122874625
1.69419622
-0.242974266
-0.0326677263
0.778460026
1.28667116
1.20667875
0.0317325369
-0.304436356
0.256656021
-0.85777384
-0.301865786
1.52647901
1.01439536
1.08178306
0.115164734
-3.18562675
1.15400803
1.25385237
0.851337552
0.902872741
-2.05952692
0.782462895
1.80669415
0.267257452
-1.33027089
-0.581326485
-0.0800739378
0.960648179
-0.550437093
0.516704679
-0.914004266
0.890650272
0.887365282
-3.20799947
0.884895861
1.32389104
0.328334451
-0.223903254
-0.656894505
0.348283052
1.8584578
-0.309288651
0.419435889
0.0246227477
1.1055361
1.99523222
0.655966282
-1.27382386
1.78690088
2.00073171
0.370354086
0.686439157
-2.47956395
-0.296961933
0.540584624
1.22417808
-1.83608174
-1.8795861
0.353059053
0.831544936
0.224297255
1.94385278
-0.351429611
1.18857372
0.884510815
-1.29842925
0.0448173098
0.736478627
-0.200422704
-0.14528048
-0.371450067
-0.541106761
0.957443655
0.391728193
-0.549727857
1.04269886
1.81399465
-0.520616353
0.849330127
-0.537274837
0.970147133
0.0452516526
-0.195911422
1.0374074
-0.382487178
-2.63593769
0.716085076
-0.808125377
-1.05234802
-1.2714839
0.530957162
-1.03458881
-1.85078096
-0.548593104
-0.200436249
-1.46090949
0.618718445
-0.287732333
2.37623715
-0.380834043
-1.44740105
0.142828479
4.69199419
2.16604805
-0.278115749
-1.11291134
2.8297739
-3.49836111
-1.18032801
0.890807033
1.41228831
-0.750596762
-0.446970224
0.133930266
-0.663330495
0.489199787
1.27875018
-0.791826725
1.10457253
-1.00733066
0.783403397
0.896497488
-0.598354101
-0.630667746
1.31939054
-3.46978188
0.410805285
-1.26420963
-1.43337059
0.532114625
-2.6444757
-0.572280645
3.31137896
1.42531121
-1.68476105
1.46972847
-0.528913498
-0.192563727
2.82414198
-3.45620489
2.16172934
-0.627560258
1.36812842
-1.0482173
-0.682309866
-1.17334652
-0.784862816
1.13931644
1.56904042
-1.72102225
1.42973065
-2.1765759
0.226728335
0.644472778
0.133775026
-1.98299587
0.197052464
-1.8122052
-0.600038409
-0.0948278159
1.43134069
-0.581026018
0.737164319
0.0231156498
0.437483788
1.02338076
1.5364095
-0.0505148545
0.546927154
-1.52062595
0.714297652
0.091814056
0.285865963
2.85630631
1.33666313
1.17539346
2.21935081
2.58003306
-0.587765753
0.51624763
-2.2821939
-2.06568122
-0.827360451
2.01080084
-2.11008644
-3.21833229
0.683105409
0.35229519
0.534792602
0.174181372
1.1685847
-0.914052069
-0.780371249
2.58847976
0.18298234
1.15808308
1.44956994
-0.418457776
1.01392257
1.03428495
-0.103719272
1.60148597
-0.635162055
-0.488858879
0.920532882
-5.01245642
0.281652361
0.638368487
-3.67719173
1.50976181
2.15252733
1.46583521
-0.595847547
1.02934015
0.782562494
-0.16309303
2.14998031
1.30052638
1.01015484
1.25225818
-1.11915994
0.157356784
1.3779397
-0.922948003
-1.28435802
3.1943965
-0.299544722
1.232265
1.966838
-0.570003033
0.493357211
1.03131533
-0.0886698812
2.12185979
-0.847271085
-0.474092275
1.36581826
-4.33297253
0.803078473
2.48065972
-2.52386618
1.82522476
2.03501272
0.658862591
-0.683667243
0.600025952
0.290539235
0.362942696
2.03913808
1.24465561
0.560081601
0.741521895
-0.415864766