-0.574624956
-1.52366984
-0.919540524
0.31294024
1.23467076
1.11193943
0.523413301
-1.5106287
0.511333525
-0.533325672
-0.339368522
0.985176742
-0.638975441
-1.5866785
0.933977127
-0.311359525
-0.232341319
1.05639136
-0.112556875
-1.75614524
-0.174289584
0.502726078
-0.774802566
-0.479381382
1.3496505
-0.919616282
-0.546032429
-1.2785995
0.672052443
1.01812506
1.30646396
-0.355939478
-0.0803922713
0.499592006
-1.23583984
0.646319747
0.933036089
-0.239049971
1.20587564
0.258065134
0.264517546
-1.88901186
-1.39371574
0.344988674
-0.032558918
-0.443237662
-0.128807068
-0.279033661
-0.432443529
-1.01544464
-0.643121362
0.216977
0.126200259
1.5947144
1.09392011
-0.361584902
-1.15866327
-0.33615914
-0.112962544
0.527180314
0.791801453
0.521322548
-0.576993883
1.22899055
1.4149152
1.50441194
0.0796396136
-0.172967136
-1.31952119
0.0086106956
-0.913663387
1.74745119
1.35720551
0.357483834
0.932375968
-0.675124764
1.40384412
-0.86610508
0.274093896
0.21044153
-0.432396293
0.158656448
0.0897784457
0.406027496
0.389491975
-1.10616755
0.0424041152
-0.594687879
-1.16165721
-0.177061379
0.15307647
-0.186857939
0.867122173
-0.356323302
0.0893547535
-0.164329946
1.87071705
-0.711087823
1.88295794
0.0786950588
-0.0519693494
-0.0276236236
-0.419774175
-0.0569318235
-0.00925952196
-0.090721786
-0.564477921
-0.107623383
-0.322161734
1.06080794
0.261150897
-0.0556513369
-0.995445192
0.208454072
0.902159691
1.17989707
0.0807897449
0.619156003
-0.053616643
-1.55437386
0.853496969
-0.260841876
0.185084224
0.756737888
-0.55934763
-0.75104332
-1.3424772
0.674983025
0.562244534
0.254641443
-1.13039613
-1.043257
1.63674653
1.2485348
-0.0230820179
0.203010768
-1.25967526
0.617078781
-0.467519283
-1.16938961
-0.18965894
0.259576738
-0.160475492
0.674842477
-0.269404531
-1.14900088
0.0249645524
1.26222384
-0.00564831495
-1.03718472
0.159889758
0.330660135
0.142081887
-0.2944718
-0.121144712
-0.0483289957
0.0217624605
-0.374101222
-1.14151073
-1.51071453
-1.36832881
0.212478608
0.157359004
-0.0435035229
0.548152864
-0.598754525
-1.13512027
0.730664074
-0.582772076
-1.24740744
1.18314457
-0.846824169
0.447270989
1.10933113
-0.171831429
-0.768887758
-1.45436502
0.778034449
-0.116927259
-0.965513945
-0.0434517264
1.04340172
0.881254077
-0.200331032
0.140398026
0.654390097
0.914249718
0.397391856
0.163269699
0.122531742
0.282311201
-0.433353394
0.160751224
0.942275107
0.680677652
1.2100091
0.0499994978
-1.38044024
0.493044436
0.947378039
1.46961987
0.895333588
0.950888336
-1.1181829
-0.873751044
-1.00104904
-0.654489219
-1.24330997
-0.161749318
0.247365832
-1.0070709
0.956040859
0.322855026
-1.02552724
0.72983402
1.07606769
-0.0569148883
-0.149514705
-0.850119293
0.403092593
1.10557759
0.549406588
0.797854483
1.02714026
-1.12490737
-0.81985265
-0.290781617
1.21239007
0.0217613578
1.82841849
-1.0017345
-0.133318752
0.282334834
0.556930304
-1.0885148
-1.32138348
0.652246594
-1.44951963
-0.138702601
0.597046793
-0.352916837
-0.50256598
-0.0196542703
0.124668121
-0.346967697
-0.513683498
-0.73458755
-0.0796443373
-0.602415442
-0.114506543
-1.09624672
0.427125871
-1.75434446
-0.325221241
0.420229495
0.645884514