-0.853478557800734
-0.5736913754659192
-0.4695991704991973
0.8665187559874181
0.7617283473728791
0.7585404849690855
-0.2609458225222321
-0.6845063352855361
0.667489909279614
0.4070798501747419
0.22335553145190024
0.9744661272630086
0.3079526354214652
-0.9843537856956841
0.6342082702309233
-0.4012424956000442
0.32677742993215464
0.8778600078542078
-0.7314177712132646
-0.7691426591617956
-0.7859280445811647
0.10644728176963181
-0.45530357537036736
0.20965965406044784
0.43522437427759586
-0.5928053753450941
0.26847591777015944
-0.4720321967391812
-0.02293629570124689
0.8106729821586465
0.6922074265897109
-0.8154030645745332
-0.15284845487254728
-0.44663955205549666
-0.9929086218244354
0.5422384460392542
0.27422675460275925
-0.4760894751313036
0.48246181669586163
0.10336084225278253
-0.14462616203864131
-0.9806606007833201
-0.8495122798524659
0.7662127866002859
0.8078571431197863
0.09118057841104465
0.6691900397720334
0.16501913297958803
-0.7038124288650347
-0.7451089614357225
-0.38348330013973264
0.79796297748518
0.5922446097760834
0.7214051640018055
0.7978492730529492
-0.5798469233204919
-0.5009405215541511
-0.7944127566564287
0.5602324837428854
0.7682694029020178
-0.1872452203357664
0.2413230203014256
-0.6908933233355907
0.8597620313873489
0.7292113924399279
0.9524120658619257
0.6215434398807937
0.7628324093266488
-0.9504272762036226
0.4731289435101642
-0.33562906410714266
0.8616317720966511
0.6044702778742779
0.7281280567505588
0.621498633148778
-0.46638858081105594
0.5747490182709423
-0.7838087471940858
0.7443335658121795
0.7171865026755633
-0.5551325649086711
0.6331732111938579
-0.07939353064211585
-0.38961826532279886
0.5906909983057236
-0.5448090251844593
-0.952671130597097
-0.6137404233445827
-0.34347609760458697
0.7287058840605727
0.9337782080967223
-0.4417500145562572
0.2829634772152554
-0.20064323127987826
0.9622993743965202
0.07243146495744379
0.8784742806494314
-0.7693164962971448
0.9408012220444559
-0.6428643676550727
0.9250686315231109
-0.46906727495406275
-0.7831949055705778
-0.1308724828707113
0.4570901213054086
-0.37264537161001754
0.21241770661228654
0.022846119338956195
-0.22960913331054567
0.15317608699319907
-0.4905549877228361
0.4175705676683412
-0.9966174435627411
0.8511503309981654
0.0769039941855838
0.438859998289691
0.48390015567895306
0.34125700886599897
-0.27155705643747163
-0.8600523777473796
0.32847536982254466
-0.3395999279148072
-0.37216870988328066
0.696030559012671
0.43950852602790036
-0.39935546357747165
-0.3814306755826935
-0.1832141827615663
-0.19519922588455074
-0.40868959494810597
-0.7454244018816936
-0.1591073324541834
0.880727341460366
0.35463589054546585
0.8056110914651653
0.23102983190276105
-0.39810025086886935
0.09587442627139642
-0.999188120605425
-0.4261725662621456
-0.1402237000203308
0.15996956239136395
0.30941124740614323
-0.07002361950597158
-0.11568040139038516
-0.5725971980217994
-0.053627628181347475
0.8023616516565084
0.5920495202535605
-0.6606172076038905
-0.8304089265497565
0.030904019830432894
0.26588171153159146
-0.3296234891803982
0.6368469290733285
0.5022762750814644
0.3455913411143341
-0.5507186680054235
-0.6017401345468467
-0.9511492245463473
-0.5103149118432997
-0.04972731156238974
0.6994753892494638
-0.8543435416308618
-0.1711179780045613
0.2595307614754274
-0.6111295265205814
0.39270850098100984
-0.011245661979126131
-0.5120311208431223
0.31211602222356816
-0.9889103637239365
0.5019289532369458
0.5400923771480501
-0.7868254068729221
-0.14970761211453176
-0.6482266365869367
0.9159320845590795
0.03591550088748163
-0.8995632297187182
-0.5016034406800567
0.6966726947033195
-0.08707634905965489
0.602833203444529
0.3351554651727062
0.975784906132896
0.1909046369388394
0.9000792168863119
0.782851851620874
0.2253046455235257
0.4385479225519342
0.00955632964880393
0.6611383394428301
0.09574390122165677
0.7944162064665243
0.4873108843191698
-0.05065112635389335
-0.4816169030699613
-0.5055205249806809
0.27532287355231255
0.5316273685943309
0.0425996256559642
0.2534968739635626
-0.4508051061649234
-0.8450332922705284
-0.428543698273695
-0.4565697858356308
-0.3605808631624754
0.08030444503691281
-0.7232518769676886
-0.5374770405436264
0.38789962459810456
0.41283828338910444
-0.8715422985722439
-0.18480126066682656
0.08522228100783069
-0.1684515317936881
-0.5863312209711795
-0.15971296445314875
0.8096769566803539
0.1681588284084503
0.39104597299593613
0.7134640646078685
0.5311891522361389
-0.23923794214457672
-0.9882078328320139
-0.2964823946563506
0.5069502501187717
0.7068959011382092
0.9068606769402126
-0.1619574347403563
0.49503133795610155
0.09226461946767817
0.20650517788248268
-0.5589226113523622
-0.5611567307571277
-0.1283280479067268
-0.9419503601065695
-0.3277409126032351
0.3582837700566994
-0.19136666172472583
-0.6699105375929824
-0.0652197015353797
-0.7447444054376786
0.24451392194812938
-0.9460670961897246
-0.21195948732059056
0.12878396604954823
-0.9457959073193751
0.2854992960186715
-0.7286010255388715
-0.07660311189697655
-0.8994307330227449
-0.24179227162372086
-0.5766794315770369
-0.3463083902373829