0.5224594157880542
-0.24174756887172744
0.5040196471095697
0.6638485703105452
-0.4954569364352388
-0.8361875344767149
-0.9612334258999786
0.0788380958450674
0.9998156570184185
-0.30007931255963216
0.30028818649975
0.5624660992217898
0.30350931048777885
0.5084664081190524
0.8992234654319777
-0.6012786352749342
-0.9592399653593353
-0.6952353084304193
-0.7475580502515875
0.33891768923982135
0.12793916386003823
-0.5640709181869927
0.3989299424923016
0.5337961967124816
-0.6644217132643955
0.21449498778186338
0.49585130391057164
-0.7709342572422047
0.6386023486221701
0.9294415460681753
-0.7838025006847869
-0.948643149005068
-0.3760855112106096
0.3546945737008176
0.9163456764117919
-0.20669111696674536
0.4300294100989368
-0.8480070443138801
0.3812288318659607
0.2544847912020889
-0.7961973891080469
0.544961769902448
0.7005864781775926
0.20082322963368826
-0.7578898698653698
0.9676887030293426
0.5652706927220392
-0.30559246938310203
-0.1432439735305111
-0.25885824756388764
0.011921579354155831
-0.31753765027743364
0.6991512539991547
0.6446618361801162
-0.7889222587120028
0.9215751344291572
0.27117021220289184
0.6574146220049164
0.41461728741215387
-0.1290257099846459
0.46759060802678376
0.9309474624761553
-0.45983520722519833
0.6163984376135119
0.07634581289651154
-0.033004992233607755
-0.12885101399221144
0.46205242861024454
-0.46320892390154933
0.7034263200386637
0.6614620377812068
-0.8266742038886512
0.7632623680055439
-0.512273121618088
-0.07058306679353654
0.22066340846104127
-0.24202139174347193
-0.9426000044598208
0.7019056726249182
-0.6363202856846164
-0.575760299640522
0.595664713656193
-0.3193223136714327
0.7606399595164508
0.4023675006644032
-0.4474628484876302
-0.9796977711226458
0.8961251555540624
-0.8287740760839575
0.4401493282083886
-0.022844306302425288
0.5163293069649328
0.38121867889304606
0.29180579948190455
-0.018357329842827674
0.5858657362646349
-0.8138932988906566
-0.5568071990549397
0.3835743105904037
-0.3875879397398232
0.16311117066473435
-0.05347902248095049
0.0618438622915356
-0.1489923745895705
0.49187087342721925
-0.3384174056081397
0.4057098843715379
-0.45816714604760733
-0.497192647598117
-0.7586882304953884
-0.6148314130969652
-0.7608905174898943
0.07172793076749961
0.5243792189682059
-0.6297003151246761
-0.5672307202427886
-0.031602825574582605
0.44917000218610315
0.9532140457661136
0.0492737382172157
-0.43400259345008996
-0.7989477838184185
-0.6117648438178531
-0.5450336730348906
-0.6411169126291933
-0.9717032654878723
0.06827017853532658
-0.4513773464334654
0.9485898622054758
0.1067179335972166
0.3948347858203889
-0.7474410140831822
0.736922394525888
-0.018242610952442284
0.7454394699970692
0.1481284392526645
-0.061206110138979586
-0.1190624037279795
-0.6312726592198366
-0.8972465656328443
0.8821271935362065
-0.04454162546862461
0.6442312905988608
-0.19858511549612046
-0.8518356594887204
0.2588914139039966
-0.8927818514149337
-0.7016048310526897
0.12567919416912843
-0.39232897631554464
0.9878362454204404
-0.7630968755770768
0.5288868906523885
0.21263530248592555
0.5814816596868388
-0.5486257258699307
0.04514507026043568
-0.09897107022249152
-0.11455799196134331
0.7203333316523601
0.9800625209335958
-0.3892395113612792
0.24205464214429706
0.21926182449026066
0.48017861096909
0.895180400650756
-0.5844241883528973
-0.577949609389214
0.32085627438407327
-0.6858858132382457
-0.652372903347131
-0.8498702621976642
-0.9946485547942285
-0.09899259076459521
0.18762239023912652
-0.4174814219379448
-0.5370475308879483
0.41391165975806654
0.4059751161874343
-0.09193734718591351
0.3747698401424855
0.8478220889650974
0.5756560532934627
0.25011601432844377
0.32236608570673564
0.8673369168910265
-0.1497220677915767
0.08912475742115733
0.2952694468049615
0.8168228904252122
0.6532623193001192
-0.8571803262883717
-0.6681544215585506
-0.3847763747715349
0.4979154441392466
0.13841409863818477
-0.4227788233883165
-0.7512926836505835
0.37735598242418744
0.3994673699514346
0.8853524814880815
0.0009443542358511525
-0.012409561309831396
-0.839116296201398
-0.9202784316327739
-0.13594267167845486
-0.35535683328340006
-0.4992641951759922
-0.8173462267380296
0.9238222043856734
0.6719172278123626
0.1503982184398609
0.9015725556127048
0.9991448337549027
0.3445631686064785
-0.4609779480658922
-0.9195366537107676
0.5125376608251142
-0.05899835349673288
0.3030189788673727
0.832145575853535
-0.6370217055537482
0.17065925055570874
0.26956943890817375
-0.016548395617973277
-0.8175151874123456
-0.3040778874106991
-0.33338321266981596
0.3402670190423709
0.7154661888007052
-0.3403926728420692
0.387347347966865
-0.4235644092770885
0.8903870791264212
0.6271320694759452
0.10019321794356584
-0.09034818279654111
-0.37096568565966415
-0.35345242744801064
0.9403694536171543
-0.19164988599850874
0.029192504658210217
0.9762384295635083
0.31532077296625793
0.08518718871439002
-0.173504858401357
-0.6248349172109458
-0.2764412816966495
0.5128863081111474
0.25081748429001793
0.5199810721220339
-0.5928835232994523
0.09843927817066334
0.8553455216888954
-0.1237678098552435
0.39650005824434453