2.23082877532614
-7.599827916437329
-3.599530906094092
-4.428628189618836
3.7835394266241984
2.827191798766581
6.274873083277527
-6.608978677929342
-1.2492508850356732
-7.5232444889908745
-4.501792403142346
0.0856846096537982
-7.575424485058182
-4.818597589013624
2.3981510044723713
0.7190636896514668
-4.472950047348853
1.4282509420145395
4.950887306845226
-7.896019845151024
4.893108029324926
3.1702303198116297
-2.55599173571213
-5.512328003011495
7.315409155308499
-2.6144872781979718
-6.5160665059176335
-6.452537970664576
5.5599098615593565
1.659616501870257
4.914052372390083
3.675708587101086
0.5796494632752118
7.56985222366993
-1.9434499646663443
0.832650100371632
5.270474628047918
1.896316037827937
5.787310404972436
1.2376343241081926
3.2731493794387756
-7.2668098615094046
-4.35362758957525
-3.3697925823662853
-6.72332836922196
-4.275345818223517
-6.383977129444334
-3.552422350238526
2.170951108230403
-2.162685136478652
-2.0771045261298777
-4.647887507656197
-3.7283548472141863
6.986473403399904
2.3685661639454967
1.746096090671811
-5.261781628830448
3.666028767205587
-5.385560099809146
-1.9287129318776355
7.832373610185524
2.2399961576654857
0.9111959003943397
2.9538280158379937
5.485630723036953
4.415998584739917
-4.33523084857433
-7.486396097535396
-2.9527512310546893
-3.7161459843887563
-4.624274502618777
7.086555429360871
6.021882023562702
-2.9651539072243533
2.4870186447180807
-1.6698895830293718
6.632761435848696
-0.6583703586016192
-3.7619173360311606
-4.053959876896265
0.9818901466104126
-3.7961342636330357
1.3533758435766483
6.365166137639632
-1.6095919177536437
-4.490867853483467
7.960601703921764
0.15242069882343223
-6.545449405219298
-7.246137993204247
-6.245613914389454
2.0391366672494406
4.673269829807426
-1.2454405312050554
-6.983556701568686
-1.8940914158954119
7.937942083841548
0.4658295215861923
7.53725404181789
5.772475235751969
-7.816303648914886
3.531549109763114
2.9073659044251965
0.5915252865407226
-3.7307969607593154
2.255388777276929
-6.215165222465977
-1.0437559892943202
-0.7404206987326969
7.261054840337282
6.013647046051105
-3.785775187982548
0.009377808804773125
-5.141569911517898
6.602045429517128
5.92829711738827
-3.2248833368218737
2.2231919178560826
1.743523383010757
-5.554571703205843
4.20017280120242
0.6300644819140118
4.458023658088932
0.48565875512283974
-7.990849661952904
-2.8135030879252305
-7.688372121826683
6.8655778602338735
6.059550045170948
5.306648469778871
-3.079773993557417
-7.073197336092999
6.048153587264649
7.151191124767905
-6.62954476691394
-0.2241525869341796
-6.892599704505862
4.169634644115705
4.253350868911804
-5.945736568003795
-0.3954819504202991
0.7968574959191024
-3.7590939369590544
5.958928657364119
-1.2297929567858095
-4.611228712926687
0.6287374204713334
3.678897105439619
-4.7815829857648655
-3.0125393391856807
7.9223897065743145
2.398048922231256
-0.9903986573679351
0.28121345656944996
-6.0639328661077485
-4.404842607495082
-2.5906310056407147
1.412939495315733
-4.318164278454768
-4.476521848775048
-6.864110623855479
2.0976473163215825
-4.33693145902153
6.486720208098047
5.754166404059944
-6.866282401781545
-4.1919258500960765
2.7036444527404893
-4.572211082072982
-5.8830104203996
6.968227849290736
1.1366894932045515
-0.43726357901129376
4.553910788652054
4.9199519642662946
-4.953441370209957
-6.449106972338827
-1.1031810814979597
-1.2227420316812676
-0.5276053114132004
3.6652135913576096
2.7738327566928245
7.746643381855458
-6.425314061568658
-1.5580594863636996
-2.5711583136805896
5.786760581644657
-4.02149865727543
-4.956657464947016
-0.8221832346698896
-1.249893762649533
-3.5432776853289525
-4.003096833886392
6.772249588416205
-0.9099080791446887
5.781585676189289
0.8052049991975689
-7.1905867276019
7.988519494603626
5.37644136127923
7.50394011655602
6.821871728130041
5.579131750628887
-5.339022230337376
-0.2297419927885045
-4.580043212813093
-1.5833553192087582
-7.061833600445137
-1.9364300963693424
7.764941500475615
-3.756751069245569
4.54512963117711
-0.7198661225737073
-1.2318802241573934
7.317082253754771
7.9267630318834215
0.8922931744898914
3.494532404741216
-5.523250795614974
-3.2526747920869727
7.499349839506541
1.2668846530600995
0.6751232219883878
3.9676089660650256
-7.085355633480271
1.3468415113435395
0.04560612671221698
5.643518272772566
-5.481076352968268
7.372462452391206
-6.71821655615061
-5.026800624308429
1.5205617032004426
2.8034008576654426
-4.236737679985101
-6.081814176846013
6.244597026071
-4.060554435382002
1.5123064565350592
1.9101041653136495
-1.2924013546260404
1.3387566286595955
0.364523448511342
6.955300123782836
-4.731852809223417
3.459068812630637
-4.181024758146464
-1.667426451339928
2.7470435673595404
-3.2000467232198044
-2.9411648596503355
4.029831878630434
-6.839310168109483
-0.667431638102622
7.975271053671078
7.937543165681511
-6.827828462405872
-4.589531003727354
-3.7567933639935784
6.932150047899345
6.093826778983033
6.068323879752684
-2.0875665801778567
-5.4760506822842885
5.339919274236912
3.2566388013979353
1.7868442516152019
7.795729018104069
2.463621083371722
-7.874830285565473
5.073666161847386
-3.2099399648003537
2.614219439457237
7.0228800628336625
-5.8513421697061165
-6.153141273294365
-6.287424356649318
0.8515782541570545
-3.642428602962939
1.6772772324835827
3.481794994220767
-4.742443002760753
2.1478073421612756
-3.7762575739134494
-0.18349036560997511
6.485383857269172
5.537659412717687
-6.523224516596265
-1.2227876389803782
-3.5731164164439733
-7.943268974595483
4.337907568314034
2.193814036822074
-3.808715801050429
3.859694533566893
0.8268867380222602
-1.1570092963091305
-7.8452848062665606
-6.796098238819727
6.129702292802287
6.46285714495829
0.7294446272883572
5.353520318176267
1.3201530638367043
-5.630499430920278
-5.96087169148578
-3.067866401117861
6.38370381988144
4.737956878208667
5.771241312014444
6.382794184423593
-4.638775386563935
-4.007524172433209
-6.35530205325143
4.481859869943083
6.146155223216143
-1.4979617626861312
1.9305841624114048
-5.527146586684726
6.878096251098791
5.8336911395194235
7.619296526895406
4.97234751904635
6.10265927461319
-7.60341820962898
3.7850315480813137
-2.6850325128571413
6.893054176773209
4.835762222994223
5.82502445400447
4.971989065190224
-3.7311086464884475
4.597992146167538
-6.270469977552686
5.954668526497436
5.737492021404506
-4.441060519269369
5.0653856895508635
-0.6351482451369268
-3.116946122582391
4.725527986445789
-4.358472201475674
-7.621369044776776
-4.909923386756661
-2.7478087808366958
5.8296470724845815
7.470225664773778
-3.5340001164500574
2.263707817722043
-1.6051458502390261
7.698394995172162
0.5794517196595503
7.027794245195452
-6.154531970377159
7.5264097763556475
-5.142914941240582
7.400549052184887
-3.752538199632502
-6.265559244564622
-1.0469798629656903
3.656720970443269
-2.9811629728801403
1.6993416528982923
0.18276895471164956
-1.8368730664843653
1.2254086959455925
-3.924439901782689
3.3405645413467298
-7.9729395485019285
6.809202647985323
0.6152319534846704
3.510879986317528
3.8712012454316245
2.7300560709279917
-2.172456451499773
-6.880419021979037
2.6278029585803573
-2.7167994233184576
-2.9773496790662453
5.568244472101368
3.516068208223203
-3.194843708619773
-3.051445404661548
-1.4657134620925305
-1.561593807076406
-3.2695167595848478
-5.9633952150535485
-1.2728586596334672
7.045818731682928
2.837087124363727
6.444888731721322
1.8482386552220884
-3.184802006950955
0.7669954101711713
-7.9935049648434
-3.409380530097165
-1.1217896001626464
1.2797564991309116
2.475289979249146
-0.5601889560477726
-0.9254432111230813
-4.580777584174395
-0.4290210254507798
6.418893213252067
4.736396162028484
-5.284937660831124
-6.643271412398052
0.24723215864346315
2.1270536922527317
-2.6369879134431855
5.094775432586628
4.0182102006517155
2.7647307289146728
-4.405749344043388
-4.813921076374774
-7.6091937963707785
-4.0825192947463975
-0.39781849249911794
5.595803113995711
-6.834748333046894
-1.3689438240364904
2.0762460918034193
-4.889036212164651
3.1416680078480788
-0.08996529583300905
-4.096248966744978
2.4969281777885453
-7.911282909791492
4.015431625895566
4.320739017184401
-6.294603254983377
-1.197660896916254
-5.1858130926954935
7.327456676472636
0.28732400709985306
-7.196505837749745
-4.0128275254404535
5.573381557626556
-0.6966107924772391
4.822665627556232
2.68124372138165
7.806279249063168
1.5272370955107153
7.200633735090495
6.262814812966992
1.8024371641882055
3.5083833804154736
0.07645063719043144
5.289106715542641
0.7659512097732541
6.355329651732195
3.8984870745533584
-0.4052090108311468
-3.8529352245596904
-4.044164199845447
2.2025829884185004
4.253018948754647
0.3407970052477136
2.0279749917085006
-3.6064408493193874
-6.760266338164227
-3.42834958618956
-3.6525582866850463
-2.884646905299803
0.6424355602953025
-5.7860150157415084
-4.2998163243490115
3.1031969967848365
3.3027062671128355
-6.972338388577951
-1.4784100853346125
0.6817782480626455
-1.3476122543495048
-4.690649767769436
-1.27770371562519
6.477415653442831
1.3452706272676025
3.128367783967489
5.707712516862948
4.2495132178891115
-1.9139035371566138
-7.905662662656111
-2.371859157250805
4.055602000950174
5.655167209105674
7.2548854155217
-1.2956594779228503
3.9602507036488124
0.7381169557414253
1.6520414230598615
-4.471380890818898
-4.4892538460570215
-1.0266243832538144
-7.535602880852556
-2.621927300825881
2.8662701604535954
-1.5309332937978066
-5.359284300743859
-0.5217576122830376
-5.957955243501429
1.956111375585035
-7.568536769517797
-1.6956758985647244
1.0302717283963858
-7.566367258555001
2.283994368149372
-5.828808204310972
-0.6128248951758124
-7.195445864181959
-1.9343381729897668
-4.6134354526162955
-2.7704671218990633