2.20246053
-0
-0.000413328205
-7.65503682e-06
3.78334999
2.82101488
6.27487326
-0
-0.13237752
-0
-5.09822712e-06
0.0457676835
-0
-7.18027025e-07
2.37878871
0.549267828
-5.99869327e-06
1.31860268
4.95088673
-0
4.89310741
3.16815853
-0.0130758835
-0
7.31540918
-0.0112143178
-0
-0
5.55990982
1.57897639
4.91405201
3.67540717
0.416694969
7.56985235
-0.0504433848
0.663926482
5.27047443
1.84141004
5.7873106
1.10384023
3.27170491
-0
-1.1677339e-05
-0.00101452006
-0
-1.77107177e-05
-0
-0.000500343682
2.13870072
-0.0328152329
-0.0390841477
-2.0777677e-06
-0.000240672132
6.98647356
2.34779882
1.67545509
-1.56813314e-07
3.66571498
-1.60502196e-07
-0.0518133901
7.83237362
2.21219063
0.74606055
2.94962096
5.48563051
4.41598988
-1.27907952e-05
-0
-0.00422139233
-0.000253617007
-2.4806543e-06
7.08655548
6.02188206
-0.00406079646
2.47143531
-0.0794207081
6.63276148
-0.168028414
-0.000208083351
-5.41262052e-05
0.821620107
-0.000179090508
1.23408878
6.36516619
-0.0866850615
-5.48737034e-06
7.96060181
0.0854426697
-0
-0
-0
1.99702132
4.67326784
-0.13284345
-0
-0.0551224649
7.93794203
0.316439241
7.53725386
5.77247524
-0
3.53100538
2.90250945
0.427591622
-0.000238161301
2.22850895
-0
-0.154955983
-0.170009315
7.26105499
6.01364708
-0.000187514976
0.00472398847
-1.53230729e-07
6.60204554
5.92829704
-0.00171400816
2.19434881
1.67259407
-0
4.20014668
0.463483006
4.45801735
0.333338499
-0
-0.00643045781
-0
6.8655777
6.05954981
5.30664825
-0.00280860299
-0
6.0481534
7.15119123
-0
-0.0921990797
-0
4.1696043
4.25333118
-0
-0.136940315
0.627229571
-0.000210727929
5.95892859
-0.134743646
-2.6110813e-06
0.462233961
3.67859983
-8.55013639e-07
-0.00349462288
7.92238951
2.37868214
-0.159593269
0.171742618
-0
-8.79539402e-06
-0.0119455941
1.30131626
-1.40273542e-05
-5.87007298e-06
-0
2.0601387
-1.26665609e-05
6.48672009
5.7541666
-0
-2.71096214e-05
2.69484639
-3.40656288e-06
-0
6.96822786
0.991184652
-0.144727305
4.55390692
4.91995144
-4.42872135e-07
-0
-0.149088338
-0.135592639
-0.157715097
3.66489887
2.76661825
7.74664354
-0
-0.0930757001
-0.0125708058
5.78676081
-6.32808005e-05
-4.43159706e-07
-0.169038475
-0.132298812
-0.000519013731
-6.91949244e-05
6.7722497
-0.165210485
5.78158569
0.635743916
-0
7.98851967
5.37644148
7.50394011
6.82187176
5.5791316
-1.5911526e-07
-0.0939989313
-3.13940632e-06
-0.0899201035
-0
-0.0510930717
7.76494169
-0.000212835788
4.54512596
-0.169807628
-0.134491429
7.31708241
7.92676306
0.726106644
3.49390292
-0
-0.00155380741
7.49935007
1.13667822
0.506429195
3.96752715
-0
1.22671807
0.0236325413
5.64351845
-0
7.37246227
-0
-2.99620666e-07
1.42275238
2.79677773
-2.15912514e-05
-0
6.24459696
-5.2399042e-05
1.41344726
1.85652792
-0.127025887
1.21760035
0.234115869
6.95530033
-1.26918189e-06
3.45834589
-2.86589748e-05
-0.0797123313
2.73925543
-0.00186922902
-0.00437627872
4.02977085
-0
-0.168405712
7.97527122
7.93754339
-0
-3.00913098e-06
-0.000212838175
6.93214989
6.09382677
6.06832409
-0.0382761247
-0
5.33991909
3.25510693
1.72068894
7.79572916
2.44710493
-0
5.0736661
-0.00180593866
2.60299706
7.02288008
-0
-0
-0
0.683525681
-0.000346283545
1.5987283
3.48113346
-1.13068654e-06
2.11395788
-0.000195484143
-0.0783886686
6.48538399
5.53765965
-0
-0.135587156
-0.000460237527
-0
4.33789492
2.16308904
-0.000169354797
3.85955977
0.657984674
-0.14324896
-0
-0
6.12970209
6.46285725
0.55951947
5.35352039
1.19662941
-0
-0
-0.00292080804
6.38370371
4.73795605
5.77124119
6.38279438
-2.21194045e-06
-6.77188073e-05
-0
4.48185396
6.14615536
-0.100688756
1.87894607
-0
6.8780961
5.83369112
7.61929655
4.97234726
6.10265923
-0
3.78484344
-0.00926321931
6.89305401
4.83576155
5.8250246
4.97198868
-0.000237847606
4.59798908
-0
5.95466852
5.73749208
-7.14711177e-06
5.06538582
-0.166871771
-0.0024820806
4.72552681
-1.13006563e-05
-0
-4.38981374e-07
-0.00777138164
5.82964706
7.47022581
-0.000538508408
2.23731852
-0.0872303769
7.69839478
0.416514218
7.02779436
-0
7.52640963
-1.53270804e-07
7.40054893
-0.000216846805
-0
-0.154655516
3.65639472
-0.00386131788
1.62337124
0.104636759
-0.060864836
1.09013665
-0.000100232515
3.33943391
-0
6.80920267
0.449575126
3.51028967
3.87107348
2.72188473
-0.0321483687
-0
2.61698055
-0.00848112442
-0.00390802091
5.56824446
3.51548982
-0.00190332311
-0.0030818712
-0.104822762
-0.0926328152
-0.00146324432
-0
-0.129465669
7.04581881
2.83108807
6.44488859
1.7885412
-0.00197051978
0.596999764
-0
-0.000874230522
-0.147120401
1.15114927
2.45924449
-0.16117841
-0.164270043
-3.13990972e-06
-0.143283054
6.41889334
4.73639536
-1.57503422e-07
-0
0.147753596
2.09172249
-0.0105585037
5.0947752
4.01814604
2.75732541
-8.79720483e-06
-7.17330124e-07
-0
-4.7085734e-05
-0.137406722
5.59580326
-0
-0.117289849
2.03709507
-5.82818529e-07
3.13938427
-0.0417580791
-4.39479845e-05
2.48172712
-0
4.01536608
4.32072496
-0
-0.138572305
-1.54549269e-07
7.32745647
0.176147014
-0
-6.60145524e-05
5.57338142
-0.169347018
4.82266521
2.67188334
7.80627918
1.43027472
7.20063353
6.262815
1.737957
3.50778699
0.0405547358
5.28910685
0.595949292
6.35532951
3.89837408
-0.138857603
-0.000138939969
-5.67675015e-05
2.17242885
4.25299931
0.21584712
1.9849391
-0.000401761412
-0
-0.000813397462
-0.000331898045
-0.0052035423
0.47517103
-0
-1.55054859e-05
3.10059834
3.30140781
-0
-0.103192173
0.512858152
-0.120024785
-1.67750716e-06
-0.128863037
6.47741556
1.22494638
3.12597919
5.70771265
4.24949312
-0.0532133542
-0
-0.0206073541
4.05554819
5.6551671
7.2548852
-0.12661685
3.96016598
0.568120956
1.57049727
-6.1298465e-06
-5.48539811e-06
-0.156515568
-0
-0.0109939184
2.86077046
-0.0964941382
-1.59719121e-07
-0.15702714
-0
1.9068265
-0
-0.0763961002
0.874082923
-0
2.25877357
-0
-0.165495738
-0
-0.0512877218
-2.61233072e-06
-0.00728466408