2.23082876
-1.89995694
-0.899882734
-1.10715699
3.78353953
2.82719183
6.27487326
-1.65224469
-0.312312722
-1.8808111
-1.12544811
0.0856846124
-1.89385617
-1.20464945
2.39815092
0.719063699
-1.1182375
1.42825091
4.9508872
-1.97400498
4.89310789
3.17023039
-0.638997912
-1.37808204
7.31540918
-0.653621793
-1.62901664
-1.6131345
5.55990982
1.65961647
4.91405249
3.67570853
0.579649448
7.56985235
-0.485862494
0.832650125
5.27047443
1.89631605
5.7873106
1.2376343
3.27314949
-1.81670249
-1.08840692
-0.842448175
-1.68083215
-1.06883645
-1.59599423
-0.888105571
2.17095113
-0.540671289
-0.519276142
-1.16197193
-0.932088733
6.98647356
2.36856627
1.74609613
-1.31544542
3.66602874
-1.34639001
-0.482178241
7.83237362
2.23999619
0.911195874
2.9538281
5.48563051
4.41599846
-1.08380771
-1.87159908
-0.73818779
-0.929036498
-1.15606868
7.08655548
6.02188206
-0.741288483
2.48701859
-0.417472392
6.63276148
-0.164592594
-0.940479338
-1.01348996
0.981890142
-0.949033558
1.35337579
6.36516619
-0.40239799
-1.12271702
7.96060181
0.1524207
-1.63636231
-1.81153452
-1.56140351
2.03913665
4.67326975
-0.311360121
-1.74588919
-0.473522842
7.93794203
0.465829521
7.53725386
5.77247524
-1.95407593
3.53154922
2.9073658
0.591525316
-0.932699263
2.25538874
-1.55379128
-0.260939002
-0.185105175
7.26105499
6.01364708
-0.946443796
0.00937780924
-1.28539252
6.60204554
5.92829704
-0.806220829
2.22319198
1.74352336
-1.38864291
4.2001729
0.630064487
4.45802355
0.485658765
-1.99771237
-0.703375757
-1.92209303
6.8655777
6.05954981
5.30664825
-0.769943476
-1.76829934
6.0481534
7.15119123
-1.65738618
-0.056038145
-1.7231499
4.16963482
4.25335073
-1.4864341
-0.098870486
0.796857476
-0.9397735
5.95892859
-0.307448238
-1.15280724
0.62873745
3.67889714
-1.19539571
-0.753134847
7.92238951
2.39804888
-0.247599661
0.281213462
-1.51598322
-1.10121059
-0.647657752
1.41293955
-1.07954109
-1.11913049
-1.71602762
2.09764743
-1.08423281
6.48672009
5.7541666
-1.71657062
-1.0479815
2.70364451
-1.14305282
-1.4707526
6.96822786
1.13668954
-0.109315895
4.55391073
4.91995192
-1.23836029
-1.61227679
-0.275795281
-0.30568552
-0.131901324
3.66521358
2.7738328
7.74664354
-1.60632849
-0.389514863
-0.642789602
5.78676081
-1.00537467
-1.23916435
-0.205545813
-0.312473446
-0.885819435
-1.00077426
6.7722497
-0.227477014
5.78158569
0.805204988
-1.79764664
7.98851967
5.37644148
7.50394011
6.82187176
5.5791316
-1.33475554
-0.0574354976
-1.14501083
-0.395838827
-1.76545835
-0.484107524
7.76494169
-0.939187765
4.54512978
-0.179966524
-0.307970047
7.31708241
7.92676306
0.892293155
3.49453235
-1.38081264
-0.813168705
7.49935007
1.26688468
0.675123215
3.96760893
-1.77133894
1.34684145
0.0456061251
5.64351845
-1.37026906
7.37246227
-1.6795541
-1.25670016
1.5205617
2.80340075
-1.05918443
-1.52045357
6.24459696
-1.01513863
1.51230645
1.91010416
-0.323100328
1.33875668
0.364523441
6.95530033
-1.18296325
3.45906878
-1.04525614
-0.416856617
2.74704361
-0.800011694
-0.735291243
4.02983189
-1.70982754
-0.166857913
7.97527122
7.93754339
-1.7069571
-1.14738274
-0.939198315
6.93214989
6.09382677
6.06832409
-0.521891654
-1.36901271
5.33991909
3.25663877
1.78684425
7.79572916
2.46362114
-1.96870756
5.0736661
-0.802484989
2.61421943
7.02288008
-1.46283555
-1.53828537
-1.57185614
0.851578236
-0.910607159
1.67727721
3.48179507
-1.18561077
2.14780736
-0.944064379
-0.0458725914
6.48538399
5.53765965
-1.63080609
-0.305696905
-0.893279076
-1.98581719
4.33790779
2.19381404
-0.952178955
3.85969448
0.826886714
-0.289252311
-1.96132123
-1.69902456
6.12970209
6.46285725
0.729444623
5.35352039
1.32015312
-1.40762484
-1.49021792
-0.766966581
6.38370371
4.737957
5.77124119
6.38279438
-1.15969384
-1.001881
-1.58882546
4.48185968
6.14615536
-0.37449044
1.93058419
-1.3817867
6.8780961
5.83369112
7.61929655
4.97234774
6.10265923
-1.90085459
3.78503156
-0.671258152
6.89305401
4.83576202
5.8250246
4.97198915
-0.932777166
4.59799194
-1.56761754
5.95466852
5.73749208
-1.11026514
5.06538582
-0.158787057
-0.779236555
4.72552776
-1.08961809
-1.90534222
-1.22748089
-0.686952174
5.82964706
7.47022581
-0.88350004
2.26370788
-0.401286453
7.69839478
0.57945174
7.02779436
-1.53863299
7.52640963
-1.28572869
7.40054893
-0.938134551
-1.5663898
-0.261744976
3.65672088
-0.745290756
1.69934165
0.182768956
-0.459218264
1.22540867
-0.981109977
3.34056449
-1.99323487
6.80920267
0.615231931
3.51087999
3.87120128
2.73005605
-0.543114126
-1.72010481
2.62780285
-0.679199874
-0.74433744
5.56824446
3.51606822
-0.798710942
-0.762861371
-0.366428375
-0.390398443
-0.817379177
-1.49084878
-0.318214655
7.04581881
2.83708715
6.44488859
1.84823871
-0.796200514
0.76699543
-1.99837625
-0.852345109
-0.280447394
1.27975655
2.47529006
-0.140047237
-0.231360808
-1.14519441
-0.107255258
6.41889334
4.73639631
-1.32123446
-1.66081786
0.247232154
2.12705374
-0.659246981
5.0947752
4.01821041
2.76473069
-1.10143733
-1.20348024
-1.90229845
-1.02062988
-0.0994546264
5.59580326
-1.70868707
-0.342235953
2.07624602
-1.22225904
3.14166808
-0.0224913247
-1.02406228
2.49692822
-1.97782075
4.0154314
4.32073879
-1.57365084
-0.299415231
-1.29645324
7.32745647
0.287324011
-1.79912651
-1.00320685
5.57338142
-0.174152702
4.82266569
2.68124366
7.80627918
1.52723706
7.20063353
6.262815
1.80243719
3.50838327
0.0764506385
5.28910685
0.765951216
6.35532951
3.89848709
-0.101302251
-0.963233829
-1.01104105
2.20258307
4.25301886
0.340797007
2.02797508
-0.901610196
-1.69006658
-0.857087374
-0.913139582
-0.721161723
0.642435551
-1.44650376
-1.07495403
3.1031971
3.30270624
-1.74308455
-0.369602531
0.681778252
-0.336903065
-1.1726625
-0.319425941
6.47741556
1.34527063
3.1283679
5.70771265
4.24951315
-0.478475899
-1.97641563
-0.592964768
4.05560207
5.6551671
7.2548852
-0.323914856
3.96025062
0.73811698
1.65204144
-1.11784518
-1.1223135
-0.25665611
-1.88390076
-0.655481815
2.86627007
-0.382733315
-1.3398211
-0.130439401
-1.48948884
1.95611143
-1.89213419
-0.423918962
1.03027177
-1.89159179
2.28399444
-1.45720208
-0.153206229
-1.7988615
-0.483584553
-1.15335882
-0.692616761
4.1796751
-0.483495146
4.03215694
5.31078863
-0.990913868
-1.67237508
-1.92246687
0.630704761
7.99852514
-0.600158632
2.4023056
4.49972868
2.4280746
4.06773138
7.19378757
-1.20255733
-1.91847992
-1.39047062
-1.49511611
2.71134162
1.02351332
-1.12814188
3.19143963
4.27036953
-1.32884347
1.71595991
3.96681046
-1.54186857
5.10881901
7.43553257
-1.56760502
-1.8972863
-0.75217104
2.8375566
7.33076525
-0.413382232
3.44023538
-1.69601405
3.04983068
2.03587842
-1.59239483
4.359694
5.60469198
1.60658586
-1.51577973
7.74150944
4.52216578
-0.611184955
-0.286487937
-0.517716467
0.0953726321
-0.635075271
5.59321022
5.15729475
-1.5778445
7.37260103
2.16936159
5.25931692
3.3169384
-0.258051425
3.7407248
7.44757986
-0.919670403
4.93118763
0.61076653
-0.0660099834
-0.257702023
3.69641948
-0.926417828
5.62741041
5.29169607
-1.65334845
6.10609913
-1.02454627
-0.141166136
1.76530731
-0.484042794
-1.88520002
5.61524534
-1.27264059
-1.15152061
4.76531792
-0.638644636
6.08511972
3.21894002
-0.894925714
-1.95939553
7.1690011
-1.65754819
3.5211947
-0.0456886142
4.13063431
3.04974937
2.33444643
-0.0367146581
4.68692589
-1.62778664
-1.11361444
3.06859446
-0.775175869
1.30488932
-0.106958047
0.494750887
-0.297984749
3.93496704
-0.676834822
3.24567914
-0.916334271
-0.994385302
-1.51737642
-1.22966278
-1.52178109
0.573823452
4.19503355
-1.25940061
-1.1344614
-0.0632056519
3.59335995
7.62571239
0.394189894
-0.868005216
-1.59789562
-1.2235297
-1.09006739
-1.28223383
-1.94340658
0.546161413
-0.902754664
7.58871889
0.853743494
3.15867829
-1.49488199
5.89537907
-0.0364852212
5.96351576
1.18502748
-0.12241222
-0.238124803
-1.26254535
-1.79449308
7.05701733
-0.0890832543
5.15385056
-0.397170246
-1.70367134
2.07113123
-1.78556371
-1.40320969
1.00543356
-0.784657955
7.90268993
-1.52619374
4.23109531
1.70108247
4.65185308
-1.09725142
0.361160576
-0.197942138
-0.229115978
5.7626667
7.84050035
-0.77847904
1.93643713
1.7540946
3.841429
7.16144323
-1.1688484
-1.15589917
2.56685019
-1.37177157
-1.30474579
-1.69974053
-1.98929715
-0.197985187
1.50097907
-0.834962845
-1.07409501
3.31129336
3.24780083
-0.183874696
2.99815869
6.78257656
4.60524845
2.00092816
2.57892871
6.93869543
-0.299444139
0.712998033
2.36215568
6.53458309
5.22609854
-1.71436059
-1.33630884
-0.769552767
3.98332357
1.1073128
-0.84555763
-1.50258541
3.01884794
3.19573903
7.08281994
0.00755483378
-0.0248191226
-1.67823255
-1.84055686
-0.271885335
-0.710713685
-0.998528361
-1.63469243
7.39057779
5.3753376
1.2031858
7.21258068
7.99315882
2.75650525
-0.921955884
-1.8390733
4.10030127
-0.117996708
2.4241519
6.65716457
-1.27404344
1.36527395
2.15655541
-0.0330967903
-1.63503039
-0.608155787
-0.666766405
2.72213626
5.72372961
-0.680785358
3.09877872
-0.847128808
7.12309647
5.01705647
0.801545739
-0.180696368
-0.741931379
-0.706904829
7.52295542
-0.383299768
0.233540043
7.80990744
2.52256608
0.681497514
-0.347009718
-1.24966979
-0.552882552
4.10309029
2.00653982
4.15984869
-1.18576705
0.78751421
6.84276438
-0.247535616
3.17200041
-1.5142957
7.57034922
1.7419467
-1.0428102
-1.36648738
0.81342411
0.836022556
-1.62716317
7.87611437
6.60687828
-0.154208422
-1.53013539
5.314291
-0.00649798103
3.46565318
0.141952246
-0.906300426
5.35558319
7.68391418
-1.02507639
0.820241213
-0.465655953
6.74989033
0.131854266
6.06922007
5.82443094
-0.895010412
4.64009905
-0.340230316
6.94797421
0.123802811
5.12879181
-0.868644059
-0.805776596
1.39100361
7.98243713
-0.0414386131
-1.40561831
0.617289245
-0.619504213
0.830678701
0.694881022
-0.178621531
-0.712890625
-1.24539053
3.15997481
1.14876223
-1.06575024
4.40871143
-1.82541084
3.91528249
3.28364611
4.98254251
-0.45568499
2.61902118
5.13196087
7.69309044
-0.0186854023
-1.85192156
0.0366584025
1.44288683
5.915205
5.98704576
-0.238775164
0.4152174
-0.172287703
3.55910134
-0.360085517
2.47650123
-1.38255513
-0.122037597
7.50725794
-0.645755053
3.08327365
2.39738655
5.62824488
5.63746119
5.749475
-0.479962409
-0.733355403
3.49947882
4.15042877
5.95812845
-1.85640359
-1.72631705
2.09857631
6.73486567
7.95881462
3.94826198
-0.264114112
-1.60622752
2.1399653
5.96126795
-0.225285798
3.10401869
6.45478487
-1.81603611
4.73829556
-0.826528907
-0.500635624
-1.41772079
0.498661101
1.05484903
4.68031168
-1.32006538
-1.68412662
5.93343353
1.91536593
-1.03668082
6.60526419
-1.4275291
-0.155400351
-0.984090626
-0.978693187
-1.96241033
4.8741293
6.41935062
2.84177423
-1.36809754
-0.233080864
-0.617737532
1.40114725
2.22301912
-0.302764237
-0.999607086
5.52486277
-1.20313203
-0.461227
-0.0671677589
-1.05117714
1.15076303
1.19699085
7.88307285
-0.819076955
7.64711189
2.53167701
-0.90207845
1.05486429
2.97279191
3.91470146
-1.80382299
1.70250392
-0.0130908536
6.46648455
-0.855223417
4.78176212
1.71303999
-0.590716183
2.18588614
1.93425858
2.84423137
3.53485394
2.54690456
5.41339397
2.05196977
6.45445919
2.34144974
-0.764268458
-0.23670724
1.27318084
3.71775627
-1.63946652
-0.819558203
3.95969391
-1.29743969
-1.4713608
0.630524158
7.54383326
0.493637979
6.6157918
5.28756189
-0.972119689
5.19503689
-0.0726086795
4.90381575
3.94494963
-0.645138979
-1.53932118
7.40629292
-1.4369719
7.46400356
5.76224947
3.58746743
7.67907572
7.47631598
4.87340212
-0.536899805
4.65091133
-1.94432533
0.585156918
-0.180855885
2.76525402
2.75745273
1.35296142
5.15867662
7.0446701
-1.56661558
-1.06471241
-1.89990139
6.14775753
0.982518137
6.64409447
-1.11453116
-1.74713182
5.18168545
6.55020237
-0.791239321
-0.36681658
-1.44089198
7.1401844
-0.782541692
-0.0295015238
-1.61123204
6.19614887
-1.45734382
-0.185424969
2.72777939
3.89024186
7.13558531
-0.323492974
3.87630415
-1.38190842
-0.34046188
-1.60391343
-0.0426118486
-0.367536455
7.22434425
-1.8691349
-0.517880142
-0.226467654
7.20888281
5.68720293
-1.6025815
2.97088432
0.711453795
7.64548063
-0.565304637
-0.407441437
-1.24076581
-1.51136112
5.56853104
-0.181130528
2.60429978
2.26727152
1.55433536
-1.91457021
4.58871365
-1.02572441
-1.49630451
1.03324759
-1.72555935
4.24251795
-1.17137051
-1.13619459
5.9151268
-0.685761809
-1.40978324
6.40849638
-1.98865783
5.73449802
-1.42124808
-1.48003149
-0.997383237
-1.30201149
2.57692218
-1.89687943
-1.94055867
4.63975477
-1.04827356
-0.704914153
-1.30301523
-1.79040396
3.86748886
0.417368412
3.93064451
-0.0950161368
4.44827271
0.211807325
-1.563784
0.0614190362
7.12665033
-1.82653987
4.53163195
5.87169456
0.343219429
-0.167829916
7.42441893
-1.75669837
-0.0840723589
-0.393530995
2.97756004
-0.0389245823
6.55521345
-1.70603716
-1.67683804
1.73275876
-1.73727107
-0.89993602
2.12922764
0.773702919
-0.699258208
7.9140439
0.488909394
-0.18513833
1.68682861
-1.60328615
3.2284708
5.64468384
2.41466665
4.30340385
3.53343868
-1.13990772
-0.193780333
-1.08602571
-0.64427352
-0.186004385
-0.336041391
-1.61965668
-0.292943984
2.64172578
-0.502795935
-1.38944435
6.76776075
-1.73146677
5.30835009
-1.62707961
-1.61374223
3.82073593
4.98830843
0.901931763
1.38344133
0.985382617
-0.681416094
-1.5110749
-0.585607708
2.64544821
4.00454807
5.88947439
3.53697085
7.49437809
1.60656142
-0.59341526
1.24669635
-1.14904475
2.50778079
-1.10302055
-1.56712651
5.52597475
-0.529755771
4.2016902
1.18560004
4.91554213
5.5224824
7.59274578
5.09482956
1.81717253
2.28318667
-1.89498472
6.86534882
5.2713728
-0.9302091
-1.27833569
3.24318027
-0.764061272
-0.640701354
-1.97557688
5.91780329
1.06113756
-0.396862626
-1.43250144
2.13075209
-1.87737155
3.93778825
-1.13946843
-0.320670038
-0.636416078
-0.51978761
3.54553556
4.42936993
1.08149695
-1.66017187
-1.78956473
-1.37036037
1.8854109
2.78349948
-0.911588609
2.59101915
-0.0573531799
-0.231823251
-0.907332599
4.07909012
-1.54472995
-0.28034547
-0.86701411
2.85578012
-0.0534689873
2.6741209
-1.81833053
-0.418946415
1.5891993
-1.96925163
-0.79432255
-1.15506411
-1.45106077
-0.977921963
-0.68751055
-1.96908033
3.95222592
-1.29722083
-0.479170203
3.25874019
0.00419754488
5.33366728
4.89920282
-1.71169806
5.78822994
-1.830791
-1.92503381
6.73859882
5.7937603
1.21214652
1.17439485
3.35198331
-0.329224169
-1.53930652
-1.91657376
-0.700927258
4.82115459
1.89000416
5.31241465
6.71631622
-1.64748049
5.51174974
-1.02673411
1.42194057
0.383400679
-0.416933209
-0.758901775
-0.641946852
-0.667725503
-1.32746911
0.167732552
-1.54389346
0.159233004
6.49476385
-0.602498949
3.63806558
5.10317755
5.04059219
-1.05492461
-1.41422307
-1.21091282
1.63838375
4.16344452
2.48814416
-1.29141545
4.36556959
-0.0235319007
4.07113314
4.15803432
-0.204378977
6.78646803
1.03186858
2.16477299
1.99234843
5.82795
2.03547859
-1.39617038
-1.72685492
-0.231167749
-0.788718283
-0.901305318
-1.77531147
0.117390163
-0.758368611
-0.192344546
-1.77243984
5.30714607
-1.69307601
5.82800055
5.68469381
1.84013426
0.113085076
-0.149153367
0.869061947
4.66908455
6.33402824
-0.201065183
4.95705462
2.42939925
-0.713892937
-0.0974838883
-1.39655566
-1.75250518
-1.58599246
6.38602924
-0.626248896
3.42904878
0.0727840215
-1.30976439
-1.0090251
-0.248966902
-0.242312834
0.363968551
-1.36501515
-0.508592069
-0.868425667
-0.364922404
-0.646531403
1.56617379
4.62763071
2.35688567
-1.73635256
-1.62197626
2.85406947
-0.863412082
3.57973838
2.50502539
6.50148296
5.97247458
-0.666551828
1.32383227
-1.43428648
-0.600716829
7.48314428
3.17567945
-0.432168067
1.52065969
7.00803518
-0.761672437
-0.493282765
4.66659117
5.01095676
2.72186232
5.26334333
3.82039475
2.96663094
0.422293425
2.33639717
-0.30637452
-0.552687585
-0.549609303
-1.27894831
-1.14322937
7.16269207
-0.0549163148
-1.09382784
-1.44973862
-1.69133961
5.51085424
-1.59543693
4.33399534
5.36191702
6.13891459
-1.84900999
-0.652942538
4.26092148
-1.47580385
-0.493120521
-1.35101116
5.30152082
4.33756495
4.94469929
-1.3378433
-0.249306381
-0.356565565
2.82180667
-1.04987919
-0.223205164
-0.860288262
3.9765842
-0.204288155
0.544178367
-0.762128413
4.93798208
-0.123937577
5.3618145
-0.528636158
7.15408278
7.75103664
-0.153280079
-0.872913063
-0.472510248
0.439356625
7.46029043
5.07026005
4.82014751
-1.44640589
-0.999987125
2.25886464
5.98587132
0.872651935
-1.58964109
5.53427649
5.61865664
-0.859747946
4.20986938
-0.908834815
6.48489952
-1.41060543
-0.250109762
7.14261198
-1.111848
-0.195488036
-0.601659715
-1.89331925
-1.7869724
0.0321138352
-1.05688775
7.91240549
-0.500349283
-1.88724983
6.8932147
5.42682076
2.39937091
4.6620903
-1.44960165
-0.852482438
5.27618551
3.13715172
-1.44482923
3.28857875
-0.205594108
-1.9789952
-1.68309689
-0.976304293
5.35940981
0.780867934
3.63575649
0.444344103
-1.55525255
-0.847593665
-0.795395195
-1.80900216
-0.320697814
4.7023859
-0.171545535
-1.55656838
6.48235035
1.54782474
-1.93425858
0.246011689
-1.03224742
-1.42569268
-0.283044428
1.83695328
-1.03774309
-0.333729625
2.62994075
-1.65754414
7.59447193
-1.72928274
0.41695112
0.117243148
7.81330395
0.866431236
-0.438185066
-0.119459689
2.17073274
7.69663095
-0.985398948
-1.93503106
4.61632013
-0.620790005
3.72705626
2.05211139
4.3440218
3.76299167
-0.66992557
-1.82265723
0.736219943
5.01614189
-1.29964352
4.46628141
-0.1415084
3.12622809
2.10777354
4.98396301
-1.74759781
4.4190464
-0.169281691
-0.826229692
-1.82477486
-1.20212066
-1.83237624
6.93393564
0.246137425
7.82596302
0.688491166
-0.98674494
4.05265474
-1.23558629
-0.572103322
4.49346495
5.85277224
-0.672301233
-1.50209999
-0.527923286
6.23178434
3.89292336
6.31419992
-0.453420937
7.57957745
-0.015187094
-0.0099064298
6.78896761
0.308413655
4.81836939
3.63330126
-1.68429196
1.63925278
5.15746069
0.727590382
-0.71515429
-1.67972434
2.57470751
-0.774016559
1.64194608
-0.295535713
3.036237
-0.593812048
-1.8305794
5.92059469
-0.589762747
7.97040939
-0.901778579
7.68043661
7.16647005
-1.6998353
2.20020056
-0.546755493
4.8175354
2.87056971
7.24463034
-1.42888212
1.72116649
4.50099134
-1.86080408
-1.73106658
4.4562459
-0.534686089
-0.468582392
1.07591426
1.68151724
2.86499286
7.18117666
-0.511946499
4.20935154
1.18274844
0.471358091
-0.407863826
2.39297175
-1.00155342
-1.54620552
3.77079773
-0.00382415904
-0.452050477
0.986763358
-0.952893317
-0.958840907
-0.214907557
7.9418416
-0.85769248
6.66366243
-0.0351992175
-1.50945032
5.64522076
-0.191829264
6.37886429
-0.219555229
-1.64883709
2.91086817
5.52833939
-0.721648932
-0.610298812
-1.74024367
0.674741805
6.26130676
5.62179279
3.38894558
6.8371911
2.20320034
4.69914198
0.140091926
-1.51455021
-1.19607854
-1.44449246
4.64596891
-1.89486384
0.864342988
-0.524355352
4.85858774
0.826350927
1.79117382
-1.65513802
-0.762837112
7.99352074
3.5019145
0.411130488
4.306633
5.17343044
-1.70499718
7.5580759
2.27741742
-0.200102016
2.88174391
-0.621940851
6.04736233
4.48420668
2.23670292
-1.27214742
7.46023369
-0.269526839
6.57139635
-1.77834857
-1.5033555
-1.38793814
-1.34137166
-0.709357023
3.34931421
-0.615907669
7.05446482
6.31881475
5.53493929
-0.99757874
2.16091347
0.813462675
-1.49931884
-0.788701594
0.535648465
0.0411703177
-1.32545638
7.06571198
-1.38322294
2.53972602
3.53012419
1.68222249
5.48048019
1.01788855
5.20378017
-1.88650608
-1.81815279
2.26325965
1.22833967
2.41807961
4.27134418
-0.333652854
2.22385907
-0.00784775987
2.0346241
-0.841313362
7.30640268
-0.0682207271
4.87501049
2.95985341
-0.810264528
-1.70810795
-1.76034784
-0.241577998
-0.0629954785
-1.18390799
1.70656419
-0.749670029
3.49380612
3.74719596
5.77243805
7.60598612
-1.47693539
-0.517839193
0.986419439
-0.723536432
-0.134109735
-0.930113316
-1.0083245
-1.61275339
-0.839151978
-0.463400662
1.84603906
-1.00691891
5.84492016
-1.36120141
-0.690256715
1.24299264
-0.749140322
4.20994186
-0.00693783164
0.235597432
-0.00496116653
-0.765838087
-1.90729475
7.12372494
0.087111406
7.46698618
-1.1394223
-0.588419616
-1.79783833
-0.0204231851
6.11743164
2.46816063
-0.117652588
0.587051988
5.55475807
-0.276288927
6.11929178
3.64012909
4.2217083
-0.536250591
-0.397673517
1.12450635
-1.2213788
0.851566851
-1.70587301
0.0680884644
4.23046589
-0.881117284
7.82545137
2.88637829
-1.52475595
7.60132504
-0.42438516
4.71835566
-0.643658817
7.02317715
4.07944298
-1.20376849
0.145960256
0.0012464571
-1.81878662
-1.45185447
-0.667837203
-0.105023399
-0.172045767
1.70016837
0.248091713
-0.688136637
1.8090899
-1.3499918
7.84985161
3.82910967
-0.803062618
-0.654506207
5.25263023
0.517437279
3.33983684
-0.800837755
5.05198145
-0.52656877
2.78090239
7.67836857
1.33923423
4.74807692
3.60518742
3.00869846
-1.8934114
-0.101639144
7.47313118
4.52646399
4.41859245
1.24215031
3.54240179
1.33637238
-1.3179518
2.06440377
1.91577291
5.45867395
-1.40889716
2.89163041
-1.8737179
7.17128277
-1.56041789
-1.92425048
-0.745230079
-1.39427495
3.04800415
-0.358490348
4.39955664
6.72833538
5.96508312
3.77339625
-1.75087488
-1.4476701
-1.1706332
-0.699801862
2.59562874
0.407634437
-0.744989634
-1.30727029
6.59398651
-0.630691946
-0.582852066
4.35183668
3.5347929
2.29294562
3.09301305
1.76122522
-1.23094332
-1.01392341
0.929386437
-1.10053182
7.56656981
-0.809541762
-0.843983471
-1.17088878
3.2798121
-0.731837034
-0.60478729
6.93920612
4.72648573
-0.906169832
-1.51250362
2.82595587
-0.481223255
7.68256855
5.09403944
7.27374172
4.87385321
-0.838189363
-0.849478662
3.42626071
-0.614545941
-0.230495557
-0.974224091
-0.0836829469
-1.191728
0.617246807
6.92838287
3.13874078
-1.45090818
1.85083258
1.38928795
-1.03016782
2.71734333
0.496663839
2.20711327
-1.79003561
-0.346794546
3.47772884
-1.5978204
4.33225679
-1.97927427
0.805641055
6.86559486
-0.372370183
6.96051359
6.05439377
-0.0902059153
-1.20217609
7.42262459
-0.71532917
2.3343668
6.52699137
-1.64215708
1.18613362
0.562436402
3.56988287
6.98671007
6.61167574
-1.29974091
6.11591959
-1.2968452
6.7141571
7.95474863
-0.412021697
-0.0184644107
6.98573971
7.3941021
6.81663513
6.02789068
-1.96293128
1.08738995
-1.5707972
7.72790241
-0.861753404
7.82559156
0.692807734
-0.0243503191
7.01696825
5.61695576
-0.127916917
-1.2287544
-1.54941297
-1.35002291
-0.16434212
-0.970940471
-1.25520372
3.78588629
4.65228271
1.0844996
4.11652422
-1.29802036
5.69834423
6.35268402
5.23183727
0.244490549
-1.65304887
2.70809364
-1.26087523
-1.43755245
-0.705593348
-1.00781167
-0.956858873
-1.05791497
4.06010628
7.26455736
-0.792216659
3.56612039
-1.95425701
2.45893383
3.08429742
-1.75150263
-1.52710056
-0.772774637
-0.378333539
0.0403275415
6.32189369
3.25691247
-0.756088197
-1.53033698
6.6580863
-0.81984961
1.83400714
-1.12348557
-1.46572483
-1.3872577
3.96375728
1.69182312
-0.336617529
0.787752151
-0.116687693
0.600283027
2.62551093
-1.1263535
-1.01013827
4.07583284
5.97016096
-1.67251873
-0.213008091
3.26025796
-1.68758917
1.02669954
-1.75296783
0.762387991
0.0877928957
1.16322684
-1.40059042
-0.687529445
0.325464666
-1.5350399
-1.17839408
1.3303628
-1.63623345
0.166005671
4.93907356
-0.186270803
0.211965486
-0.172806099
-1.76905286
-0.150486782
4.91064548
3.57248139
-0.416205168
5.0632515
3.93287182
1.25298023
-1.81884074
-0.621884525
-1.74496031
7.90597868
6.95332479
-1.72392344
6.94040918
-1.87306046
-0.364532262
4.3035531
4.25324297
7.65333271
2.33409309
-0.318552256
7.88570547
-0.470081538
5.91392469
6.50827694
-0.497417867
2.92368555
2.58868051
0.628804207
2.45654559
-0.608920455
-1.28610551
0.596135795
0.461480647
3.64573026
-1.1092391
-1.98610687
-1.90905869
-0.806548059
2.77599764
0.711125433
0.51093775
5.17376709
-1.00995183
-0.615361035
-0.897401094
6.99856567
3.60038304
-1.54862142
4.9516511
-0.323037595
4.25685549
6.14010572
-1.93741679
-1.17567348
-1.59641314
-1.86569488
1.56455839
3.25258017
-1.80529475
3.84865737
-0.39093861
-1.06264293
-1.13092315
5.81968403
-1.7742238
0.0623335838
-0.842946172
5.05257988
3.70427966
-0.724385202
1.56668282
2.76051044
-0.717339516
-0.792942286
-1.42695832
2.56339884
-1.11582899
-0.797996163
-1.75616944
7.17632389
6.07542229
6.58524275
2.01589012
-0.291197658
-0.0175168496
7.55664396
7.06538248
2.74148035
4.57287359
-0.725062191
-0.334701478
-1.40312958
-0.494159251
4.07065773
-0.105924718
5.58945513
-0.79705435
3.32122874
4.89241838
6.63585901
0.998175204
7.48457909
0.916588128
-1.46362901
-1.02856588
-1.18665302
2.34729362
6.75561762
5.55413437
-1.630144
3.59335542
-1.23807347
-0.92615366
2.77875066
1.64675272
5.97792721
-1.24734688
4.18714285
3.58888388
0.941607594
-0.0824231729
5.91158152