0.2788535969157675
-0.9499784895546661
-0.4499413632617615
-0.5535785237023545
0.4729424283280248
0.3533989748458226
0.7843591354096908
-0.8261223347411677
-0.15615636062945915
-0.9404055611238593
-0.5627240503927933
0.010710576206724776
-0.9469280606322728
-0.602324698626703
0.2997688755590464
0.08988296120643335
-0.5591187559186066
0.17853136775181744
0.6188609133556533
-0.987002480643878
0.6116385036656158
0.3962787899764537
-0.31949896696401625
-0.6890410003764369
0.9144261444135624
-0.32681090977474647
-0.8145083132397042
-0.806567246333072
0.6949887326949196
0.20745206273378214
0.6142565465487604
0.45946357338763577
0.07245618290940148
0.9462315279587412
-0.24293124558329304
0.104081262546454
0.6588093285059897
0.2370395047284921
0.7234138006215545
0.15470429051352408
0.40914367242984695
-0.9083512326886756
-0.5442034486969063
-0.42122407279578566
-0.840416046152745
-0.5344182272779396
-0.7979971411805418
-0.44405279377981577
0.27136888852880037
-0.2703356420598315
-0.2596380657662347
-0.5809859384570246
-0.4660443559017733
0.873309175424988
0.2960707704931871
0.21826201133397638
-0.657722703603806
0.45825359590069836
-0.6731950124761432
-0.24108911648470444
0.9790467012731905
0.2799995197081857
0.11389948754929247
0.3692285019797492