0.6857038403796192
0.5519998230924896
-0.5419038560717913
-0.9357995121919245
-0.36909390388183616
-0.46451824804859454
-0.5780343128273471
0.8858194286701089
0.7527352529453377
-0.37064423840304417
0.3108773305897601
-0.20873619787867148
0.829095179481087
-0.0822962948252024
-0.4702396670038951
-0.5067449846120331
0.12273626832630158
-0.47451678295412947
0.16917198044708104
0.795645767204954
-0.20119898971920547
-0.5613584816854333
0.9950752129902205
0.01905258735292903
-0.8181811756524122
-0.9057672491505309
-0.7807017392986817
0.2548920834061801
0.5841587287259282
-0.15568006640063192
-0.8729445876960857
-0.23676142698692648
0.9922427604801936
0.058228690198274036
0.9421567552272363
0.7215594044689961
-0.9770379561143607
0.4414436387203893
0.36342073805314956
0.07394066081759032
-0.46634962009491443
0.2819235971596161
-0.7768956528082471
-0.13046949866179003
-0.09255258734158711
0.9076318550421603
0.7517058807563881
-0.4732218984978185
0.0011722261005966406
-0.6426962389397373
0.825255678689641
0.7410371396735338
-0.4031104171027342
0.2778989897320103
0.21794042287634463
-0.6943214629007304
0.5250216001503025
0.07875806023925147
0.5572529572611165
0.06070734439035497
-0.998856207744113
-0.3516878859906538
-0.9610465152283354
0.8581972325292342