2.23082876
-0.0759982765
-0.0359953083
-0.0442862771
3.78353953
2.82719183
6.27487326
-0.0660897866
-0.0124925086
-0.0752324387
-0.0450179242
0.0856846124
-0.0757542476
-0.0481859781
2.39815092
0.719063699
-0.0447294973
1.42825091
4.9508872
-0.0789601952
4.89310789
3.17023039
-0.0255599152
-0.0551232807
7.31540918
-0.0261448715
-0.0651606619
-0.0645253807
5.55990982
1.65961647
4.91405249
3.67570853
0.579649448
7.56985235
-0.0194344986
0.832650125
5.27047443
1.89631605
5.7873106
1.2376343
3.27314949
-0.0726680979
-0.0435362756
-0.0336979255
-0.0672332868
-0.042753458
-0.0638397709
-0.035524223
2.17095113
-0.0216268506
-0.0207710452
-0.046478875
-0.0372835472
6.98647356
2.36856627
1.74609613
-0.0526178144
3.66602874
-0.053855598
-0.0192871299
7.83237362
2.23999619
0.911195874
2.9538281
5.48563051
4.41599846
-0.0433523059
-0.0748639628
-0.0295275114
-0.0371614583
-0.0462427475
7.08655548
6.02188206
-0.0296515394
2.48701859
-0.016698895
6.63276148
-0.00658370368
-0.0376191735
-0.0405395962
0.981890142
-0.0379613414
1.35337579
6.36516619
-0.0160959195
-0.04490868
7.96060181
0.1524207
-0.0654544905
-0.0724613816
-0.0624561384
2.03913665
4.67326975
-0.0124544045
-0.069835566
-0.0189409126
7.93794203
0.465829521
7.53725386
5.77247524
-0.0781630352
3.53154922
2.9073658
0.591525316
-0.0373079702
2.25538874
-0.0621516518
-0.0104375603
-0.00740420679
7.26105499
6.01364708
-0.0378577523
0.00937780924
-0.0514157005
6.60204554
5.92829704
-0.0322488323
2.22319198
1.74352336
-0.0555457138
4.2001729
0.630064487
4.45802355
0.485658765
-0.0799084902
-0.0281350296
-0.0768837184
6.8655777
6.05954981
5.30664825
-0.0307977386
-0.0707319751
6.0481534
7.15119123
-0.066295445
-0.0022415258
-0.0689259917
4.16963482
4.25335073
-0.0594573617
-0.0039548194
0.796857476
-0.0375909396
5.95892859
-0.0122979293
-0.0461122878
0.62873745
3.67889714
-0.0478158258
-0.0301253926
7.92238951
2.39804888
-0.00990398601
0.281213462
-0.0606393293
-0.0440484211
-0.0259063095
1.41293955
-0.0431816429
-0.0447652191
-0.0686411038
2.09764743
-0.0433693118
6.48672009
5.7541666
-0.0686628222
-0.0419192575
2.70364451
-0.0457221121
-0.058830101
6.96822786
1.13668954
-0.00437263586
4.55391073
4.91995192
-0.0495344102
-0.0644910708
-0.0110318111
-0.0122274207
-0.00527605275
3.66521358
2.7738328
7.74664354
-0.0642531365
-0.0155805945
-0.025711583
5.78676081
-0.0402149856
-0.0495665744
-0.0082218321
-0.0124989375
-0.0354327783
-0.0400309712
6.7722497
-0.00909908023
5.78158569
0.805204988
-0.0719058663
7.98851967
5.37644148
7.50394011
6.82187176
5.5791316
-0.0533902198
-0.00229741982
-0.0458004326
-0.0158335529
-0.0706183314
-0.0193643011
7.76494169
-0.0375675112
4.54512978
-0.00719866063
-0.0123188021
7.31708241
7.92676306
0.892293155
3.49453235
-0.0552325062
-0.0325267464
7.49935007
1.26688468
0.675123215
3.96760893
-0.0708535537
1.34684145
0.0456061251
5.64351845
-0.0548107624
7.37246227
-0.0671821609
-0.0502680056
1.5205617
2.80340075
-0.0423673764
-0.0608181432
6.24459696
-0.040605545
1.51230645
1.91010416
-0.0129240127
1.33875668
0.364523441
6.95530033
-0.0473185293
3.45906878
-0.0418102443
-0.0166742634
2.74704361
-0.0320004672
-0.0294116493
4.02983189
-0.0683931038
-0.00667431625
7.97527122
7.93754339
-0.0682782829
-0.0458953083
-0.0375679322
6.93214989
6.09382677
6.06832409
-0.0208756663
-0.0547605082
5.33991909
3.25663877
1.78684425
7.79572916
2.46362114
-0.0787483007
5.0736661
-0.0320993997
2.61421943
7.02288008
-0.0585134216
-0.0615314133
-0.0628742427
0.851578236
-0.0364242867
1.67727721
3.48179507
-0.0474244282
2.14780736
-0.0377625749
-0.00183490361
6.48538399
5.53765965
-0.0652322397
-0.0122278761
-0.0357311629
-0.0794326887
4.33790779
2.19381404
-0.0380871557
3.85969448
0.826886714
-0.0115700923
-0.0784528479
-0.0679609776
6.12970209
6.46285725
0.729444623
5.35352039
1.32015312
-0.0563049912
-0.0596087165
-0.0306786634
6.38370371
4.737957
5.77124119
6.38279438
-0.0463877507
-0.0400752388
-0.0635530204
4.48185968
6.14615536
-0.0149796177
1.93058419
-0.0552714653
6.8780961
5.83369112
7.61929655
4.97234774
6.10265923
-0.0760341808
3.78503156
-0.026850326
6.89305401
4.83576202
5.8250246
4.97198915
-0.0373110846
4.59799194
-0.0627046973
5.95466852
5.73749208
-0.044410605
5.06538582
-0.00635148212
-0.0311694611
4.72552776
-0.043584723
-0.0762136877
-0.049099233
-0.0274780858
5.82964706
7.47022581
-0.0353399999
2.26370788
-0.0160514582
7.69839478
0.57945174
7.02779436
-0.0615453199
7.52640963
-0.051429145
7.40054893
-0.0375253819
-0.0626555905
-0.0104697989
3.65672088
-0.02981163
1.69934165
0.182768956
-0.0183687303
1.22540867
-0.0392443985
3.34056449
-0.0797293931
6.80920267
0.615231931
3.51087999
3.87120128
2.73005605
-0.021724565
-0.0688041896
2.62780285
-0.0271679945
-0.0297734961
5.56824446
3.51606822
-0.0319484361
-0.0305144545
-0.0146571351
-0.0156159373
-0.0326951668
-0.0596339516
-0.0127285859
7.04581881
2.83708715
6.44488859
1.84823871
-0.0318480209
0.76699543
-0.0799350515
-0.0340938047
-0.0112178959
1.27975655
2.47529006
-0.00560188945
-0.00925443228
-0.0458077751
-0.00429021008
6.41889334
4.73639631
-0.0528493784
-0.0664327145
0.247232154
2.12705374
-0.026369879
5.0947752
4.01821041
2.76473069
-0.0440574922
-0.0481392071
-0.0760919377
-0.0408251956
-0.00397818489
5.59580326
-0.0683474839
-0.0136894379
2.07624602
-0.0488903597
3.14166808
-0.00089965295
-0.0409624912
2.49692822
-0.0791128278
4.0154314
4.32073879
-0.062946029
-0.011976609
-0.0518581271
7.32745647
0.287324011
-0.0719650611
-0.040128272
5.57338142
-0.00696610799
4.82266569
2.68124366
7.80627918
1.52723706
7.20063353
6.262815
1.80243719
3.50838327
0.0764506385
5.28910685
0.765951216
6.35532951
3.89848709
-0.00405208999
-0.0385293514
-0.0404416397
2.20258307
4.25301886
0.340797007
2.02797508
-0.0360644087
-0.0676026642
-0.0342834927
-0.036525581
-0.0288464688
0.642435551
-0.0578601472
-0.0429981612
3.1031971
3.30270624
-0.0697233826
-0.0147841005
0.681778252
-0.0134761222
-0.0469064973
-0.012777037
6.47741556
1.34527063
3.1283679
5.70771265
4.24951315
-0.0191390347
-0.0790566206
-0.0237185899
4.05560207
5.6551671
7.2548852
-0.0129565941
3.96025062
0.73811698
1.65204144
-0.0447138064
-0.0448925383
-0.0102662444
-0.075356029
-0.0262192711
2.86627007
-0.0153093319
-0.0535928421
-0.00521757593
-0.0595795512
1.95611143
-0.075685367
-0.0169567578
1.03027177
-0.0756636709
2.28399444
-0.0582880825
-0.00612824922
-0.071954459
-0.0193433817
-0.0461343527
-0.0277046692
4.1796751
-0.0193398055
4.03215694
5.31078863
-0.0396365523
-0.0668950006
-0.0768986717
0.630704761
7.99852514
-0.0240063444
2.4023056
4.49972868
2.4280746
4.06773138
7.19378757
-0.0481022932
-0.076739192
-0.0556188226
-0.0598046444
2.71134162
1.02351332
-0.0451256745
3.19143963
4.27036953
-0.0531537384
1.71595991
3.96681046
-0.0616747402
5.10881901
7.43553257
-0.0627041981
-0.07589145
-0.0300868414
2.8375566
7.33076525
-0.0165352896
3.44023538
-0.0678405613
3.04983068
2.03587842
-0.0636957884
4.359694
5.60469198
1.60658586
-0.0606311895
7.74150944
4.52216578
-0.0244473983
-0.0114595173
-0.0207086578
0.0953726321
-0.0254030097
5.59321022
5.15729475
-0.0631137788
7.37260103
2.16936159
5.25931692
3.3169384
-0.0103220567
3.7407248
7.44757986
-0.036786817
4.93118763
0.61076653
-0.00264039938
-0.0103080804
3.69641948
-0.0370567106
5.62741041
5.29169607
-0.0661339387
6.10609913
-0.0409818515
-0.00564664509
1.76530731
-0.019361712
-0.0754079968
5.61524534
-0.0509056225
-0.0460608229
4.76531792
-0.0255457852
6.08511972
3.21894002
-0.035797026
-0.0783758163
7.1690011
-0.066301927
3.5211947
-0.00182754453
4.13063431
3.04974937
2.33444643
-0.00146858627
4.68692589
-0.0651114658
-0.0445445776
3.06859446
-0.0310070347
1.30488932
-0.00427832175
0.494750887
-0.0119193895
3.93496704
-0.0270733926
3.24567914
-0.0366533697
-0.0397754125
-0.0606950559
-0.0491865091
-0.0608712435
0.573823452
4.19503355
-0.0503760241
-0.045378454
-0.002528226
3.59335995
7.62571239
0.394189894
-0.0347202085
-0.0639158264
-0.0489411876
-0.0436026938
-0.0512893535
-0.0777362585
0.546161413
-0.0361101851
7.58871889
0.853743494
3.15867829
-0.0597952791
5.89537907
-0.00145940878
5.96351576
1.18502748
-0.00489648851
-0.00952499174
-0.0505018122
-0.0717797205
7.05701733
-0.00356333004
5.15385056
-0.0158868097
-0.0681468546
2.07113123
-0.0714225471
-0.0561283864
1.00543356
-0.0313863158
7.90268993
-0.0610477477
4.23109531
1.70108247
4.65185308
-0.0438900553
0.361160576
-0.00791768543
-0.00916463882
5.7626667
7.84050035
-0.0311391614
1.93643713
1.7540946
3.841429
7.16144323
-0.0467539355
-0.0462359674
2.56685019
-0.0548708625
-0.0521898307
-0.0679896176
-0.0795718879
-0.00791940745
1.50097907
-0.0333985128
-0.0429637991
3.31129336
3.24780083
-0.00735498779
2.99815869
6.78257656
4.60524845
2.00092816
2.57892871
6.93869543
-0.0119777657
0.712998033
2.36215568
6.53458309
5.22609854
-0.0685744211
-0.0534523539
-0.0307821091
3.98332357
1.1073128
-0.0338223055
-0.0601034164
3.01884794
3.19573903
7.08281994
0.00755483378
-0.000992764835
-0.067129299
-0.0736222714
-0.0108754132
-0.0284285471
-0.0399411321
-0.065387696
7.39057779
5.3753376
1.2031858
7.21258068
7.99315882
2.75650525
-0.0368782356
-0.0735629275
4.10030127
-0.0047198683
2.4241519
6.65716457
-0.0509617366
1.36527395
2.15655541
-0.00132387155
-0.0654012114
-0.0243262313
-0.0266706552
2.72213626
5.72372961
-0.0272314139
3.09877872
-0.0338851511
7.12309647
5.01705647
0.801545739
-0.00722785434
-0.0296772551
-0.028276192
7.52295542
-0.0153319901
0.233540043
7.80990744
2.52256608
0.681497514
-0.0138803888
-0.0499867909
-0.0221153013
4.10309029
2.00653982
4.15984869
-0.0474306829
0.78751421
6.84276438
-0.00990142487
3.17200041
-0.060571827
7.57034922
1.7419467
-0.041712407
-0.0546594933
0.81342411
0.836022556
-0.0650865287
7.87611437
6.60687828
-0.00616833661
-0.0612054132
5.314291
-0.000259919238
3.46565318
0.141952246
-0.0362520181
5.35558319
7.68391418
-0.0410030559
0.820241213
-0.0186262373
6.74989033
0.131854266
6.06922007
5.82443094
-0.035800416
4.64009905
-0.0136092119
6.94797421
0.123802811
5.12879181
-0.0347457603
-0.0322310627
1.39100361
7.98243713
-0.00165754452
-0.0562247299
0.617289245
-0.0247801673
0.830678701
0.694881022
-0.00714486092
-0.0285156239
-0.0498156212
3.15997481
1.14876223
-0.0426300094
4.40871143
-0.0730164349
3.91528249
3.28364611
4.98254251
-0.0182273984
2.61902118
5.13196087
7.69309044
-0.000747416052
-0.0740768611
0.0366584025
1.44288683
5.915205
5.98704576
-0.00955100637
0.4152174
-0.00689150812
3.55910134
-0.0144034205
2.47650123
-0.0553022027
-0.00488150399
7.50725794
-0.0258302018
3.08327365
2.39738655
5.62824488
5.63746119
5.749475
-0.0191984959
-0.0293342154
3.49947882
4.15042877
5.95812845
-0.0742561445
-0.0690526813
2.09857631
6.73486567
7.95881462
3.94826198
-0.0105645638
-0.0642490983
2.1399653
5.96126795
-0.0090114316
3.10401869
6.45478487
-0.0726414397
4.73829556
-0.0330611542
-0.0200254247
-0.0567088313
0.498661101
1.05484903
4.68031168
-0.0528026149
-0.0673650652
5.93343353
1.91536593
-0.0414672308
6.60526419
-0.057101164
-0.0062160138
-0.0393636227
-0.0391477272
-0.0784964114
4.8741293
6.41935062
2.84177423
-0.0547238998
-0.00932323467
-0.0247095004
1.40114725
2.22301912
-0.0121105695
-0.0399842821
5.52486277
-0.0481252819
-0.0184490792
-0.00268671033
-0.0420470834
1.15076303
1.19699085
7.88307285
-0.0327630788
7.64711189
2.53167701
-0.0360831358
1.05486429
2.97279191
3.91470146
-0.0721529201
1.70250392
-0.000523634139
6.46648455
-0.0342089348
4.78176212
1.71303999
-0.0236286465
2.18588614
1.93425858
2.84423137
3.53485394
2.54690456
5.41339397
2.05196977
6.45445919
2.34144974
-0.030570738
-0.00946828909
1.27318084
3.71775627
-0.0655786619
-0.0327823274
3.95969391
-0.0518975854
-0.0588544309
0.630524158
7.54383326
0.493637979
6.6157918
5.28756189
-0.038884785
5.19503689
-0.00290434714
4.90381575
3.94494963
-0.025805559
-0.061572846
7.40629292
-0.0574788749
7.46400356
5.76224947
3.58746743
7.67907572
7.47631598
4.87340212
-0.0214759912
4.65091133
-0.0777730122
0.585156918
-0.00723423529
2.76525402
2.75745273
1.35296142
5.15867662
7.0446701
-0.0626646206
-0.0425884947
-0.0759960562
6.14775753
0.982518137
6.64409447
-0.0445812456
-0.0698852688
5.18168545
6.55020237
-0.0316495709
-0.0146726631
-0.0576356761
7.1401844
-0.0313016661
-0.00118006091
-0.0644492805
6.19614887
-0.0582937524
-0.0074169985
2.72777939
3.89024186
7.13558531
-0.0129397186
3.87630415
-0.0552763343
-0.0136184748
-0.0641565323
-0.00170447386
-0.0147014577
7.22434425
-0.0747653916
-0.020715205
-0.00905870553
7.20888281
5.68720293
-0.0641032606
2.97088432
0.711453795
7.64548063
-0.0226121843
-0.016297657
-0.0496306308
-0.0604544431
5.56853104
-0.00724522118
2.60429978
2.26727152
1.55433536
-0.0765828043
4.58871365
-0.0410289764
-0.0598521791
1.03324759
-0.0690223724
4.24251795
-0.0468548201
-0.0454477817
5.9151268
-0.027430471