0.340151
0.126204
0.213263
0.195219
0.373943
0.353130
0.428162
0.147768
0.264413
0.127870
0.193627
0.293465
0.126735
0.186732
0.343792
0.307250
0.194255
0.322684
0.399348
0.119758
0.398091
0.360595
0.235974
0.171635
0.450808
0.234701
0.149790
0.151173
0.412602
0.327719
0.398546
0.371596
0.304216
0.456345
0.249305
0.309722
0.406303
0.332871
0.417551
0.318536
0.362835
0.133451
0.196852
0.218263
0.145279
0.198555
0.152665
0.214288
0.338848
0.244534
0.246396
0.190448
0.210460
0.443649
0.343148
0.329601
0.177087
0.371385
0.174393
0.249626
0.462059
0.340350
0.311431
0.355886
0.410986
0.387707
0.197252
0.128672
0.227339
0.210725
0.190961
0.445827
0.422656
0.227069
0.345726
0.255258
0.435951
0.277272
0.209729
0.203373
0.312970
0.208984
0.321055
0.430127
0.256571
0.193865
0.464849
0.294918
0.149150
0.133901
0.155676
0.335979
0.393306
0.264496
0.139616
0.250379
0.464356
0.301739
0.455636
0.417229
0.121493
0.368459
0.354874
0.304474
0.210406
0.340685
0.156339
0.268885
0.275487
0.449625
0.422477
0.209210
0.291805
0.179703
0.435283
0.420620
0.221417
0.339985
0.329545
0.170715
0.383010
0.305313
0.388622
0.302170
0.117694
0.230370
0.124277
0.441018
0.423476
0.407091
0.224575
0.137665
0.423228
0.447234
0.147320
0.286722
0.141595
0.382345
0.384167
0.162202
0.282994
0.308943
0.209791
0.421286
0.264836
0.191245
0.305284
0.371665
0.187538
0.226038
0.464018
0.343790
0.270046
0.297721
0.159630
0.195737
0.235220
0.322351
0.197623
0.194177
0.142215
0.337252
0.197215
0.432773
0.416830
0.142168
0.200371
0.350441
0.192095
0.163567
0.443252
0.316339
0.282084
0.390709
0.398675
0.183798
0.151247
0.267592
0.264990
0.280118
0.371368
0.351968
0.460193
0.151765
0.257692
0.235644
0.417539
0.204080
0.183728
0.273707
0.264399
0.214487
0.204480
0.438987
0.271798
0.417427
0.309125
0.135110
0.465457
0.408610
0.454911
0.440067
0.413021
0.175406
0.286601
0.191924
0.257142
0.137912
0.249458
0.460591
0.209842
0.390517
0.275934
0.264791
0.450844
0.464113
0.311020
0.367653
0.171397
0.220812
0.454811
0.319172
0.306294
0.377949
0.137400
0.320912
0.292593
0.414422
0.172315
0.452049
0.145390
0.182201
0.324693
0.352612
0.199396
0.159241
0.427503
0.203230
0.324513
0.333171
0.263474
0.320736
0.299534
0.442971
0.188620
0.366881
0.200608
0.255312
0.351385
0.221957
0.227591
0.379303
0.142755
0.277075
0.465169
0.464347
0.308428
0.528314
0.610121
1.660185
1.577829
1.575324
0.774103
0.441224
1.503767
1.299109
1.154719
1.745021
1.221204
0.205572
1.477610
0.663843
1.235999
1.669098
0.404356
0.374708
0.361516
1.062840
0.621356
1.143955
1.321228
0.513292
1.190179
0.608209
0.961156
1.616295
1.523192
0.338352
0.859057
0.628165
0.198849
1.405331
1.194699
0.605020
1.358352
1.060414
0.865519
0.208475
0.311545
1.581354
1.614082
1.050841
1.505103
1.108872
0.426051
0.393596
0.677800
1.606306
1.444631
1.546139
1.606217
0.523477
0.585490
0.354848
1.419472
1.582970
0.832025
1.168839
0.436204
1.654875
1.552274
1.727689
1.467657
1.578697
0.232235
1.351017
0.715409
1.656344
1.454239
1.551423
1.467622
0.612644
1.430881
0.363182
1.564159
1.542824
0.542900
1.476797
0.916786
0.672979
1.443410
0.551013
0.230472
0.496839
0.709242
1.551877
1.713044
0.632008
1.201565
0.821495
1.735459
1.036106
1.669581
0.374571
1.718564
0.473951
1.706199
0.610539
0.363664
0.876328
1.338412
0.686318
1.146122
0.997137
0.798731
1.099564
0.593652
1.307353
0.195934
1.648107
1.039621
1.324085
1.359482
1.247378
0.765764
0.303261
1.237333
0.712288
0.686692
1.526197
1.324595
0.665326
0.679413
0.835193
0.825774
0.657990
0.393348
0.854139
1.671351
1.257893
1.612317
1.160750
0.666312
1.054530
0.193914
0.644250
0.868979
1.104903
1.222350
0.924150
0.888268
0.529174
0.937036
1.609763
1.444478
0.459999
0.326558
1.003470
1.188140
0.720129
1.479684
1.373924
1.250785
0.546369
0.506271
0.231668
0.578122
0.940101
1.528904
0.307748
0.844699
1.183149
0.498891
1.287814
0.970344
0.576773
1.224476
0.201991
1.373651
1.403644
0.360811
0.861526
0.469737
1.699019
1.007408
0.272209
0.584969
1.526702
0.910748
1.452953
1.242583
1.746058
1.129215
1.686560
1.594430
1.156250
1.323840
0.986692
1.498775
1.054428
1.603519
1.362163
0.939375
0.600676
0.581890
1.195560
1.396991
1.012661
1.178407
0.624891
0.315065
0.642387
0.620361
0.695799
1.042294
0.410774
0.556775
1.284035
1.303634
0.294231
0.833946
1.046159
0.846795
0.518381
0.853663
1.615512
1.111339
1.286508
1.539898
1.396647
0.791163
0.202543
0.746175
1.377598
1.534736
1.691890
0.851899
1.368230
1.051693
1.141476
0.539921
0.538165
0.878328
0.238897
0.721608
1.260760
0.828786
0.452695
0.927925
0.393883
1.171347
0.235662
0.812602
1.080394
0.235875
1.203558
0.406570
0.918979
0.272314
0.789156
0.525966
0.707016
0.210434
0.201327
0.210214
0.212118
0.198304
0.194243
0.192753
0.205147
0.216122
0.200632
0.207786
0.210910
0.207824
0.210267
0.214923
0.197043
0.192777
0.195923
0.195299
0.208246
0.205732
0.197486
0.208962
0.210569
0.196290
0.206764
0.210116
0.195021
0.211818
0.215283
0.194868
0.192903
0.199726
0.208434
0.215127
0.201745
0.209332
0.194102
0.208751
0.207240
0.194720
0.210702
0.212556
0.206601
0.195176
0.215739
0.210944
0.200566
0.202501
0.201123
0.204350
0.200424
0.212539
0.211890
0.194807
0.215190
0.207439
0.212042
0.209148
0.202670
0.209780
0.215301
0.198728
0.211553
0.205117
0.203814
0.202672
0.209714
0.198688
0.212590
0.212090
0.194357
0.213303
0.198103
0.203367
0.206837
0.201324
0.192975
0.212572
0.196625
0.197347
0.211306
0.200402
0.213272
0.209002
0.198876
0.192533
0.214886
0.194332
0.209453
0.203935
0.210361
0.208750
0.207685
0.203989
0.211189
0.194509
0.197572
0.208779
0.199589
0.206151
0.203570
0.204945
0.202432
0.210069
0.200175
0.209042
0.198748
0.198283
0.195167
0.196881
0.195141
0.205062
0.210456
0.196704
0.197448
0.203831
0.209560
0.215567
0.204795
0.199036
0.194687
0.196918
0.197713
0.196568
0.192628
0.205021
0.198829
0.215512
0.205479
0.208913
0.195301
0.212989
0.203990
0.213091
0.205973
0.203478
0.202789
0.196685
0.193516
0.214720
0.203677
0.211885
0.201841
0.194057
0.207293
0.193569
0.195847
0.205705
0.199533
0.215979
0.195114
0.210510
0.206742
0.211137
0.197670
0.204746
0.203028
0.202843
0.212792
0.215887
0.199569
0.207092
0.206821
0.209930
0.214875
0.197243
0.197321
0.208031
0.196034
0.196434
0.194080
0.192355
0.203028
0.206443
0.199233
0.197808
0.209140
0.209045
0.203112
0.208674
0.214311
0.211067
0.207188
0.208049
0.214543
0.202424
0.205270
0.207726
0.213941
0.211992
0.193993
0.196246
0.199623
0.210141
0.205857
0.199170
0.195255
0.208704
0.208968
0.214758
0.204219
0.204060
0.194208
0.193241
0.202588
0.199973
0.198258
0.194468
0.215216
0.212215
0.206000
0.214951
0.216114
0.208314
0.198714
0.193250
0.210315
0.203505
0.207819
0.214124
0.196617
0.206241
0.207420
0.204010
0.194466
0.200584
0.200235
0.208262
0.212734
0.200151
0.208824
0.199160
0.214818
0.211681
0.205402
0.203131
0.199787
0.199996
0.215414
0.201924
0.204556
0.215841
0.207965
0.205223
0.202140
0.196762
0.200913
0.210319
0.207197
0.210404
0.197143
0.205381
0.214400
0.202733
0.208933
0.445497
1.509729
1.054564
0.592779
0.491669
0.982052
0.983817
0.410240
1.533607
1.434488
0.870357
0.440549
1.333544
0.916499
1.189176
0.929614
0.635421
1.336769
1.518598
0.598318
0.982585
0.773068
1.445656
0.928826
1.392500
1.373383
0.638948
1.280893
0.812248
1.461125
0.928197
1.319058
0.647184
0.666822
1.027158
1.541911
0.905584
0.479446
0.966735
0.725010
0.983400
0.972795
0.862731
0.695838
0.529497
1.165304
1.008240
0.585613
1.262823
0.348312
1.224289
1.174962
1.307636
0.776183
1.123059
1.319305
1.519315
0.912692
0.340031
0.921391
1.031210
1.380472
1.386082
0.843941
0.950955
0.864710
1.196474
0.806046
1.111929
0.486650
0.880407
1.504802
0.716810
1.159314
1.105751
1.358062
1.358782
1.367529
0.768599
0.689445
1.191818
1.242653
1.383824
0.338631
0.379267
1.082415
1.444483
1.540066
1.226865
0.836025
0.416780
1.085647
1.384069
0.848154
1.160934
1.422610
0.351241
1.288562
0.660340
0.762141
0.475665
0.957471
1.000906
1.284034
0.506171
0.392446
1.381895
1.068108
0.594693
1.434362
0.472601
0.869985
0.611121
0.612807
0.305517
1.299170
1.419843
1.140455
0.491166
0.845719
0.725561
1.027950
1.092134
0.823952
0.606274
1.349988
0.542698
0.774452
0.897547
0.590165
1.008397
1.012007
1.534151
0.662668
1.515724
1.116238
0.636740
1.000907
1.150686
1.224244
0.355056
1.051484
0.914439
1.423524
0.651376
1.291957
1.052307
0.734002
1.089234
1.069583
1.140647
1.194580
1.117427
1.341283
1.078776
1.422585
1.101382
0.679789
0.844587
1.017957
1.208864
0.406397
0.662517
1.227758
0.513238
0.458909
0.967769
1.507658
0.957079
1.435184
1.331457
0.614861
1.324231
0.895847
1.301488
1.226606
0.717002
0.437680
1.496917
0.469652
1.501424
1.368527
1.198689
1.518220
1.502386
1.299113
0.750813
1.281738
0.311166
0.964226
0.862033
1.134479
1.133870
1.024187
1.321391
1.468677
0.429154
0.585937
0.325043
1.398633
0.995257
1.437394
0.570375
0.372765
1.323188
1.430062
0.671364
0.803943
0.468427
1.476136
0.674081
0.909313
0.415217
1.402412
0.463288
0.860606
1.131552
1.222334
1.475777
0.817477
1.221246
0.486852
0.812176
0.417503
0.905218
0.803719
1.482708
0.334654
0.756755
0.847785
1.481501
1.362666
0.417919
1.150537
0.974089
1.515596
0.741940
0.791253
0.530942
0.446414
1.353399
0.861947
1.121909
1.095589
1.039913
0.320461
1.276881
0.598116
0.451118
0.999219
0.379504
1.249845
0.552619
0.563608
1.380466
0.704312
0.652183
2.192169
0.356205
2.106015
0.646321
0.616266
0.863043
0.707287
1.702399
0.403132
0.380798
1.966080
0.837023
1.012582
0.706774
0.457572
1.867365
1.426354
1.875438
1.324423
1.941604
1.400078
0.573443
1.380855
2.283967
0.439096
1.952259
2.123552
1.416876
1.287193
2.322029
0.474806
1.330018
1.171792
1.753610
1.353102
2.210923
0.500709
0.515639
1.594494
0.484739
0.912868
1.645172
1.471903
1.015474
2.384615
1.435499
1.278343
1.588623
0.553246
1.785683
2.094534
1.681658
1.923086
1.824665
0.790170
1.273925
0.817720
1.043588
1.277900
1.201187
0.544875
1.223222
1.710682
1.115925
0.662583
2.238091
0.487707
2.051543
0.541080
0.547899
1.861389
2.010633
1.488293
1.549842
1.498960
1.024597
0.600393
1.073584
1.711158
1.884885
2.125825
1.825117
2.330971
1.578363
1.069592
1.532363
0.785499
1.693561
0.809031
0.571734
2.079360
1.102141
1.910084
1.524553
2.001332
2.078914
2.343545
2.024250
1.605284
1.664852
0.404100
2.250566
2.046816
0.897389
0.719392
1.787563
0.982340
1.045414
0.362894
2.129446
1.508644
1.170089
0.640568
1.645367
0.413106
1.876351
0.790395
1.209046
1.047605
1.107237
1.826211
1.939187
1.511246
0.524160
0.458001
0.672340
1.614007
1.728804
0.906910
1.704201
1.343680
1.254473
0.909086
1.894413
0.583185
1.229664
0.929701
1.738044
1.345666
1.714823
0.443294
1.158797
1.576143
0.366128
0.966868
0.782421
0.631078
0.872994
1.021481
0.366215
1.878197
0.709736
1.128005
1.789552
1.373541
2.054779
1.999244
0.497815
2.112883
0.436923
0.388736
2.234364
2.113590
1.527947
1.523121
1.801471
1.204672
0.585958
0.393062
1.014621
1.989267
1.614594
2.052062
2.231516
0.530649
2.077542
0.848036
1.554764
1.422012
1.159827
0.984979
1.044777
1.031597
0.694270
1.394445
0.583613
1.393358
2.203196
1.064947
1.838039
2.025317
2.017317
0.833622
0.649913
0.753866
1.582430
1.905195
1.691051
0.712705
1.931032
1.360972
1.893396
1.904504
1.268505
2.240483
1.504903
1.649716
1.627676
2.117960
1.633189
0.659144
0.490065
1.254808
0.969733
0.912168
0.465289
1.388010
0.985251
1.274659
0.466757
2.051389
0.507336
2.117967
2.099649
1.608219
1.387459
1.296742
1.484092
1.969829
2.182650
1.270200
2.006639
1.683542
1.007991
1.323161
0.658947
0.476950
0.562088
2.189297
1.052804
1.811321
1.382308
0.703323
0.857091
1.245708
1.249110
1.419528
0.675073
1.112962
0.928979
1.186420
1.042433
1.573200
1.964530
1.674273
0.494391
0.503173
0.682481
0.561412
0.696409
0.675781
0.752489
0.742335
0.576526
0.653110
0.517583
0.581580
0.771331
0.688654
0.594521
0.656888
0.762211
0.569223
0.589828
0.717270
0.723880
0.679943
0.728724
0.701028
0.684641
0.635806
0.672545
0.604178
0.585268
0.585504
0.529509
0.539929
0.765180
0.623484
0.543721
0.516396
0.497847
0.733475
0.505210
0.710886
0.730616
0.745530
0.485742
0.577570
0.709484
0.514395
0.589841
0.523976
0.729457
0.710955
0.722608
0.524987
0.608560
0.600325
0.681862
0.547096
0.610564
0.561651
0.704026
0.612016
0.638145
0.569188
0.722479
0.618185
0.730614
0.587114
0.765015
0.776472
0.615932
0.560682
0.591423
0.636133
0.770892
0.725018
0.720217
0.516652
0.550926
0.671057
0.742592
0.644450
0.505655
0.733924
0.735544
0.561693
0.708504
0.557924
0.752170
0.519401
0.608498
0.764794
0.542338
0.612692
0.581508
0.482340
0.490505
0.628317
0.546557
0.779570
0.589286
0.482806
0.760008
0.731862
0.673753
0.717184
0.516407
0.562251
0.728971
0.687914
0.516773
0.690821
0.611916
0.475762
0.498480
0.552744
0.730568
0.642688
0.697484
0.636229
0.508295
0.562626
0.566634
0.488814
0.603079
0.717957
0.614530
0.508194
0.752122
0.657409
0.479197
0.632422
0.548449
0.518242
0.605970
0.662959
0.548027
0.602078
0.678179
0.500442
0.773467
0.494934
0.635703
0.629951
0.777668
0.644331
0.594059
0.618529
0.669365
0.775428
0.552046
0.479138
0.716305
0.580039
0.699237
0.667088
0.711079
0.699927
0.576267
0.487765
0.641831
0.723979
0.527920
0.713425
0.616836
0.687705
0.668157
0.723362
0.493528
0.712519
0.614704
0.564266
0.487603
0.535407
0.487019
0.760789
0.632425
0.777911
0.640915
0.551943
0.705486
0.532838
0.583777
0.713947
0.740038
0.576084
0.512376
0.587169
0.747312
0.702420
0.748894
0.592889
0.773181
0.626534
0.626940
0.758007
0.633620
0.720183
0.697437
0.498388
0.659164
0.726692
0.641666
0.572794
0.498739
0.677119
0.568275
0.659216
0.605011
0.685977
0.582110
0.487157
0.741339
0.582421
0.780683
0.558466
0.775117
0.765252
0.497195
0.669931
0.585723
0.720167
0.682798
0.766753
0.517998
0.660736
0.714092
0.484837
0.494797
0.713233
0.586650
0.591725
0.648351
0.659975
0.682691
0.765535
0.588395
0.708494
0.650402
0.636748
0.596386
0.673631
0.550806
0.508990
0.700076
0.627407
0.592994
0.646640
0.554542
0.554085
0.611201
0.780135
0.561851
0.755602
0.624998
0.511812
0.736054
0.612973
1.220744
0.332943
-0.366467
0.796484
1.116694
0.087246
0.141735
-0.411196
0.522925
1.206362
1.128127
0.854970
1.276814
0.709911
1.015254
0.457519
-0.300754
-0.144912
-0.266472
1.008749
-0.486858
0.546120
0.183791
1.034760
0.541473
0.659505
-0.369550
0.067091
1.418274
0.868790
0.490676
0.967236
1.073276
-0.393948
1.365004
0.718990
0.342462
0.792921
0.136038
1.180189
0.988959
0.714009
-0.182136
1.353034
0.308489
1.244297
-0.429842
-0.295276
-0.238798
-0.216011
0.093261
0.850121
0.138990
1.303394
1.213398
1.117502
-0.047778
0.704737
0.539896
-0.293301
0.054435
0.505909
0.445417
-0.208223
1.304770
-0.236490
0.751080
0.872241
0.646176
1.110839
0.564905
1.076989
-0.482768
-0.449320
0.717258
0.590650
0.736198
0.962919
0.277110
0.712438
0.436540
0.689288
0.028689
1.334215
0.406997
1.036769
0.802476
0.043883
-0.395471
-0.421034
0.322166
0.409554
-0.138957
0.649154
0.073534
0.867798
0.898797
1.146556
1.370865
-0.282348
0.186979
0.561055
0.086323
0.374755
-0.014764
-0.053036
-0.348809
0.029747
0.213618
0.666217
-0.052348
1.155423
-0.225714
0.102608
0.592443
0.073794
0.955407
0.436985
0.469202
0.437953
0.065623
-0.492941
1.311867
0.451037
1.353860
-0.117188
0.152441
-0.439380
0.430386
1.188761
0.742325
0.382808
0.512198
1.119926
0.305180
1.188989
0.885698
0.956846
0.177970
0.245782
0.577948
-0.157293
0.544558
-0.394377
0.448710
0.957918
0.009212
1.397713
0.793488
-0.305749
1.370294
0.232710
1.017604
0.125410
1.299566
0.939442
-0.148675
0.458237
0.440533
-0.449630
-0.270075
0.113579
0.388988
0.356191
0.648372
0.470731
0.103645
0.661697
-0.220229
1.400698
0.908818
0.047407
0.120102
1.082965
0.503681
0.848962
0.048496
1.058419
0.182708
0.780584
1.379720
0.604217
1.021240
0.881424
0.808452
-0.486148
0.390644
1.354612
0.994129
0.980932
0.592340
0.873743
0.603867
-0.204550
0.692931
0.674748
1.108172
-0.249054
0.794130
-0.476511
1.317685
-0.323199
-0.501238
0.075707
-0.241899
0.813260
0.264956
0.978604
1.263497
1.170124
0.902002
-0.416398
-0.268027
-0.132461
0.097937
0.757919
0.490249
0.075825
-0.199323
1.247061
0.131756
0.155166
0.972766
0.872812
0.720890
0.818767
0.655841
-0.161973
-0.055776
0.554078
-0.098157
1.366043
0.044237
0.027383
-0.132586
0.841619
0.082261
0.144432
1.289294
1.018599
-0.003048
-0.299753
0.786096
0.204897
1.380234
1.063564
1.330219
1.036627
0.030218
0.024694
0.859535
0.139657
0.327589
-0.036350
0.399431
-0.142784
0.384474
0.579863
0.462538
0.185688
0.422665
0.408376
0.237791
0.449492
0.380741
0.433695
0.143691
0.322418
0.473033
0.167495
0.499488
0.120256
0.390307
0.577919
0.319251
0.580857
0.552805
0.354194
0.216490
0.595164
0.276780
0.437635
0.567436
0.162004
0.402086
0.382777
0.475886
0.581668
0.570058
0.204408
0.554709
0.204766
0.573230
0.611638
0.314341
0.363078
0.581638
0.594281
0.576403
0.551984
0.122280
0.399029
0.170841
0.604615
0.258647
0.607640
0.386813
0.362349
0.582605
0.539262
0.349524
0.213199
0.173489
0.198181
0.345013
0.245126
0.209923
0.482573
0.509396
0.398940
0.492809
0.204621
0.541781
0.562039
0.527339
0.372934
0.160655
0.449205
0.209221
0.187342
0.277986
0.240560
0.246870
0.234355
0.491063
0.590270
0.267258
0.475769
0.123354
0.441491
0.460852
0.148463
0.176252
0.269666
0.318513
0.366613
0.561086
0.466196
0.271732
0.175851
0.571494
0.263836
0.422144
0.226235
0.183853
0.193570
0.488080
0.417742
0.323679
0.389753
0.350914
0.383949
0.446649
0.225880
0.240272
0.491550
0.550197
0.158244
0.338986
0.466300
0.156378
0.397150
0.148281
0.388967
0.368082
0.401377
0.191919
0.280223
0.375441
0.175269
0.219435
0.406552
0.162738
0.370504
0.518275
0.342297
0.371927
0.343965
0.146289
0.346729
0.517395
0.475966
0.313823
0.522119
0.487124
0.404156
0.140124
0.288352
0.149273
0.610128
0.580635
0.151878
0.580235
0.133409
0.320222
0.498600
0.497042
0.602307
0.437626
0.325916
0.609501
0.307151
0.548456
0.566856
0.303765
0.455880
0.445508
0.384832
0.441417
0.289957
0.206096
0.383820
0.379652
0.478234
0.227999
0.119410
0.128952
0.265484
0.451308
0.387380
0.381183
0.525541
0.240295
0.289160
0.254233
0.582035
0.476830
0.173587
0.518664
0.325360
0.497154
0.555458
0.125440
0.219772
0.167669
0.134322
0.413802
0.466062
0.141801
0.484516
0.316952
0.233770
0.225314
0.545538
0.145649
0.367294
0.260976
0.521789
0.480047
0.275658
0.413868
0.450828
0.276531
0.267168
0.188654
0.444726
0.227183
0.266543
0.147885
0.587539
0.553456
0.569239
0.427775
0.329303
0.363195
0.599313
0.584104
0.450239
0.506938
0.275575
0.323916
0.191605
0.304169
0.491389
0.352247
0.538410
0.266659
0.468188
0.516831
0.570806
0.396267
0.597082
0.393741
0.184112
0.237990
0.218412
0.438035
0.574514
0.537317
0.163492
0.476612
0.212045
0.250672
0.451393
0.416347
0.550437
0.210896
0.494996
0.476474
0.394516
0.355157
0.548383