0.3329643108188213
0.9570197605266731
0.015333706228492838
0.9371597632022477
0.962077556114459
0.11731619944333449
0.9995720070178117
0.4789208763423658
0.24259318184574152
0.6044015340787812
0.2045131429778937
0.9151264595935564
0.5520792925478145
0.7755138820637703
0.38066174437292255
0.533650127416263
0.35925955555157574
0.2615616273853526
0.5128165400237735
0.49727729310098334
0.09860823156548004
0.9813184568465767
0.4694904220225584
0.8397311815636849
0.9143304988974891
0.37070492143125844
0.4139301705786246
0.5625247274643543
0.22127409831622524
0.14592271310254856
0.26077410990976957
0.9347582502963535