-0.697894335
0.346176386
-0.730053782
-0.0904534459
1.0037781
0.101305664
0.0989180505
0.909913599
-0.195803463
-1.5368191
-1.01595497
0.958873034
0.383824915
0.888809681
1.09601736
0.0334549397
-0.945387125
-0.329304576
-1.25949669
1.90770841
-0.33972168
0.809937298
0.955045581
-0.779630601
0.231842875
-0.582615733
0.249014765
1.30928636
-0.217586949
0.663854837
0.132917404
0.0968753695
-0.300596833
-1.46064126
-0.803951859
0.742248297
1.22108579
-0.116973013
0.127334058
-0.117866509
0.38100332
-1.63873792
-1.06217229
0.057081759
0.348201483
1.0108223
-0.228351355
0.473722339
-0.528636158
-1.14223886
-0.0668788552
1.58189797
1.22845078
0.895386994
0.533251405
-0.487771273
-1.00547647
-1.31435251
0.241420686
0.956618547
-0.229158595
0.688669086
-0.518716872
0.277043939
-1.26129818
-1.06171143
-0.625722766
-0.713799596
-0.0982735157
-0.969712257
0.702478409
-1.01780379
0.798106074
-1.18080044
-0.701325953
0.554527938
1.28265107
0.094064936
0.250326872
0.454845786
-0.591212451
-1.33125591
-0.693077922
-0.344277561
0.752933025
0.634662688
-0.0322116017
-0.544447005
-1.04504585
0.0346972346
0.241645843
0.499887884
-0.213086084
0.138118342
-1.62052107
1.0756247
-1.4123733
-0.421979517
-1.64767671
1.4396174
-1.04079378
-0.0360328257
0.364183426
0.115296304
-0.742675364
-0.850089431
-1.16241682
0.425330281
0.719117403
-1.22605634
1.35707331
0.529003024
-0.748175919
-1.78336549
-1.26427674
-0.0229318142
1.21559429
0.75485158
0.69917953
-0.845413923
-0.189303875
-0.788719833
0.766541719
0.786657155
-0.146835104
-0.333868414
-1.86789632
-0.165845215
-1.35755336
-1.16276407
-0.725182295
-0.702076674
1.34754193
0.774151564
0.83207655
0.0697821006
-1.07699943
-0.572871923
-0.621713519
-0.394893706
0.811523914
-0.175024733
0.214202255
-0.392589986
-0.759035587
-1.53709269
-0.554623246
0.109321177
1.3303194
0.662269592
-0.0287246704
-0.450357765
-0.551899374
-0.888450503
0.233454615
1.17300189
-0.176601455
0.568850279
-1.27140021
1.57158232
1.02448618
-0.780501723
-0.604857683
1.87890041
1.32711494
-1.52282202
0.689811587
-0.385777473
-0.730575025
-1.45479727
-0.481433451
1.12835848
0.816218972
-1.01084554
1.43002176
0.550724328
-1.12490594
-0.8492167
-0.27760306
0.792286456
-0.134769201
0.799106061
-0.0300373435
-0.848927736
-0.595884383
-0.533649266
0.933244705
1.12574315
-0.165180936
0.195039883
-0.795210958
1.39192879
0.780063152
-1.07115602
-0.773700595
1.31172037
0.183167815
-1.79476237
0.134138584
-0.448342085
0.680883288
-0.533426404
-0.660324574
-0.562522352
0.70651418
1.28213346
0.286667585
0.85209322
-0.924268186
0.38696301
0.379526317
0.307501793
0.928873777
0.664776564
0.251983881
-0.302604496
-0.545294225
-1.04633141
0.184137344
1.21251464
-0.215590075
0.220191076
-0.791872501
0.43514654
1.12640834
-0.614648402
-1.00059152
1.58712363
-0.607843995
0.717261672
0.853229761
0.829935908
0.0754913688
-0.735453904
-1.04909849
-0.486594737
1.21853161
0.933929086
0.877219856
-0.000510111451
-0.791371822
-0.489530623
-0.445014775
-0.343889892
1.37721848
0.80035454
1.19930971
-0.652732193
-0.243992656
-0.395278364
0.394236863
0.360926598
-0.154065743
0.13176024
0.486765444
-0.520953715