-0.853478557800734
-0.5736913754659192
-0.4695991704991973
0.8665187559874181
0.7617283473728791
0.7585404849690855
-0.2609458225222321
-0.6845063352855361
0.667489909279614
0.4070798501747419
0.22335553145190024
0.9744661272630086
0.3079526354214652
-0.9843537856956841
0.6342082702309233
-0.4012424956000442
0.32677742993215464
0.8778600078542078
-0.7314177712132646
-0.7691426591617956
-0.7859280445811647
0.10644728176963181
-0.45530357537036736
0.20965965406044784
0.43522437427759586
-0.5928053753450941
0.26847591777015944
-0.4720321967391812
-0.02293629570124689
0.8106729821586465
0.6922074265897109
-0.8154030645745332
-0.15284845487254728
-0.44663955205549666
-0.9929086218244354
0.5422384460392542
0.27422675460275925
-0.4760894751313036
0.48246181669586163
0.10336084225278253
-0.14462616203864131
-0.9806606007833201
-0.8495122798524659
0.7662127866002859
0.8078571431197863
0.09118057841104465
0.6691900397720334
0.16501913297958803
-0.7038124288650347
-0.7451089614357225
-0.38348330013973264
0.79796297748518
0.5922446097760834
0.7214051640018055
0.7978492730529492
-0.5798469233204919
-0.5009405215541511
-0.7944127566564287
0.5602324837428854
0.7682694029020178
-0.1872452203357664
0.2413230203014256
-0.6908933233355907
0.8597620313873489