0.7967817992409056
-0.6895504471650065
-0.9535542073529348
0.0556726465312567
-0.38115069753024056
0.3524918403267938
0.6887302779717697
0.2719277933055424
0.6189765269462235
0.22880948523046052
-0.7532775314508782
0.011477272257662818
-0.12191422073208713
-0.8992828104916735
0.6859283386195916
0.027865872966278404
-0.8740974782632858
-0.9798060989498876
-0.9905850363117492
-0.45663055423473997
0.8441821433138783
-0.5630980195848352
-0.7607193142223674
-0.4208470151062522
-0.8316614690541853
0.41091173216271315
-0.7676191515505679
0.9798333507100094
0.401500969530614
0.26594740805050754
0.18176285043673102
-0.501632751631391
-0.6099615391918383
0.251298045182341
0.9914139807417996
0.9973623969342074
0.5060834877476188
-0.4408709470710228
0.9189568510616823
-0.8944052328466086
-0.4354256200362423
-0.5219058715267944
0.7466461087883789
-0.11796463881703989
0.6515634185148818
0.18119341382521004
0.1407619797952362
0.7736726053072616
0.929475024431544
-0.7158330424702137
0.04016671003356165
0.9529259793697133
0.29972066378149265
0.5243744094075451
-0.7770491272779363
0.5681666494810427
-0.8270608831320256
-0.2444700212493136
-0.573793381766218
0.36771842780058805
-0.1830565510852562
-0.6422561515419531
0.661733643087999
0.03925078721310382