-0.19656156
-0.760991693
0.447389722
-0.396811843
-0.336084276
-0.261520803
-0.391153336
0.537810385
-0.0503003486
0.891917944
0.545999527
0.00621180609
0.49631983
0.21229361
-0.195301697
-0.0804634094
-0.270298183
0.00931416918
0.304065287
0.0468905829
0.340091854
0.0104918443
0.249813676
-0.00529002957
0.814599454
0.298466563
-0.461381495
-0.591989577
0.0298167039
-0.01740833
0.57006228
-0.40356946
-0.00304578105
-0.186185718
-0.0904177949
-0.00202565989
0.539829433
-0.202199101
-0.606523931
0.0335081518
-0.355396748
0.408728987
-0.144841626
-0.0407377891
0.293833911
-0.528676152
-0.0487685353
0.0411055945
0.057219103
0.216712698
-0.104779243
-0.409935266
-0.140667722
0.469775259
0.130768493
-0.124399282
0.0637268648
-0.24883759
0.216860861
0.0224218164
-0.164500102
-0.226751551
-0.0166830849
0.121925063
-0.172384545
-0.383486509
-0.458434463
0.810152888
-0.244909957
0.377904087
0.466399223
0.423060268
0.469359457
-0.0417869762
0.0537600666
-0.0257106274
-0.282479405
0.0621779338
0.137687981
-0.167570949
0.0614379123
-0.349331796
0.0747945458
0.745358765
-0.040404819
0.166559353
0.155069575
-0.0109461378
-0.256477386
0.499539942
0.611729205
0.176065907
-0.154730722
-0.0817649215
-0.129370391
-0.145476341
0.684955418
0.0552644543
0.600015998
0.163899735
-0.278845012
-0.418264478
0.311876267
0.0487211011
0.216901332
-0.180196494
-0.314951569
0.0498433448
0.0296492837
-0.896548271
0.556055963
-0.0627691895
-0.00023260637
0.460331649
0.219801918
-0.695600986
-0.198420435
-0.158328563
-0.03494348
0.220938668
-0.136449859
0.0349049382
0.30853492
0.00820685085
0.829136491
0.314684123
0.658490062
0.202256799
0.26354304
-0.302342504
-0.124683641
0.0253543984
-0.0876314119
-0.405531794
-0.422539234
0.0216409508
0.120769314
-0.225945771
0.189791158
0.0198695324
-0.0165244769
-0.0905593932
0.0984286815
0.147967577
0.151360735
0.228925198
-0.0453895032
-0.333643943
0.292250931
0.129447043
-0.974988818
0.148087978
0.0802978575
-0.00842181966
-0.308762223
-0.000288898795
-0.215899438
0.108160585
0.461962104
-0.40486154
0.785421968
-0.252377629
-0.456638128
0.58722657
0.108982705
-0.125995725
-0.219551027
-0.0556315705
0.439877152
0.704701483
-0.305263817
0.0856274366
-0.0129129682
0.378004104
0.516311765
0.510043621
-0.555404127
0.0707921088
-0.0271666646
-0.00316069112
-0.0955093279
-0.131566659
-0.310808331
0.268146634
0.129267231
-0.0067385463
-0.558383882
-0.0100055514
-0.503004968
0.0309602842
-0.0710499287
-0.282530874
-0.315280944
-0.446513295
0.0804258138
-0.437562257
0.0206130426
-0.467775136
0.3105717
-0.433951229
0.51185894
-0.0100332256
0.354896694
-0.346872449
0.00293465215
-0.485661209
-0.0255283527
-0.238863528
-0.0602819286
0.707088947
-0.119481035
-0.396610975
0.0776940212
0.0177981853
-0.360694796
-0.446527094
-0.0990061387
0.00640974566
0.261791229
0.0391021408
-0.830759168
0.105055347
-0.0714396834
0.361300409
-0.62934494
0.0387245156
8.05839372e-05
-0.0526093617
-0.0744280443
0.537853897
-0.664896429
0.0631696582
0.117773555
0.106415309
0.189036071
0.0370549299
-0.545057952
0.444758922
-0.149906665
0.190593451
0.0505853072
0.0717290938
0.000414554408
-0.569362819
0.298409909
-0.0538246036
0.0633197427
-0.00948266871
-0.234359756
0.101719901
0.159636453
-0.0919109955
0.276364297
-0.0163330305
0.576665759
0.292310655
0.740969837
0.4652569
-0.167533576
-0.374081373
0.340848535
0.237520412
-0.212066859
-0.511024594
-0.222458303
0.0673631802
-0.160177916
-0.292689115
0.288056761
-0.390749007
-0.137042284
-0.0762691572
0.286258459
-0.334320873
0.180397898
-0.448659301
-0.492281437
0.036216855
-0.299552381
0.100122832
0.161393762
-0.0312922262
0.0784083009
0.0723093152
0.00633830298
-0.222776711
-0.442648768
0.466096342
-0.136850804
0.0122638987
0.543035507
-0.393052042
-0.231905282
-0.327957451
-0.384868681
0.0559956729
-0.096934177
-0.752523959
0.785378337
-0.250146449
0.43027699
-0.0672823265
-0.16499567
-0.111471348
-0.466409534
-0.403994828
-0.2370262
-0.533774674
-0.0738251805
-0.128614113
0.281422049
0.304384619
0.0559062548
0.341711968
0.278476447
-0.0784741715
-0.0127368495
-0.0919595659
-0.426452368
-0.0532784089
0.488737017
-0.25173974
0.555821657
0.739092767
0.0728407875
-0.206500217
0.0792940855
0.0473204516
0.563690484
0.461474836
0.374464393
0.337293595
-0.287370801
-0.221314743
0.556935608
0.0782317743
0.441230774
0.438019454
-0.055760622
0.167486757
0.310841471
0.247570708
-0.772247076
0.432872802
0.0429533608
0.650607944
-0.519109726
0.0431784205
-0.0851238668
0.18994084
-0.859801173
0.000290756521
-0.464224368
-0.760892987
-0.235364601
0.606622815
0.797087073
-0.318192989
-0.234896883
-0.0762674212
-0.331299275
0.158836827
0.140094399
0.00895896833
0.165872991
0.062966451
0.0504276082
-0.41318506
0.838701844
-0.415490866
0.0515200011
0.0428364612
0.219917893
0.0189544428
0.211169913
0.364487499
-0.130633861
0.307168514
0.0596768484
0.409125537
-0.0376978628
0.310812056
-0.309070915
-0.0354479328
0.188782886
-0.0125678023
0.384731203
0.113419078
-0.124642484
0.0814311951
-0.418008655
-0.0385507494
-0.130872518
-0.0794580504
-0.948538244
0.368486434
-0.00730830338
0.00234441692
0.302190512
-0.00758383144
0.0253447127
0.0342011414
-0.0145514058
0.771935225
-0.291702509
0.639157414
-0.479179174
-0.00959245302
0.123869516
-0.0845530182
0.345809609
0.236257687
-0.115760237
0.501885653
-0.055376634
-0.596387446
0.331613749
-0.0277620219
-0.0494908243
-0.333859086
-0.0450847447
0.161686465
0.534004331
0.216924638
0.000951842347
0.21152766
-0.284770727
0.594394803
-0.459861308
0.468120694
-0.0242083985
-0.146450788
-0.0557872877
-0.451895654
0.0181941409
0.555743992
0.143484488
0.391309291
-0.0637047589
-0.202642754
-0.251718491
-0.25756979
0.148709565
0.437992424
0.617885411
-0.051078923
0.415500969
-7.25664431e-05
-0.00327476044
0.0812502801
0.0306260996
0.29350549
-0.0230038501
0.405591756
-0.103584491
0.177495867
0.0483508706
-0.0152326524
-0.212902442
-0.145086408
0.327034891
-0.0879557058
0.067466341
-0.136851117
-0.0238428731
0.66198498
-0.397772938
-0.114384376
0.411311269
0.392969072
-0.177419305
0.0763428658
0.143169925
-0.161255792
0.0436619706
0.487580925
0.0603389554
0.354122967
-0.509728014
0.114283122
-0.134600997
0.919430554
0.256615371
0.282386869
-0.188983694
-0.212469473
-0.0217815377
0.104050465
0.033042185
0.185368776
0.143069237
-0.295263261
-0.0189724751
-0.0554994904
0.0668368265
0.107170366
0.0958319679
0.517909706
-0.0307412874
0.00142401061
-0.0552663207
-0.116693042
0.10098739
-0.0617416687
0.101629339
0.283423781
0.31245783
-0.0638071597
0.0158296302
0.182486713
-0.406935334
0.0332160406
0.416587204
0.0265384726
-0.415523112
0.241546959
-0.342381746
0.301716924
0.293319821
-0.0685987473
0.0843271762
-0.234861076
0.211019754
0.238270864
0.259393901
0.14003168
0.528197348
-0.0105292853
0.726408541
0.415778011
0.539920986
0.196825132
-0.121213652
-0.0609438457
-0.104590528
0.324186951
-0.0686306879
0.0480247252
-0.410351187
0.294048637
0.638085186
0.40685311
-0.0402806401
-0.510682225
-0.243206531
-0.302376628
0.865726233
-0.058840245
-0.0430248789
-0.305467397
-0.118550889
0.192370221
-0.446289212
0.152364686
-0.44562465
0.187273532
0.10213583
0.794883251
-0.502624214
0.229707062
0.0994068831
0.17361255
-0.00422832789
-0.132941663
-0.215306312
0.568468034
-0.623131692
0.637607813
-0.135256812
0.177577019
0.0421594605
0.0967253372
-0.184394732
0.0623325743
-0.00236644526
-0.408504635
0.0674296916
0.0228266306
-0.0409057848
0.203887805
-0.0974025577
0.481889248
0.0841618255
-0.537728846
-0.719949543
0.465695411
-0.0199684761
0.0338812023
-0.0731533766
-0.503271163
-0.117096417
-0.176885828
0.00225921441
0.151494235
0.134325072
0.694692731
-0.0137249017
-0.272673279
-0.36247021
-0.363049209
0.707817793
-0.387407959
0.00275934092
-0.0162632056
-0.225663915
0.0622481667
0.00688096974
0.255862653
-0.381227225
-0.401766896
0.364682615
0.286221176
-0.0422326773
-0.00659409352
-0.0223731436
0.0099906642
-0.22874783
0.170617282
-0.327154994
0.192235932
0.1151997
-0.175071016
0.309542686
-0.555918038
-0.0488180816
-0.180978134
-0.0978391021
0.2124677
-0.0166307576
-0.00155813294
0.0280718468
-0.000122227604
0.166187868
0.761914492
-0.544755578
-0.00593483122
-0.598401368
0.553590178
-0.0200857557
0.405751735
-0.00968661346
0.0816049576
0.12181446
0.0439691842
0.0540764704
-0.0126666613
-0.102978334
0.113305137
-0.0278497674
-0.062830843
0.169260174
0.178405598
0.123994701
0.0272010993
0.0685757548
0.169380501
-0.00725002261
0.136903912
0.393322766
-0.686296821
0.0453447141
0.299102962
0.93860805
0.161923498
0.311934561
-0.0684322938
0.51048106
-0.279760897
-0.0271721072
-0.00180573028
-1.78489518e-05
-0.655066311
-0.711454093
0.129974321
-0.0127107007
-0.0188615341
0.102048062
0.0277608559
0.201081857
-0.130695343
-0.216576666
-0.673012733
-0.312250912
0.341249526
0.325501829
-0.0649964362
0.012135352
-0.174289986
0.215043962
0.261384249
-0.106886908
-0.0319585986
0.359702617
0.141929045
0.3416574
0.112714387
0.121237792
-0.821112812
0.00760881137
0.0832551196
0.167065829
0.451150924
0.101431251
-0.379559636
-0.111612886
0.253558367
0.128487319
0.0331462473
-0.288476467
0.529247105
0.136396751
-0.374244601
0.793639123
-0.00073679362
0.0119395526
0.31266734
0.641560555
-0.0517942272
0.063695997
-0.274567634
-0.687422454
0.688834548
0.316926241
-0.131664231
-0.652589858
-0.584816039
-0.120562971
-0.14956595
-0.0468543507
-0.190917626
0.0385633968
0.249762893
-0.26241374
0.185644716
0.0928351432
0.119109012
-0.00474307127
-0.316073149
-0.0669437051
0.205187917
-0.172502354
0.0831180736
0.187306494
0.36636135
0.171446532
-0.375735968
-0.367150933
0.041076865
0.0330600739
0.11217767
-0.306584895
0.555580318
0.0868336707
-0.0220768843
0.344850838
-0.0758698434
0.0818070546
-0.110480078
-0.568110943
-0.168416768
-0.214947909
-0.106532045
0.222698852
0.182177082
-0.0113449078
-0.416649133
0.00517862756
-0.236260101
-0.0584183857
0.819535613
0.0854299888
0.378255457
-0.158071205
0.0176575053
-0.0538277216
-0.276347548
0.061121583
0.227845758
0.0690096393
0.132660657
0.28877598
0.00259565166
0.234595299
-0.0175601523
-0.0456345528
0.574519753
-0.178828791
-0.44594112
0.0775947422
0.0105012301
-0.50715977
0.0152922608
-0.271343142
0.212443098
-0.365107834
-0.476235718
-0.0252224132
0.0610592738
0.00690564886
0.559896588
-0.358949542
0.261825204
0.132926032
-0.646999061
-0.0173890851
-0.698833764
-0.0158960354
0.00285969512
0.0906703919
0.080281578
-0.0760998651
-0.268576682
0.61115402
0.05368945
-0.112779528
-0.514750838
-0.237451375
-0.892807484
0.0423834063
-0.00499736425
0.546286583
-0.159972653
-0.0209385697
-0.394119978
-0.744985878
0.00630643032
0.0760871768
-0.00222457037
-0.113194808
0.349910825
0.435209841
-0.0161844734
0.0267070699
0.0559082367
0.316890389
-0.14296934
0.202447683
-0.0211263541
0.0504335277
0.317661822
0.203554139
-0.277022988
-0.105723754
-0.354513168
-0.337140918
-0.380153477
-0.12179365
-0.332968891
-0.173271582
0.231264517
-0.727732122
-0.285298347
-0.332779706
-0.229728878
-0.642801046
-0.384398133
-0.0933599919
-0.00066569203
-0.634649992
0.108901247
-0.281702757
0.0861907974
0.32291913
-0.330747068
-0.208163947
-0.332712919
0.302865982
0.17362766
-0.35121882
0.0131819751
-0.0221925415
0.0576082133
0.0385088474
-0.063184537
0.243410856
-0.134836197
0.261797756
0.420655519
-0.53266114
0.0649774969
0.0524048172
-0.19942452
0.827935576
0.0781916603
-0.703307211
0.0338521004
-0.00750682782
-0.0169453695
0.21629931
-0.0602081232
0.0113049094
0.116188794
0.294482768
0.114844874
0.492151231
-0.00478539383
-0.0207341556
0.0489509031
0.00381128187
-0.0129279578
-0.871598303
0.030815063
0.586753964
0.141318262
0.0938624293
0.0834537968
0.182681397
0.0766413063
0.820216715
-0.0661725551
0.00571075501
0.79881078
-0.371665388
-0.515211999
0.185768723
0.276611775
-0.0498016253
0.130065382
0.18901886
0.422709584
0.0928861275
-0.107778057
0.252831697
-0.189632624
0.216361836
-0.310879409
0.0294356029
0.0581621937
0.150376305
-0.0644314662
-0.125830129
-0.150696158
0.417161077
-0.0548206791
0.00454647979
0.429730952
-0.0342226587
-0.821229339
-0.630891621
0.196015313
0.22533454
-0.00322711747
0.0391491354
0.318910152
0.162889823
0.236809567
-0.415400952
-0.628546417
0.419894874
-0.557721436
0.277560741
-0.155039385
0.497274935
0.467550069
0.260049671
-0.341747075
0.775986612
-0.0682327673
-0.0176849738
0.140534535
-0.311125934
0.0813607052
-0.126045361
-0.467873067
0.44293046
-0.387268126
0.842712581
0.00598768378
-0.0517631173
0.524528384
-0.258033454
0.316399097
0.126844645
0.282529712
0.141896814
0.0727160946
0.514023185
0.285986573
0.218295678
0.00588552561
0.70739913
0.694774568
-0.553373694
-0.0763167739
0.0859203711
-0.0708018318
-0.00781206088
-0.152782574
0.427930802
-0.236779675
-0.0973055735
0.290734231
0.00356556219
0.128925323
-0.223123536
-0.475538015
0.013714077
-0.0791144222
-0.359116971
0.295132846
-0.490031213
0.308037013
0.0110961804
0.894112587
-0.0323844701
0.149085775
0.319052339
0.448365301
0.204234019
-0.0764780343
0.226009861
-0.230998695
0.0872699916
0.592594624
-0.26561588
-0.178139523
-0.154002726
0.096510604
0.538092792
0.277562946
-0.262744546
-0.0668655932
-0.0304714702
-0.25337106