0.472321
0.012755
0.167313
0.131317
0.566486
0.507950
0.725987
0.046481
0.279919
0.015253
0.128238
0.350368
0.013549
0.115088
0.482247
0.385306
0.129450
0.425512
0.640064
0.003266
0.636372
0.528754
0.215431
0.087345
0.795086
0.212653
0.049800
0.052084
0.679286
0.438867
0.637709
0.559804
0.377536
0.812167
0.245089
0.391670
0.660579
0.452648
0.694066
0.414596
0.535039
0.023750
0.134490
0.177641
0.042433
0.137820
0.054563
0.169419
0.468783
0.234356
0.238530
0.122136
0.161589
0.773108
0.480488
0.443889
0.097197
0.559205
0.092306
0.245815
0.829860
0.472863
0.396088
0.515604
0.674474
0.606077
0.135271
0.016461
0.196774
0.162129
0.123118
0.779782
0.709385
0.196198
0.487541
0.258662
0.749610
0.310552
0.160105
0.147335
0.400076
0.158596
0.421215
0.731932
0.261680
0.128697
0.838526
0.354005
0.048747
0.024443
0.059611
0.461019
0.622368
0.280113
0.033373
0.247523
0.836993
0.371225
0.809975
0.693099
0.005793
0.550902
0.512792
0.378196
0.161481
0.473775
0.060730
0.290471
0.306245
0.791447
0.708846
0.159052
0.346222
0.101991
0.747577
0.703264
0.184233
0.471869
0.443739
0.085703
0.592492
0.380341
0.608731
0.372322
0.000286
0.203272
0.009890
0.765060
0.711852
0.662911
0.190894
0.030300
0.711105
0.784099
0.045750
0.333623
0.036516
0.590576
0.595832
0.070754
0.324464
0.389662
0.160230
0.705266
0.280913
0.123662
0.380267
0.560001
0.116609
0.194001
0.835942
0.482241
0.293229
0.361053
0.066329
0.132322
0.213785
0.424632
0.135997
0.129300
0.037506
0.464461
0.135199
0.739952
0.691907
0.037430
0.141388
0.500512
0.125289
0.073120
0.771892
0.408848
0.322242
0.614797
0.638087
0.109582
0.052208
0.287408
0.281274
0.317451
0.559154
0.504734
0.824074
0.053067
0.264267
0.214710
0.694030
0.148742
0.109451
0.301970
0.279886
0.169828
0.149541
0.758859
0.297403
0.693693
0.390130
0.026315
0.840415
0.667414
0.807736
0.762155
0.680533
0.094139
0.333323
0.124962
0.262997
0.030689
0.245434
0.825309
0.160333
0.614241
0.307322
0.280806
0.795199
0.836237
0.395023
0.548622
0.086920
0.182964
0.807428
0.416266
0.382852
0.577939
0.029886
0.420841
0.348189
0.684712
0.088563
0.798910
0.042613
0.106609
0.430827
0.506515
0.139469
0.065663
0.723996
0.147049
0.430351
0.453454
0.277717
0.420377
0.365634
0.771031
0.118659
0.546440
0.141856
0.258785
0.503121
0.185369
0.197312
0.581824
0.038369
0.310076
0.839519
0.836966
0.038770
0.124566
0.160331
0.769490
0.714098
0.712426
0.238019
0.088760
0.665057
0.534029
0.446260
0.827386
0.486146
0.003936
0.647928
0.184916
0.495146
0.775535
0.074318
0.063018
0.058080
0.392734
0.165402
0.439892
0.547838
0.118221
0.467417
0.159472
0.335808
0.739863
0.677844
0.049543
0.281271
0.168493
0.001778
0.601153
0.470133
0.158042
0.571218
0.391347
0.284642
0.004872
0.039878
0.716450
0.738376
0.385887
0.665934
0.419312
0.082764
0.070185
0.191443
0.733154
0.626481
0.693019
0.733094
0.122515
0.149348
0.055605
0.610237
0.717530
0.267294
0.454653
0.086768
0.765893
0.697089
0.815494
0.641437
0.714677
0.012638
0.566579
0.209315
0.766888
0.632712
0.696524
0.641414
0.161467
0.617591
0.058700
0.704988
0.690822
0.130793
0.647397
0.311774
0.189182
0.625690
0.134285
0.012056
0.111353
0.206356
0.696825
0.805471
0.170244
0.474267
0.261903
0.820822
0.377525
0.775862
0.062966
0.809246
0.101937
0.800794
0.160519
0.058880
0.290305
0.558629
0.195455
0.441172
0.355662
0.250353
0.413899
0.152968
0.539166
0.000847
0.761313
0.379515
0.549629
0.571933
0.502099
0.233881
0.036939
0.495960
0.207816
0.195632
0.679827
0.549948
0.185607
0.192201
0.268922
0.264090
0.182196
0.070090
0.278713
0.777064
0.508547
0.737190
0.449839
0.186067
0.387988
0.000203
0.175850
0.286451
0.417002
0.486841
0.315728
0.296596
0.124931
0.322680
0.735475
0.626382
0.096278
0.045263
0.359190
0.466193
0.211587
0.649282
0.581098
0.504186
0.132283
0.115280
0.012451
0.146099
0.324340
0.681614
0.038528
0.273823
0.463201
0.112205
0.527014
0.340847
0.145506
0.488132
0.002785
0.580924
0.600071
0.057817
0.282558
0.100221
0.795894
0.361389
0.026115
0.149118
0.680160
0.308543
0.631876
0.499166
0.828098
0.431212
0.787404
0.725194
0.447168
0.549475
0.349865
0.661780
0.387930
0.731284
0.573632
0.323947
0.156098
0.147759
0.470651
0.595811
0.364327
0.460364
0.167005
0.041134
0.174994
0.164951
0.199945
0.381030
0.076801
0.136777
0.524672
0.536847
0.033759
0.268280
0.383224
0.274906
0.120363
0.278466
0.739337
0.420750
0.526204
0.688884
0.595591
0.246545
0.002962
0.224238
0.583435
0.685469
0.791034
0.277551
0.577480
0.386372
0.438428
0.129516
0.128764
0.291356
0.014848
0.212300
0.510309
0.265632
0.093340
0.317760
0.070295
0.456148
0.013773
0.257374
0.402812
0.013844
0.475469
0.075173
0.312950
0.026151
0.245537
0.123570
0.205291
0.591205
0.245555
0.581969
0.663177
0.151257
0.043626
0.009842
0.380376
0.841092
0.222856
0.482494
0.611367
0.484028
0.584193
0.786946
0.115431
0.010356
0.085419
0.069449
0.500974
0.402429
0.127786
0.530048
0.596902
0.095073
0.442137
0.577889
0.062488
0.650183
0.803142
0.058702
0.013102
0.194179
0.508575
0.796115
0.259480
0.545283
0.040300
0.521427
0.460828
0.055086
0.602525
0.682191
0.435796
0.066359
0.823728
0.612787
0.220741
0.285210
0.238835
0.350895
0.216178
0.681446
0.653297
0.057205
0.798920
0.468689
0.659860
0.537719
0.291067
0.563830
0.803951
0.163790
0.638805
0.379266
0.331485
0.291140
0.561086
0.162593
0.683666
0.661947
0.046324
0.714902
0.145422
0.315491
0.445006
0.245447
0.014679
0.682876
0.104039
0.123876
0.628223
0.215498
0.713527
0.531726
0.168199
0.005117
0.785289
0.045727
0.550264
0.335847
0.588131
0.521422
0.478461
0.337779
0.623236
0.049976
0.130228
0.522567
0.189930
0.418439
0.322743
0.372826
0.282851
0.575904
0.208262
0.533360
0.164383
0.150652
0.066122
0.110997
0.065466
0.377212
0.592169
0.106173
0.126726
0.332086
0.554714
0.815926
0.367268
0.173027
0.054288
0.111997
0.134209
0.102497
0.007154
0.375676
0.166801
0.813436
0.392855
0.528050
0.069485
0.701114
0.337828
0.705566
0.411598
0.319461
0.295192
0.105665
0.026741
0.777811
0.326551
0.653075
0.262729
0.039229
0.462900
0.027951
0.083446
0.401407
0.188185
0.834610
0.064810
0.594433
0.441273
0.621008
0.132992
0.365448
0.303559
0.297062
0.692461
0.830408
0.189321
0.454995
0.444354
0.570082
0.784784
0.120995
0.123147
0.492310
0.088329
0.098899
0.039778
0.001341
0.303550
0.429698
0.178998
0.136924
0.537373
0.533489
0.306503
0.518291
0.759545
0.618051
0.458776
0.493033
0.769926
0.282552
0.384967
0.480107
0.743114
0.657722
0.037738
0.093894
0.190966
0.578920
0.407179
0.177078
0.068330
0.519546
0.530310
0.779533
0.346124
0.340344
0.042800
0.020564
0.288213
0.201897
0.149931
0.048986
0.800125
0.667343
0.412632
0.788203
0.840729
0.503691
0.163384
0.020761
0.586231
0.320398
0.483794
0.751227
0.103813
0.421897
0.467933
0.338558
0.048938
0.221322
0.210164
0.501623
0.689926
0.207517
0.524403
0.176794
0.782222
0.644299
0.389925
0.307169
0.196078
0.202610
0.809014
0.265518
0.358440
0.828343
0.489663
0.383208
0.272854
0.107747
0.231983
0.586406
0.459105
0.589962
0.118196
0.389138
0.763544
0.293242
0.528862
0.066581
0.812201
0.443647
0.142276
0.089154
0.390591
0.391860
0.050066
0.832814
0.747897
0.312739
0.064225
0.663403
0.344306
0.546845
0.353434
0.166169
0.666067
0.819846
0.145331
0.390974
0.249078
0.757375
0.352883
0.712485
0.696485
0.168183
0.620262
0.274230
0.770543
0.352444
0.651466
0.172912
0.184314
0.423373
0.840003
0.336762
0.083074
0.379629
0.219149
0.391560
0.383955
0.307605
0.201490
0.108440
0.528129
0.409534
0.138347
0.605617
0.022583
0.574677
0.535681
0.642089
0.251053
0.495434
0.651669
0.820464
0.341669
0.019056
0.347703
0.426354
0.702409
0.707105
0.295057
0.368429
0.308934
0.552601
0.270204
0.486914
0.086649
0.319541
0.807959
0.214146
0.523460
0.482201
0.683720
0.684319
0.691602
0.246252
0.197673
0.548927
0.589371
0.705214
0.018464
0.036077
0.464516
0.756378
0.838405
0.576733
0.289816
0.053081
0.466955
0.705419
0.297858
0.524722
0.737843
0.023839
0.626503
0.180530
0.242183
0.081209
0.373042
0.404204
0.622816
0.096464
0.041969
0.703600
0.453762
0.143330
0.747790
0.079702
0.312488
0.152447
0.153390
0.004734
0.635160
0.735505
0.508830
0.088902
0.296239
0.219487
0.423955
0.471859
0.281872
0.149744
0.677015
0.115337
0.249955
0.331236
0.140840
0.409648
0.412279
0.833284
0.181887
0.817367
0.490208
0.166921
0.404204
0.516753
0.574641
0.025481
0.441356
0.342879
0.738615
0.175331
0.629270
0.441967
0.224671
0.469665
0.454868
0.508978
0.551106
0.491118
0.669801
0.461774
0.737821
0.478877
0.191941
0.295486
0.416626
0.562407
0.048303
0.181799
0.577446
0.100064
0.073028
0.380366
0.810418
0.372764
0.748487
0.661680
0.154540
0.655723
0.330071
0.637056
0.576526
0.214263
0.062865
0.801180
0.078256
0.805053
0.692434
0.554351
0.819520
0.805880
0.635113
0.235091
0.620948
0.007037
0.377842
0.307136
0.504217
0.503748
0.421191
0.653385
0.776988
0.058847
0.138524
0.012762
0.717635
0.400111
0.750361
0.130074
0.033202
0.654864
0.744147
0.186977
0.268843
0.077657
0.783364
0.188574
0.339334
0.052359
0.720812
0.075152
0.306178
0.501962
0.573118
0.783056
0.277637
0.572251
0.086749
0.274183
0.053416
0.336509
0.268698
0.788990
0.016785
0.238803
0.297612
0.787956
0.687551
0.053609
0.516638
0.384881
0.817257
0.229575
0.260669
0.109191
0.067018
0.679845
0.307078
0.494552
0.474478
0.432776
0.010861
0.617002
0.145219
0.069271
0.402980
0.036182
0.595151
0.120577
0.126436
0.702404
0.206580