0.8983908996204528
0.15522477641749677
0.023222896323532582
0.5278363232656283
0.3094246512348797
0.6762459201633969
0.8443651389858848
0.6359638966527712
0.8094882634731118
0.6144047426152303
0.12336123427456092
0.5057386361288314
0.43904288963395643
0.050358594754163266
0.8429641693097958
0.5139329364831392
0.06295126086835712
0.010096950525056214
0.004707481844125394
0.27168472288263
0.9220910716569392
0.2184509902075824
0.11964034288881631
0.2895764924468739
0.08416926547290737
0.7054558660813566
0.11619042422471604
0.9899166753550047
0.700750484765307
0.6329737040252538
0.5908814252183655
0.2491836241843045
0.19501923040408087
0.6256490225911705
0.9957069903708998
0.9986811984671037
0.7530417438738094
0.2795645264644886
0.9594784255308412
0.05279738357669572
0.28228718998187885
0.23904706423660282
0.8733230543941894
0.44101768059148005
0.8257817092574409
0.590596706912605
0.5703809898976181
0.8868363026536308
0.964737512215772
0.14208347876489313
0.5200833550167808
0.9764629896848567
0.6498603318907463
0.7621872047037725
0.11147543636103185
0.7840833247405213
0.08646955843398718
0.3777649893753432
0.21310330911689102
0.683859213900294
0.4084717244573719
0.17887192422902343
0.8308668215439995
0.5196253936065519