0.278853595
-0.949978471
-0.449941367
-0.553578496
0.472942442
0.353398979
0.784359157
-0.826122344
-0.156156361
-0.940405548
-0.562724054
0.0107105765
-0.946928084
-0.602324724
0.299768865
0.0898829624
-0.559118748
0.178531364
0.6188609
-0.987002492
0.611638486
0.396278799
-0.319498956
-0.689041018
0.914426148
-0.326810896
-0.814508319
-0.806567252
0.694988728
0.207452059
0.614256561
0.459463567
0.072456181
0.946231544
-0.242931247
0.104081266
0.658809304
0.237039506
0.723413825
0.154704288
0.409143686
-0.908351243
-0.54420346
-0.421224087
-0.840416074
-0.534418225
-0.797997117
-0.444052786
0.271368891
-0.270335644
-0.259638071
-0.580985963
-0.466044366
0.873309195
0.296070784
0.218262017
-0.657722712
0.458253592
-0.673195004
-0.241089121
0.979046702
0.279999524
0.113899484
0.369228512
0.685703814
0.551999807
-0.541903853
-0.935799539
-0.369093895
-0.464518249
-0.578034341
0.885819435
0.752735257
-0.370644242
0.310877323
-0.208736196
0.829095185
-0.082296297
-0.470239669
-0.506744981
0.122736268
-0.474516779
0.169171974
0.795645773
-0.201198995
-0.561358511
0.995075226
0.0190525874
-0.818181157
-0.905767262
-0.780701756
0.254892081
0.584158719
-0.15568006
-0.872944593
-0.236761421
0.992242754
0.0582286902
0.942156732
0.721559405
-0.977037966
0.441443652
0.363420725
0.0739406645
-0.466349632
0.281923592
-0.776895642
-0.130469501
-0.0925525874
0.907631874
0.751705885
-0.473221898
0.00117222616
-0.642696261
0.825255692
0.74103713
-0.403110415
0.277898997
0.21794042
-0.694321454
0.525021613
0.0787580609
0.557252944
0.0607073456
-0.998856187
-0.351687878
-0.961046517
0.858197212
0.757443726
0.663331032
-0.384971738
-0.884149671
0.756019175
0.893898904
-0.828693092
-0.0280190725
-0.861574948
0.521204352
0.531668842
-0.743217051
-0.049435243
0.0996071845
-0.46988675
0.744866073
-0.153724119
-0.576403618
0.0785921812
0.459862143
-0.597697854
-0.376567423
0.990298688
0.29975611
-0.123799831
0.0351516828
-0.757991612
-0.550605297
-0.323828876
0.176617444
-0.539770544
-0.559565246
-0.858013809
0.262205929
-0.542116404
0.810840011
0.719270825
-0.858285308
-0.52399075
0.337955564
-0.571526408
-0.735376298
0.871028483
0.142086193
-0.0546579473
0.569238842
0.614993989
-0.619180143
-0.806138396
-0.13789764
-0.15284276
-0.0659506619
0.458151698
0.3467291
0.968330443
-0.803164244
-0.194757432
-0.321394801
0.723345101
-0.502687335
-0.619582176
-0.102772906
-0.156236723
-0.442909718
-0.500387132
0.846531212
-0.113738507
0.722698212
0.100650623
-0.898823321
0.998564959
0.672055185
0.937992513
0.85273397
0.69739145
-0.66737777
-0.0287177488
-0.572505414
-0.197919413
-0.882729173
-0.242053762
0.970617712
-0.469593883
0.568141222
-0.0899832621
-0.153985023
0.914635301
0.990845382
0.111536644
0.436816543
-0.690406322
-0.406584352
0.937418759
0.158360586
0.0843904018
0.495951116
-0.88566947
0.168355182
0.00570076564
0.705439806
-0.68513453
0.921557784
-0.839777052
-0.628350079
0.190070212
0.350425094
-0.529592216
-0.760226786
0.78057462
-0.507569313
0.189038306
0.238763019
-0.161550164
0.167344585
0.0455654301
0.869412541
-0.591481626
0.432383597
-0.522628069
-0.208428308
0.343380451
-0.400005847
-0.367645621
0.503728986
-0.854913771
-0.0834289566
0.996908903
0.992192924