2.23082876
0
0
0
3.78353953
2.82719183
6.27487326
0
0
0
0
0.0856846124
0
0
2.39815092
0.719063699
0
1.42825091
4.9508872
0
4.89310789
3.17023039
0
0
7.31540918
0
0
0
5.55990982
1.65961647
4.91405249
3.67570853
0.579649448
7.56985235
0
0.832650125
5.27047443
1.89631605
5.7873106
1.2376343
3.27314949
0
0
0
0
0
0
0
2.17095113
0
0
0
0
6.98647356
2.36856627
1.74609613
0
3.66602874
0
0
7.83237362
2.23999619
0.911195874
2.9538281
5.48563051
4.41599846
0
0
0
0
0
7.08655548
6.02188206
0
2.48701859
0
6.63276148
0
0
0
0.981890142
0
1.35337579
6.36516619
0
0
7.96060181
0.1524207
0
0
0
2.03913665
4.67326975
0
0
0
7.93794203
0.465829521
7.53725386
5.77247524
0
3.53154922
2.9073658
0.591525316
0
2.25538874
0
0
0
7.26105499
6.01364708
0
0.00937780924
0
6.60204554
5.92829704
0
2.22319198
1.74352336
0
4.2001729
0.630064487
4.45802355
0.485658765
0
0
0
6.8655777
6.05954981
5.30664825
0
0
6.0481534
7.15119123
0
0
0
4.16963482
4.25335073
0
0
0.796857476
0
5.95892859
0
0
0.62873745
3.67889714
0
0
7.92238951
2.39804888
0
0.281213462
0
0
0
1.41293955
0
0
0
2.09764743
0
6.48672009
5.7541666
0
0
2.70364451
0
0
6.96822786
1.13668954
0
4.55391073
4.91995192
0
0
0
0
0
3.66521358
2.7738328
7.74664354
0
0
0
5.78676081
0
0
0
0
0
0
6.7722497
0
5.78158569
0.805204988
0
7.98851967
5.37644148
7.50394011
6.82187176
5.5791316
0
0
0
0
0
0
7.76494169
0
4.54512978
0
0
7.31708241
7.92676306
0.892293155
3.49453235
0
0
7.49935007
1.26688468
0.675123215
3.96760893
0
1.34684145
0.0456061251
5.64351845
0
7.37246227
0
0
1.5205617
2.80340075
0
0
6.24459696
0
1.51230645
1.91010416
0
1.33875668
0.364523441
6.95530033
0
3.45906878
0
0
2.74704361
0
0
4.02983189
0
0
7.97527122
7.93754339
0
0
0
6.93214989
6.09382677
6.06832409
0
0
5.33991909
3.25663877
1.78684425
7.79572916
2.46362114
0
5.0736661
0
2.61421943
7.02288008
0
0
0
0.851578236
0
1.67727721
3.48179507
0
2.14780736
0
0
6.48538399
5.53765965
0
0
0
0
4.33790779
2.19381404
0
3.85969448
0.826886714
0
0
0
6.12970209
6.46285725
0.729444623
5.35352039
1.32015312
0
0
0
6.38370371
4.737957
5.77124119
6.38279438
0
0
0
4.48185968
6.14615536
0
1.93058419
0
6.8780961
5.83369112
7.61929655
4.97234774
6.10265923
0
3.78503156
0
6.89305401
4.83576202
5.8250246
4.97198915
0
4.59799194
0
5.95466852
5.73749208
0
5.06538582
0
0
4.72552776
0
0
0
0
5.82964706
7.47022581
0
2.26370788
0
7.69839478
0.57945174
7.02779436
0
7.52640963
0
7.40054893
0
0
0
3.65672088
0
1.69934165
0.182768956
0
1.22540867
0
3.34056449
0
6.80920267
0.615231931
3.51087999
3.87120128
2.73005605
0
0
2.62780285
0
0
5.56824446
3.51606822
0
0
0
0
0
0
0
7.04581881
2.83708715
6.44488859
1.84823871
0
0.76699543
0
0
0
1.27975655
2.47529006
0
0
0
0
6.41889334
4.73639631
0
0
0.247232154
2.12705374
0
5.0947752
4.01821041
2.76473069
0
0
0
0
0
5.59580326
0
0
2.07624602
0
3.14166808
0
0
2.49692822
0
4.0154314
4.32073879
0
0
0
7.32745647
0.287324011
0
0
5.57338142
0
4.82266569
2.68124366
7.80627918
1.52723706
7.20063353
6.262815
1.80243719
3.50838327
0.0764506385
5.28910685
0.765951216
6.35532951
3.89848709
0
0
0
2.20258307
4.25301886
0.340797007
2.02797508
0
0
0
0
0
0.642435551
0
0
3.1031971
3.30270624
0
0
0.681778252
0
0
0
6.47741556
1.34527063
3.1283679
5.70771265
4.24951315
0
0
0
4.05560207
5.6551671
7.2548852
0
3.96025062
0.73811698
1.65204144
0
0
0
0
0
2.86627007
0
0
0
0
1.95611143
0
0
1.03027177
0
2.28399444
0
0
0
0
0
0
4.1796751
0
4.03215694
5.31078863
0
0
0
0.630704761
7.99852514
0
2.4023056
4.49972868
2.4280746
4.06773138
7.19378757
0
0
0
0
2.71134162
1.02351332
0
3.19143963
4.27036953
0
1.71595991
3.96681046
0
5.10881901
7.43553257
0
0
0
2.8375566
7.33076525
0
3.44023538
0
3.04983068
2.03587842
0
4.359694
5.60469198
1.60658586
0
7.74150944
4.52216578
0
0
0
0.0953726321
0
5.59321022
5.15729475
0
7.37260103
2.16936159
5.25931692
3.3169384
0
3.7407248
7.44757986
0
4.93118763
0.61076653
0
0
3.69641948
0
5.62741041
5.29169607
0
6.10609913
0
0
1.76530731
0
0
5.61524534
0
0
4.76531792
0
6.08511972
3.21894002
0
0
7.1690011
0
3.5211947
0
4.13063431
3.04974937
2.33444643
0
4.68692589
0
0
3.06859446
0
1.30488932
0
0.494750887
0
3.93496704
0
3.24567914
0
0
0
0
0
0.573823452
4.19503355
0
0
0
3.59335995
7.62571239
0.394189894
0
0
0
0
0
0
0.546161413
0
7.58871889
0.853743494
3.15867829
0
5.89537907
0
5.96351576
1.18502748
0
0
0
0
7.05701733
0
5.15385056
0
0
2.07113123
0
0
1.00543356
0
7.90268993
0
4.23109531
1.70108247
4.65185308
0
0.361160576
0
0
5.7626667
7.84050035
0
1.93643713
1.7540946
3.841429
7.16144323
0
0
2.56685019
0
0
0
0
0
1.50097907
0
0
3.31129336
3.24780083
0
2.99815869
6.78257656
4.60524845
2.00092816
2.57892871
6.93869543
0
0.712998033
2.36215568
6.53458309
5.22609854
0
0
0
3.98332357
1.1073128
0
0
3.01884794
3.19573903
7.08281994
0.00755483378
0
0
0
0
0
0
0
7.39057779
5.3753376
1.2031858
7.21258068
7.99315882
2.75650525
0
0
4.10030127
0
2.4241519
6.65716457
0
1.36527395
2.15655541
0
0
0
0
2.72213626
5.72372961
0
3.09877872
0
7.12309647
5.01705647
0.801545739
0
0
0
7.52295542
0
0.233540043
7.80990744
2.52256608
0.681497514
0
0
0
4.10309029
2.00653982
4.15984869
0
0.78751421
6.84276438
0
3.17200041
0
7.57034922
1.7419467
0
0
0.81342411
0.836022556
0
7.87611437
6.60687828
0
0
5.314291
0
3.46565318
0.141952246
0
5.35558319
7.68391418
0
0.820241213
0
6.74989033
0.131854266
6.06922007
5.82443094
0
4.64009905
0
6.94797421
0.123802811
5.12879181
0
0
1.39100361
7.98243713
0
0
0.617289245
0
0.830678701
0.694881022
0
0
0
3.15997481
1.14876223
0
4.40871143
0
3.91528249
3.28364611
4.98254251
0
2.61902118
5.13196087
7.69309044
0
0
0.0366584025
1.44288683
5.915205
5.98704576
0
0.4152174
0
3.55910134
0
2.47650123
0
0
7.50725794
0
3.08327365
2.39738655
5.62824488
5.63746119
5.749475
0
0
3.49947882
4.15042877
5.95812845
0
0
2.09857631
6.73486567
7.95881462
3.94826198
0
0
2.1399653
5.96126795
0
3.10401869
6.45478487
0
4.73829556
0
0
0
0.498661101
1.05484903
4.68031168
0
0
5.93343353
1.91536593
0
6.60526419
0
0
0
0
0
4.8741293
6.41935062
2.84177423
0
0
0
1.40114725
2.22301912
0
0
5.52486277
0
0
0
0
1.15076303
1.19699085
7.88307285
0
7.64711189
2.53167701
0
1.05486429
2.97279191
3.91470146
0
1.70250392
0
6.46648455
0
4.78176212
1.71303999
0
2.18588614
1.93425858
2.84423137
3.53485394
2.54690456
5.41339397
2.05196977
6.45445919
2.34144974
0
0
1.27318084
3.71775627
0
0
3.95969391
0
0
0.630524158
7.54383326
0.493637979
6.6157918
5.28756189
0
5.19503689
0
4.90381575
3.94494963
0
0
7.40629292
0
7.46400356
5.76224947
3.58746743
7.67907572
7.47631598
4.87340212
0
4.65091133
0
0.585156918
0
2.76525402
2.75745273
1.35296142
5.15867662
7.0446701
0
0
0
6.14775753
0.982518137
6.64409447
0
0
5.18168545
6.55020237
0
0
0
7.1401844
0
0
0
6.19614887
0
0
2.72777939
3.89024186
7.13558531
0
3.87630415
0
0
0
0
0
7.22434425
0
0
0
7.20888281
5.68720293
0
2.97088432
0.711453795
7.64548063
0
0
0
0
5.56853104
0
2.60429978
2.26727152
1.55433536
0
4.58871365
0
0
1.03324759
0
4.24251795
0
0
5.9151268
0