0.977177024
-0.999999523
-0.998506546
-0.999715388
0.998966157
0.993020177
0.999992907
-0.999996364
-0.848073423
-0.999999404
-0.999754131
0.0854755342
-0.999999464
-0.999869525
0.983614862
0.616329014
-0.999739528
0.891307592
0.999899864
-0.999999762
0.999887586
0.996479273
-0.988023937
-0.999967456
0.999999106
-0.989339113
-0.999995589
-0.999994993
0.999970376
0.93016547
0.999892175
0.998717487
0.522410631
0.999999464
-0.959806621
0.681896448
0.99994719
0.955920935
0.999981225
0.844779551
0.997133315
-0.999999046
-0.999669313
-0.997636557
-0.999997079
-0.999613285
-0.999994278
-0.998359144
0.974310756
-0.973888099
-0.969088852
-0.999816418
-0.998845577
0.999998271
0.982624769
0.940929592
-0.999946237
0.998692393
-0.999958038
-0.958629251
0.999999702
0.977586985
0.721705735
0.994577646
0.999965668
0.999708116
-0.999656916
-0.999999404
-0.994565964
-0.998817027
-0.999807537
0.999998629
0.999988258
-0.994698763
0.986264586
-0.931537032
0.999996543
-0.577277899
-0.9989205
-0.999397933
0.753882945
-0.998991847
0.87484777
0.999994099
-0.923099697
-0.999748707
0.999999762
0.151251212
-0.999995887
-0.999998987
-0.99999249
0.966690779
0.999825537
-0.847000122
-0.999998271
-0.95572871
0.999999762
0.434823483
0.999999464
0.999980628
-0.999999702
0.998289227
0.994051218
0.530991793
-0.99885118
0.978259087
-0.999992013
-0.77936697
-0.6293993
0.999999046
0.999988019
-0.998970747
0.0093775345
-0.999931633
0.999996305
0.999985814
-0.996843219
0.976829827
0.940633893
-0.999970078
0.999550521
0.558096647
0.9997316
0.45076406
-0.999999762
-0.992827177
-0.999999583
0.999997795
0.999989092
0.999950826
-0.995782495
-0.999998569
0.999988854
0.999998808
-0.999996483
-0.220472381
-0.999997914
0.999522269
0.999595881
-0.999986351
-0.376076519
0.662276268
-0.998914361
0.999986708
-0.842519283
-0.99980247
0.557182252
0.998725593
-0.999859512
-0.995176971
0.999999762
0.983611524
-0.757532239
0.274027795
-0.999989152
-0.9997015
-0.98882103
0.888116777
-0.999644995
-0.999741375
-0.999997795
0.970314622
-0.999658108
0.999995351
0.999979913
-0.999997795
-0.999543071
0.991072476
-0.999786437
-0.999984503
0.999998212
0.813296378
-0.411373675
0.99977845
0.999893486
-0.999900341
-0.999994993
-0.801638782
-0.840461195
-0.483548462
0.998690307
0.992237151
0.999999642
-0.999994755
-0.915105462
-0.988379657
0.999981225
-0.999357522
-0.999900997
-0.676256478
-0.848253846
-0.998328865
-0.999333441
0.999997377
-0.721088111
0.999980986
0.666936636
-0.999998868
0.999999762
0.999957263
0.999999404
0.999997616
0.999971509
-0.999953926
-0.225783497
-0.999789715
-0.919124246
-0.999998569
-0.959249914
0.999999642
-0.998909295
0.999774516
-0.616826355
-0.843123853
0.999999106
0.999999762
0.712524474
0.998157918
-0.999968112
-0.997013628
0.999999404
0.852951109
0.588339806
0.999284446
-0.999998629
0.873305738
0.045574531
0.999974966
-0.99996531
0.999999225
-0.999997079
-0.99991399
0.908795476
0.992681265
-0.999582231
-0.999989569
0.99999243
-0.999405801
0.9073475
0.957094133
-0.859754205
0.871373296
0.349192172
0.999998152
-0.99984479
0.998022616
-0.999532998
-0.931210577
0.991811633
-0.996682703
-0.994438946
0.999368131
-0.999997675
-0.583287895
0.999999762
0.999999762
-0.999997616
-0.999793708
-0.998909354
0.999998093
0.999989808
0.999989271
-0.969719172
-0.999965012
0.999954045
0.997037172
0.945426524
0.999999702
0.98561132
-0.999999702
0.999921679
-0.996747613
0.989333451
0.99999845
-0.99998349
-0.99999094
-0.999993086
0.691893101
-0.998629272
0.932507277
0.998110414
-0.999848068
0.97311008
-0.998950958
-0.181458443
0.999995351
0.999969065
-0.999995649
-0.840474546
-0.998425603
-0.999999762
0.999658763
0.975444853
-0.999016881
0.999112129
0.678800821
-0.820062816
-0.999999702
-0.999997497
0.999990523
0.999995112
0.622725487
0.999955237
0.866822004
-0.99997431
-0.999986708
-0.995681107
0.999994278
0.999846697
0.999980628
0.999994278
-0.99981302
-0.999339342
-0.99999398
0.999744117
0.999990821
-0.904779255
0.958780587
-0.99996841
0.999997854
0.999982893
0.999999523
0.999904096
0.999989986
-0.999999523
0.998969197
-0.990735471
0.999997914
0.999873936
0.999982595
0.999903977
-0.998851895
0.999797165
-0.999992847
0.999986589
0.999979258
-0.999722362
0.999920368
-0.561586976
-0.996084094
0.999842823
-0.999672532
-0.999999523
-0.999891281
-0.99182415
0.999982774
0.999999344
-0.998297572
0.978613973
-0.922439456
0.999999583
0.522266865
0.99999845
-0.99999094
0.999999464
-0.999931812
0.999999285
-0.998900056
-0.999992788
-0.780629456
0.998667836
-0.994865417
0.935326695
0.180760697
-0.950494051
0.841242433
-0.999219954
0.997494459
-0.999999762
0.999997556
0.547799528
0.998217106
0.999132335
0.991529882
-0.97438699
-0.999997854
0.989617825
-0.991303265
-0.994826198
0.999970853
0.998235464
-0.996648073
-0.995537221
-0.898756623
-0.915678263
-0.997112453
-0.999986827
-0.854570568
0.99999851
0.993156493
0.999994934
0.95157975
-0.996580184
0.645178974
-0.999999762
-0.997816265
-0.808190525
0.85642004
0.985940933
-0.508117616
-0.728462279
-0.999790072
-0.404502869
0.999994695
0.99984622
-0.99994868
-0.999996603
0.242315084
0.971986413
-0.989805818
0.999924898
0.99935329
0.992095113
-0.999702036
-0.999868274
-0.999999523
-0.999431312
-0.378080845
0.999972463
-0.999997675
-0.878451288
0.96903652
-0.999886692
0.996272683
-0.0897233635
-0.99944675
0.986532331
-0.999999762
0.999349713
0.999646842
-0.999993145
-0.832939744
-0.999937415
0.999999166
0.27966997
-0.999998868
-0.999346316
0.999971151
-0.602212131
0.999870598
0.990665317
0.999999702
0.909950554
0.999998927
0.999992728
0.947057784
0.998208165
0.0763020441
0.999949098
0.644569039
0.99999398
0.99917841
-0.384397149
-0.999100089
-0.999386013
0.975866616
0.999595642
0.328188747
0.965951622
-0.99852705
-0.999997318
-0.997897446
-0.99865675
-0.993775547
0.566555619
-0.999981165
-0.999631763
0.995975137
0.997297645
-0.999998212
-0.901169717
0.592674255
-0.873488545
-0.999831498
-0.855871916
0.999995232
0.872932434
0.996172369
0.999978006
0.999592781
-0.957412004
-0.999999762
-0.982737839
0.9993999
0.999975562
0.999999046
-0.860601604
0.999273837
0.62800616
0.92913717
-0.999738693
-0.999747872
-0.772551
-0.999999464
-0.989495754
0.993543267
-0.910584152
-0.999955773
-0.479055434
-0.999986649
0.960791945
-0.999999464
-0.934866309
0.774017334
-0.999999464
0.97945559
-0.999982715
-0.546112597
-0.999998868
-0.959082603
-0.999803305
-0.992184937
0.999531746
-0.959053934
0.999371111
0.999951243
-0.999278784
-0.999996901
-0.999999583
0.558537304
0.999999762
-0.983695388
0.98374933
0.999753118
0.984559357
0.999414265
0.999998868
-0.99986732
-0.999999583
-0.999970496
-0.999987245
0.991208255
0.7712937
-0.999759376
0.996625245
0.999609411
-0.99995172
0.937374651
0.999283314
-0.999991179
0.999926984
0.999999344
-0.999992847
-0.999999523
-0.995139718
0.99316293
0.999999166
-0.929340243
0.997946799
-0.999997437
0.995522797
0.966476619
-0.999994099
0.999673307
0.999972939
0.922653854
-0.999989152
0.999999642
0.999763966
-0.985061705
-0.816408515
-0.968706787
0.0950845107
-0.987644494
0.999972284
0.99993372
-0.999993384
0.999999225
0.974229991
0.999945998
0.997373343
-0.774791479
0.99887377
0.999999344
-0.998725057
0.999895811
0.544666469
-0.25807032
-0.774232268
0.998769462
-0.998792052
0.999974132
0.999949336
-0.999996364
0.999990046
-0.999448895
-0.511430144
0.943092763
-0.959229231
-0.999999464
0.999973476
-0.999924242
-0.999800384
0.999854863
-0.987990201
0.999989629
0.996805549
-0.998446167
-0.999999702
0.999998808
-0.999996483
0.998253465
-0.18074666
0.999483526
0.995522082
0.981409132
-0.145811871
0.999830186
-0.999995589
-0.999729693
0.995687366
-0.99595505
0.862976551
-0.403508067
0.457978994
-0.831179261
0.999236166
-0.991137922
0.996971607
-0.998690605
-0.999298513
-0.999989271
-0.999893188
-0.999989688
0.518161714
0.999545932
-0.999915779
-0.999771237
-0.247570112
0.998488009
0.999999523
0.374966681
-0.998073161
-0.999994397
-0.999887824
-0.999673665
-0.999929845
-0.999999642
0.497637779
-0.998540461
0.999999523
0.693020105
0.996397078
-0.999987245
0.99998486
-0.144913509
0.999986827
0.829030335
-0.453937709
-0.740912378
-0.999917924
-0.999998868
0.99999851
-0.34197998
0.999933302
-0.91994679
-0.999997556
0.968723118
-0.999998748
-0.999973357
0.763866723
-0.996249974
0.999999762
-0.999990046
0.999577522
0.935544252
0.999817848
-0.999691904
0.346235901
-0.659409761
-0.724220276
0.999980271
0.999999702
-0.996060371
0.95925051
0.941839755
0.999079108
0.999998808
-0.999826252
-0.999807298
0.9882797
-0.999965727
-0.999941409
-0.999997497
-0.999999762
-0.659507096
0.905324996
-0.997490883
-0.9996292
0.9973436
0.996984422
-0.626417935
0.995036542
0.999997437
0.999800086
0.964093089
0.988557816
0.999998093
-0.832975149
0.612553358
0.982402563
0.999995768
0.999942243
-0.999997795
-0.999954522
-0.995769322
0.99930656
0.80311048
-0.997694552
-0.99998796
0.995237291
0.996654093
0.999998629
0.00755469035
-0.0989516154
-0.99999702
-0.999999225
-0.795979023
-0.993234694
-0.999321342
-0.999995828
0.999999225
0.999957144
0.834623754
0.999998927
0.999999762
0.991964519
-0.998748124
-0.999999225
0.99945122
-0.439803213
0.984438658
0.999996662
-0.999925137
0.877610683
0.973570287
-0.131619126
-0.999995828
-0.984698117
-0.990398109
0.991395235
0.999978662
-0.991412461
0.995939493
-0.997723281
0.999998689
0.999912262
0.664900064
-0.618631721
-0.994725883
-0.993026137
0.999999404
-0.910970449
0.229384825
0.999999702
0.987201214
0.592492104
-0.882738709
-0.999908984
-0.976289511
0.99945426
0.964486718
0.999512792
-0.999848247
0.656998575
0.999997735
-0.757423043
0.996491671
-0.999989033
0.999999464
0.94045198
-0.999523759
-0.999964297
0.671474874
0.683696628
-0.99999553
0.999999702
0.999996364
-0.548919618
-0.999990344
0.999951601
-0.0259860735
0.998048484
0.141006395
-0.998581231
0.999955416
0.999999583
-0.99945122
0.675201178
-0.952920675
0.999997258
0.131095424
0.999989271
0.999982595
-0.998447239
0.999813557
-0.876606584
0.999998152
0.123174146
0.999929845
-0.998082936
-0.996832013
0.8833915
0.999999762
-0.164252952
-0.999973893
0.549237847
-0.98601681
0.680840313
0.601108491
-0.613482237
-0.993351161
-0.999905825
0.996406436
0.817343652
-0.999603629
0.999703825
-0.999999106
0.99920553
0.99719274
0.999906003
-0.949110866
0.989434838
0.999930263
0.999999583
-0.0746027455
-0.999999285
0.0366419926
0.894277394
0.999985456
0.999987423
-0.74208349
0.392893732
-0.59743619
0.998380899
-0.893766582
0.985974669
-0.999968588
-0.452747166
0.999999404
-0.98865056
0.99581188
0.983590007
0.999974191
0.999974668
0.999979734
-0.957904875
-0.9943524
0.998176038
0.999503553
0.999986649
-0.999999285
-0.999997973
0.970368922
0.999997139
0.999999762
0.999256194
-0.784303844
-0.999994755
0.972690761
0.999986768
-0.716854036
0.995981753
0.999995053
-0.999999046
0.999846816
-0.997315943
-0.964206755
-0.999976277
0.461063534
0.783684433
0.999827921
-0.999948204
-0.999997199
0.999985993
0.957533777
-0.999499857
0.999996305
-0.999978065
-0.552242041
-0.999238312
-0.999204695
-0.999999702
0.999883235
0.999994695
0.99322015
-0.999964714
-0.731675327
-0.985819221
0.885599375
0.976821899
-0.836996257
-0.999327183
0.999968231
-0.999867916
-0.951264024
-0.262387812
-0.999554634
0.818006694
0.832734466
0.999999702
-0.997151315
0.999999583
0.987430871
-0.998532534
0.783690333
0.994778931
0.999204576
-0.999998927
0.935721338
-0.0523156077
0.999995172
-0.997865915
0.999859571
0.937019408
-0.982427239
0.975057304
0.959076226
0.993253291
0.998300493
0.987805605
0.999960303
0.967521071
0.999995053
0.981665313
-0.995587051
-0.738344073
0.854657471
0.998820841
-0.999995947
-0.997162282
0.999273002
-0.999937892
-0.999984562
0.558413029
0.999999464
0.45709905
0.999996424
0.999948919
-0.99916178
0.999938548
-0.282534868
0.99988997
0.999251246
-0.98859477
-0.999991
0.999999285
-0.999979675
0.999999344
0.999980271
0.998470128
0.999999583
0.999999404
0.999883056
-0.973098993
0.99981755
-0.999999642
0.526403487
-0.619025469
0.992103338
0.991979659
0.874750495
0.999933898
0.99999851
-0.999992788
-0.999600291
-0.999999523
0.999990821
0.754153907
0.999996603
-0.99973166
-0.999998271
0.999936879
0.999995887
-0.99644196
-0.899054706
-0.99998033
0.999998748
-0.996186078
-0.117461361
-0.999994934
0.999991715
-0.999982715
-0.630171061
0.991491377
0.99916476
0.999998748
-0.860163271
0.999141157
-0.99996841
-0.876820922
-0.999994636
-0.168815732
-0.899605274
0.999998927
-0.999999404
-0.968747079
-0.719144344
0.999998927
0.999977052
-0.999994576
0.994759023
0.611587644
0.999999583
-0.978508413
-0.926028192
-0.999902248
-0.999988794
0.999970913
-0.619702578
0.989120841
0.978764236
0.914497972
-0.999999583
0.999793351
-0.999454021
-0.999987364
0.775207579
-0.999997973
0.999587059
-0.99982971
-0.999774396
0.999985456
-0.991746247
-0.999974728
0.999994576
-0.999999762
0.999979138
-0.999976933
-0.999985635
-0.999315143
-0.999940157
0.988512099
-0.999999523
-0.999999642
0.999813437
-0.999544144
-0.992914557
-0.999940634
-0.999998808
0.999125898
0.394711167
0.99922955
-0.362763524
0.999726355
0.208695754
-0.999992609
0.0613419227
0.999998748
-0.999999106
0.999768376
0.999984145
0.330348551
-0.585847259
0.999999285
-0.99999845
-0.324160755
-0.91767925
0.994828343
-0.154452264
0.999995947
-0.999997616
-0.99999702
0.939381063
-0.999998152
-0.998507202
0.972106218
0.649077535
-0.992587864
0.999999762
0.453350395
-0.629479349
0.933742046
-0.999994636
0.996865749
0.999975026
0.984143019
0.999634385
0.998295665
-0.999780953
-0.649897575
-0.999662936
-0.988515973
-0.631566346
-0.87266916
-0.999995291
-0.824840665
0.989901483
-0.964809239
-0.999970257
0.999997318
-0.999998033
0.999951005
-0.99999553
-0.999995053
0.999040246
0.999907076
0.717237175
0.881719589
0.755386531
-0.991455495
-0.999988735
-0.981700957
0.989975989
0.999335408
0.999984682
0.998307645
0.999999404
0.922650218
-0.982799411
0.84735465
-0.999796391
0.986819625
-0.999705791
-0.999992788
0.99996829
-0.971539319
0.999551892
0.829209268
0.999892533
0.999968112
0.999999523
0.999924898
0.948555708
0.979422688
-0.999999523
0.999997795
0.99994725
-0.998828113
-0.99992764
0.996956468
-0.995579779
-0.988185048
-0.999999762
0.999985516
0.786098838
-0.919757485
-0.99997896
0.972189963
-0.999999404
0.999240458
-0.999780238
-0.857197404
-0.987775505
-0.969213128
0.998336375
0.999715805
0.793753564
-0.999996603
-0.999998808
-0.99996537
0.954970896
0.992385268
-0.998640001
0.988829672
-0.22547099
-0.729329288
-0.998592913
0.999427438
-0.999991417
-0.808049023
-0.998057842
0.993406773
-0.210673437
0.990532041
-0.999999046
-0.932312489
0.920026422
-0.999999702
-0.996528506
-0.999805987
-0.999981821
-0.999199808
-0.99186039
-0.999999702
0.999262094
-0.999937773
-0.957642913
0.99704963
0.0041975202
0.999953449
0.999888957
-0.999997735
0.999981284
-0.999999166
-0.999999583
0.999997199
0.999981463
0.837322235
0.825675964
0.997550964
-0.866010129
-0.999991
-0.999999583
-0.992685795
0.999870181
0.955373466
0.999951422
0.999997079
-0.999996185
0.999967396
-0.999458432
0.890003085
0.365657121
-0.931251287
-0.995393932
-0.988301516
-0.990471184
-0.999951184
0.166177049
-0.999991357
0.157900736
0.99999541
-0.983995378
0.998617232
0.99992615
0.999916315
-0.999567747
-0.999975622
-0.999875903
0.927246273
0.999516308
0.986295283
-0.999934852
0.999677122
-0.0938505903
0.999418259
0.999511063
-0.673715591
0.999997437
0.774656713
0.973995507
0.963482976
0.999982715
0.966450274
-0.999971807
-0.999997973
-0.728099644
-0.99636966
-0.998523414
-0.999998629
0.116853885
-0.995374262
-0.646567762
-0.999998629
0.999950886
-0.999997377
0.999982715
0.999976933
0.950807989
0.112605475
-0.534635425
0.700897217
0.999824047
0.999993682
-0.666412055
0.999901116
0.984599888
-0.99340409
-0.371304691
-0.999971926
-0.999998391
-0.999993801
0.999994338
-0.98674649
0.997900426
0.0726557672
-0.999943733
-0.999375999
-0.759853184
-0.748375058
0.348704845
-0.99996382
-0.96637696
-0.998079598
-0.897592306
-0.988720417
0.916414976
0.999808848
0.982217729
-0.999998152
-0.999995351
0.993384302
-0.998001099
0.998446286
0.986747265
0.99999547
0.999987066
-0.990381718
0.867733836
-0.999979258
-0.98376745
0.999999404
0.99651736
-0.938898802
0.908812523
0.999998391
-0.995494664
-0.962079227
0.999823153
0.999911189
0.991390526
0.999946415
0.99903959
0.994714379
0.398860782
0.981480837
-0.841268539
-0.976252973
-0.975668073
-0.999927998
-0.999786735
0.999998808
-0.216198981
-0.999683321
-0.999981642
-0.999997318
0.999967337
-0.999994278
0.999656081
0.999956012
0.999990702
-0.999999285
-0.989281297
0.99960196
-0.999985099
-0.962030947
-0.999959528
0.999950349
0.999658525
0.999898612
-0.999955058
-0.760426462
-0.890898108
0.992944896
-0.999549985
-0.712784111
-0.997950554
0.999297142
-0.673517168
0.496144325
-0.995511055
0.999897242
-0.458768427
0.999956012
-0.971286893
0.999998808
0.999999642
-0.546319842
-0.998147249
-0.955376685
0.413111001
0.999999344
0.999921143
0.999869943
-0.999981165
-0.999329269
0.978408098
0.999987364
0.702719033
-0.99999398
0.999968827
0.999973655
-0.997941673
0.999559164
-0.998609722
0.999995351
-0.999974906
-0.761778474
0.999998748
-0.999725878
-0.65382576
-0.983888447
-0.999999464
-0.999998808
0.0321028009
-0.999574482
0.999999762
-0.96412611
-0.999999464
0.999997914
0.999961376
0.983654439
0.999821544
-0.999981642
-0.997818649
0.999947786
0.996238887
-0.999980927
0.997220278
-0.676361263
-0.999999762
-0.999997139
-0.999189377
0.999955773
0.65320462
0.998610854
0.417238772
-0.999992073
-0.997731745
-0.99655813
-0.999998987
-0.857226849
0.999835372
-0.595523715
-0.999992192
0.999995291
0.913425863
-0.999999642
0.241165936
-0.999481797
-0.999977767
-0.811763287
0.9505018
-0.999504089
-0.870446324
0.989661872
-0.999996483
0.999999523
-0.999998033
0.394358814
0.116708875
0.999999702
0.69955641
-0.941686571
-0.444511056
0.974299669
0.999999583
-0.99924624
-0.999999642
0.999804437
-0.986158967
0.998842597
0.967530131
0.999662876
0.998922765
-0.990636647
-0.999999106
0.62685591
0.999912083
-0.999938965
0.999736011
-0.512440383
0.996155977
0.970901132
0.999906242
-0.999998271
0.999709845
-0.589648306
-0.997309566
-0.999999106
-0.999866843
-0.999999166
0.999998093
0.241284356
0.999999702
0.597011805
-0.999254286
0.999396324
-0.999898136
-0.979634523
0.999750018
0.999983549
-0.990812123
-0.9999879
-0.971125066
0.999992251
0.99916923
0.999993443
-0.948204815
0.999999523
-0.0606737584
-0.0396049917
0.999997437
0.29899326
0.999869466
0.998604
-0.999997199
0.927367985
0.999933779
0.621588945
-0.993470073
-0.999997079
0.988461375
-0.995917439
0.927744091
-0.828126132
0.995399714
-0.982853472
-0.999999166
0.999985635
-0.982293904
0.999999762
-0.998529017
0.999999583
0.999998808
-0.999997497
0.975752711
-0.975113213
0.999869227
0.993598342
0.999998987
-0.999978304
0.938003302
0.999753714
-0.999999344
-0.999998033
0.999730647
-0.972624958
-0.953984976
0.791679025
0.933058143
0.993526757
0.999998868
-0.967252672
0.999558747
0.828316271
0.439295977
-0.926268518
0.983445644
-0.999337614
-0.999991477
0.998939455
-0.0152954431
-0.947648823
0.755978823
-0.999022484
-0.999067903
-0.696067154
0.999999762
-0.997907639
0.999996722
-0.139873818
-0.999988616
0.999975026
-0.645366669
0.999994218
-0.705526888
-0.999996245
0.994092584
0.999968469
-0.993799686
-0.984956264
-0.999998212
0.58809036
0.999992728
0.999973834
0.997725248
0.999997675
0.975896001
0.999834299
0.139182597
-0.999989033
-0.999860287
-0.999980867
0.999815702
-0.999999523
0.698488533
-0.97030139
0.999879539
0.678511798
0.945884287
-0.999996424
-0.995536327
0.999999762
0.99818486
0.389432162
0.99963671
0.999935865
-0.999997616
0.999999464
0.979186356
-0.664264858
0.993739367
-0.986284912
0.999988794
0.999745309
0.977440536
-0.999923944
0.999999344
-0.792496204
0.999996066
-0.999998689
-0.999988019
-0.9999699
-0.99995631
-0.993161142
0.997537851
-0.985611618
0.99999851
0.999993503
0.999968886
-0.999316216
0.973796606
0.671496034
-0.999987662
-0.996369123
0.489686966
0.0411470719
-0.999950349
0.999998569
-0.999968767
0.987630367
0.99828434
0.933149338
0.99996531
0.76900512
0.99993962
-0.999999464
-0.999999046
0.978595018
0.842097044
0.984250009
0.999610186
-0.870371878
0.976860344
-0.0313807316
0.966393828
-0.997615039
0.999999106
-0.266305357
0.999883473
0.994642437
-0.996943533
-0.999997675
-0.99999851
-0.747079134
-0.246780783
-0.999845982
0.93622458
-0.995041728
0.998155236
0.998888254
0.999980628
0.999999523
-0.999985218
-0.968737006
0.75583142
-0.993892312
-0.490287662
-0.998827219
-0.999372542
-0.999994993
-0.997573435
-0.952084064
0.951371491
-0.999365449
0.999983251
-0.999962747
-0.992036581
0.84630698
-0.995020747
0.999559224
-0.0277442038
0.231333047
-0.0198420621
-0.995642006
-0.999999523
0.999998689
0.0868917257
0.999999344
-0.999780118
-0.982104361
-0.999998868
-0.08151149
0.999990284
0.985740423
-0.438692331
0.527772069
0.999970078
-0.802343309
0.999990284
0.998622954
0.999569476
-0.97296083
-0.920255661
0.809130669
-0.999885857
0.69188714
-0.999997616
0.0679834411
0.999576986
-0.998264849
0.999999702
0.993796945
-0.999989927
0.999999523
-0.935100913
0.999840558
-0.988459706
0.99999845
0.999427855
-0.999868572
0.144932479
0.00124645641
-0.999999046
-0.99998194
-0.990479648
-0.397009283
-0.5968135
0.93543011
0.243123993
-0.991900921
0.947739244
-0.99995923
0.999999702
0.99905616
-0.996762574
-0.989413857
0.999945223
0.47571969
0.997490823
-0.996704519
0.999918222
-0.970815063
0.99234575
0.999999583
0.871488214
0.999849737
0.998523355
0.995139837
-0.999999464
-0.385545015
0.999999344
0.999765933
0.999709606
0.846067786
0.998325944
0.87079823
-0.999947309
0.968306184
0.957567573
0.99996376
-0.999974549
0.993861616
-0.999999404
0.999998808
-0.99999243
-0.999999583
-0.994862914
-0.99997139
0.995506465
-0.892475545
0.999698341
0.999997139
0.999986827
0.998944938
-0.999998391
-0.999981344
-0.999828696
-0.992619872
0.988931596
0.386462271
-0.99485302
-0.999942601
0.999996245
-0.98720634
-0.981296837
0.999668121
0.998300314
0.979816437
0.995892465
0.942639649
-0.999894261
-0.99940002
0.730307698
-0.999699891
0.999999464
-0.99692589
-0.997665346
-0.999829054
0.997171164
-0.994283557
-0.984283447
0.999998093
0.999843121
-0.998579741
-0.999988854
0.993002951
-0.958318532
0.999999583
0.999924779
0.999999046
0.999883175
-0.997554719
-0.99776566
0.997888684
-0.985455155
-0.726833761
-0.999175787
-0.322766066
-0.99985534
0.549208224
0.999998093
0.996250808
-0.999981821
0.951824307
0.883014143
-0.999473095
0.991312683
0.459489375
0.976081669
-0.999998808
-0.882548511
0.998094976
-0.999994397
0.999654889
-0.999999762
0.667178631
0.999997795
-0.903229177
0.999998212
0.999988973
-0.345939338
-0.999866903
0.999999285
-0.993479192
0.981406152
0.999995708
-0.999996066
0.829375923
0.50978291
0.998415411
0.999998271
0.999996364
-0.999939024
0.999990225
-0.999937594
0.99999702
0.999999762
-0.928594589
-0.073723644
0.999998271
0.999999285
0.999997616
0.999988377
-0.999999702
0.795923531
-0.999993026
0.999999642
-0.997974455
0.999999702
0.599782705
-0.0970944241
0.999998391
0.999973595
-0.47124356
-0.999892414
-0.999991715
-0.99995923
-0.576609492
-0.999153852
-0.999912918
0.998970985
0.999818027
0.794861794
0.999468744
-0.99993819
0.999977589
0.99999392
0.999942899
0.239732742
-0.999996364
0.991151214
-0.999916792
-0.999979794
-0.992952824
-0.999369919
-0.999053001
-0.999577999
0.999405265
0.999999046
-0.996469676
0.99840343
-0.999999702
0.985476792
0.995820403
-0.999998391
-0.999990106
-0.995876789
-0.907528937
0.0403056927
0.999993563
0.997038841
-0.995289326
-0.999990344
0.999996722
-0.997168839
0.950216591
-0.999750257
-0.999983847
-0.999969721
0.999278903
0.934378982
-0.873217583
0.657133758
-0.43557024
0.537250936
0.989570379
-0.999755919
-0.999381542
0.999423683
0.999987006
-0.999996901
-0.692129731
0.997058511
-0.999997258
0.772581279
-0.999998391
0.642481387
0.0875680298
0.822088718
-0.99997282
-0.991861641
0.314439714
-0.999990702
-0.999839008
0.869337976
-0.999995887
0.164497375
0.99989748
-0.6322065
0.208847031
-0.598767996
-0.999998569
-0.538433671
0.99989146
0.998423576
-0.930863559
0.999920011
0.999232948
0.849117279
-0.999999046
-0.986278772
-0.999998271
0.999999762
0.999998152
-0.999997914
0.999998093
-0.999999404
-0.89728862
0.999634504
0.999595821
0.999999583
0.981396079
-0.854934335
0.999999762
-0.95452106
0.999985456
0.99999553
-0.963290513
0.994241655
0.988777578
0.557228267
0.98540777
-0.984790683
-0.999931991
0.534294188
0.431290209
0.998638272
-0.999720097
-0.999999762
-0.999999523
-0.996851444
0.992270589
0.611382067
0.470675558
0.999935865
-0.999380648
-0.985548973
-0.998476624
0.999998331
0.998509109
-0.999991655
0.999899983
-0.859688699
0.999598682
0.999990702
-0.999999642
-0.999835491
-0.999994338
-0.999999344
0.916155815
0.997013092
-0.999998927
0.99909234
-0.916026592
-0.999593616
-0.999764681
0.999982417
-0.999998629
0.0622529797
-0.997645915
0.999918282
0.998788655
-0.993933499
0.916496456
0.992028415
-0.993582845
-0.996490061
-0.999978006
0.988198996
-0.999734461
-0.996628881
-0.99999845
0.999998868
0.99998945
0.999996185
0.96513319
-0.822595
-0.0699529648
0.999999464
0.999998569
0.991720438
0.999786675
-0.993966162
-0.871385157
-0.999973357
-0.962339222
0.999417663
-0.400041968
0.999972105
-0.996603429
0.997395754
0.999887407
0.999996543
0.760826707
0.999999404
0.724279344
-0.999983609
-0.9994663
-0.999849319
0.981876433
0.999997258
0.999970078
-0.999995649
0.998488009
-0.999900162
-0.998789489
0.992312849
0.928410649
0.999987185
-0.999907255
0.99953866
0.998474419
0.735959947
-0.318244636
0.999985337