0.8479464883826706
0.34388491724999426
0.4691979552440262
0.0083171105963733
0.9220883957440529
0.9469575118681244
0.47706707045145713
0.009132599576333167
0.43043531326923345
0.29292261300238776
0.23121539351915854
0.007217985005767535
0.37364387652703357
0.4117358690661346
0.5605543586396154
0.3947520796201833
0.16326949533028878
0.7371178541033774
0.38972326985319594
0.37835806027496177
0.262980275446249
0.42223938275369266
0.23956181493856055
0.7645382940766146
0.9099544034392849
0.8075749404275756
0.6846402903785193
0.28467685467345294
0.7429268921311517
0.8088086490990372
0.41290387651324734
0.8534820233916041
0.1824071790026428
0.28959529929128547
0.6368927095483468
0.6177294139025153
0.27213413045162405
0.6227537802755535
0.1877894425440112
0.01939539724699635
0.04963207222309862
0.5349707530597663
0.18593759814152566
0.10227348865653973
0.26919513288914554
0.715195942211275
0.727107070447535
0.23281049795595543
0.15068369369748857
0.4935795531957453
0.34191285386862624
0.3115766852030555
0.7994623519360702
0.9979634461655995
0.46368446720342926
0.7914247142652953
0.33024864703583034
0.8435462992680786
0.951644041732608
0.056038344401892815
0.7756529107125235
0.07138469474905684
0.47014677659871973
0.1921922929264528
0.8415392879402597
0.8172507239995703
0.8282520473943314
0.12196155618577076
0.7681456708511898
0.24896236050723408
0.7712253330273345
0.44296094214292003
0.7376190125535086
0.033510291570275075
0.46083463531227986
0.7709959677901886
0.5211391200572839
0.9821158514056141
0.4728255449915152
0.6814423200578532
0.31210936558406976
0.32306318848290616
0.6291642541306993
0.04218591559473106
0.9374209236322338
0.5209262529175096
0.2533127403350889
0.6385200120420238
0.19872363180239982
0.8875195760435425
0.8636576657496003
0.21778824905510286
0.11292845931623752
0.6329089659017447
0.3245134876300968
0.16736035640828606
0.2761000438384478
0.11964959201073866
0.7891437801948885
0.008929855889342142
0.041993369021095406
0.7834752402510599
0.4752706787616501
0.5962122839316125
0.3713986633032337
0.08947990274967443
0.1576984561973751
0.09140155230421299
0.6186448584379411
0.9308487845186271
0.9969731029835355
0.6251323302094067
0.059775131609422494
0.6445748966479184
0.7013281400230029
0.7914662443652127
0.1258274576652264
0.23267463085606355
0.9816757109638335
0.7885618257868735
0.756697523201389
0.8055253765865859
0.43871889809659737
0.19296529905015847
0.6892499802840422
0.3581674972504314
0.13473217376095226
0.8986630442700426
0.48530213316251314
0.4375000041650592
0.2947145964408969
0.6970377749956548
0.18977583621965144
0.18662672894910382
0.3476646790182655
0.7324024101227128
0.27532446285830314
0.8313495933911199
0.9144740019780461
0.5545203101660565
0.06887658336115943
0.15502547807532696
0.29567266121073477
0.263349268895432
0.36711270700453946
0.0007198287242494716
0.6380260624435374
0.3790435696665774
0.18553429009714995
0.018719856588055195
0.8568292883342146
0.7760165677979388
0.23878655821602113
0.7210035626839232
0.6582894173798199
0.5389565215934048
0.38749084018073565
0.5240697688104523
0.49754915956954726
0.5514678072492145
0.6130392423505268
0.32260003991279396
0.6409039297850732
0.11046413403940414
0.5232005391932355
0.06667984309626562
0.8351933578982914
0.1297742663222461
0.8734927775805723
0.20207902868878214
0.4853702872366953
0.09875358664853229
0.571012181354699
0.8362995266064913
0.6579212582849684
0.5258213626144117
0.7013140215747126
0.25593853033397806
0.3663540200942962
0.60595362423245
0.070873960950122
0.930211036809051
0.20873809349350148
0.4914055014282741
0.8897673251634665
0.07995680323287202
0.8010199490108841
0.060700188286051504
0.5580198894700217
0.9382438576998606
0.4159532027097531
0.3690686508584735
0.7084337849788369
0.8236429662774005
0.26581563449666523
0.04065315227434285
0.0703881296102441
0.3039045488680554
0.9446034820072357
0.9605867454371249
0.09711925015766254
0.7251719328091889
0.5316610514024726
0.18946041310667572
0.5261920217936971
0.24876302905401337
0.625325053539152
0.17889789162891712
0.7491943579773724
0.41518460024974024
0.10551418189915573
0.638624299888042
0.35796336587140376
0.4587205924283744
0.6652423547735437
0.8828240193732261
0.16680931890354744
0.1803965386000682
0.4015571736148952
0.337512870561569
0.1581764558993315
0.9984335720532814
0.44301216999828785
0.35232407527033216
0.3151549961423973
0.9914629906181269
0.32465410862009236
0.37171951243537127
0.7641843679043712
0.4305880727332455
0.7258676836151697
0.608413370257039
0.5631447028042841
0.2139281360437204
0.7657082196342848
0.9261469225926574
0.2540891271830241
0.9616517756313344
0.4474997889982494
0.3970905616894038
0.7263132783372915
0.9829564711785478
0.5957628266237858
0.5176093588403292
0.9934120095545392
0.3018416539323987
0.3003339617281736
0.2218867034824401
0.8557204255082062
0.02170137145759954
0.8219399224471144
0.689719183909427
0.27595713674360567
0.5536631532853207
0.5563230855067685
0.9259224502117323
0.1547147862187559
0.037736300083769825
0.3556557532854907
0.13840819347640998
0.3670828930260639
0.58215570635987
0.2329941485542344
0.8110742367826583
0.09190512128537265
0.3997982484777639
0.9178818033444678
0.7342659538775799
0.723580526744515
0.7929041943142799
0.1729024908563226
0.8257052443848855
0.6895951010498992
0.5762324617766981
0.9076556421470944
0.5952312025595801
0.30039325384327464
0.7307893619562772
0.5762836961563387
0.07847739592285385
0.0559227088233194
0.7709015036701384
0.3479302069529332
0.8171417000465422
0.41652171261791937
0.8678310969512203
0.8697865141212199
0.2267176713621516
0.6527791831603509
0.6023016343165425
0.011434380962603519
0.7774186181440473
0.38248696218526324
0.30478339287924283
0.04118225216356319
0.5399297294386691
0.14958001916730124
0.5024016104472327
0.22079717482028516
0.05051981414582751
0.7315785735649414
0.3928827045190352
0.4456162359777107
0.5951321912948403
0.5047293461120348
0.2220856281514143
0.2897830291566871
0.39432240387806594
0.13218904537087806
0.08254511263858266
0.5714405905106293
0.049311098070088044
0.3991912995469419
0.08507898746823539
0.5018231156057946
0.7738251365562566
0.13037517489517414
0.13487076372595497
0.5592961773135403
0.4878610998043328
0.6522484389791688
0.19609930039322077
0.6159968375942019
0.7356677541453226
0.24624584050711307
0.07164398034108488
0.7767718987916836
0.32341164115621124
0.9241380808950829
0.08959464812673523
0.6717475534497354
0.42354060236564006
0.3483078568465243
0.32073836285266955
0.5938771490410705
0.024206830335269047
0.3048188475463931
0.9876519169637292
0.6162209944545034
0.9901591822713317
0.4422101052342515
0.14581847519027757
0.044877550931373245
0.8181719201318144
0.19968521360575575
0.37382079032056936
0.7577337825930621
0.8527641451792004
0.11237174078510426
0.054538013361754234
0.9489409150257888
0.9267296951091071
0.8687523516449686
0.8201339564299962
0.013733292693431376
0.6937952250561176
0.11127799231646984
0.45006157063834595
0.02274811515120201
0.20900954112420211
0.5380054579069861
0.20380135287660517
0.5232658814665313
0.2586580034255985
0.4830263303446918
0.7299235835097888
0.1413474209239418
0.6987552320082528
0.01838851255630447
0.5830049433264157
0.6635283419996432
0.04348200749945896
0.17031964704476332
0.2840135410479907
0.7891884945074221
0.6179647763913978
0.05308524865627895
0.654757871815387
0.008334175248427611
0.3886451472369792
0.2713103790803375
0.8520829447572587
0.6601003733293648
0.8642822735599535
0.019078323934194175
0.8674104428544812
0.6494111447522284
0.23116862013781703
0.38070120296284793
0.9766119398898542
0.09960371184253736
0.3154559693087797
0.8667727455281198
0.5315606451632132
0.186417387417519
0.5006508228688789
0.4579862621477807
0.9263499730264335
0.02148845821434553
0.24739213974975127
0.5294153638551199
0.3335696346307757
0.39339981782727473
0.1570052505908327
0.34677990290754546
0.351913082267181
0.6252309702510104
0.23620476570721272
0.9782442672445463
0.5012514611771574
0.8118928600997455
0.6257923637157631
0.8786772741911604
0.8904020860787615
0.814858637678337
0.02946589845520775
0.5549393515968055
0.28019384462820507
0.15170818076868464
0.8971753149691715
0.6569317589496126
0.08779501713730142
0.3822071218544083
0.9606056934445716
0.6124483933501055
0.6255246004948266
0.2274279774526755
0.24036080817057603
0.1527491541688516
0.970537173095217
0.9097353935641712
0.3292847383705465
0.5422337512058923
0.20675727466100935
0.1385765267985366
0.541353826851015
0.8001050591640936
0.8625876615800682
0.3089983961621827
0.7051363877851007
0.5238054835018717
0.13525249384391524
0.9956858002320087
0.9757769090685993
0.14515239489251186
0.9330299464229068
0.9171121206734174
0.31749621084193913
0.5573402980935688
0.9486015641647615
0.11838729071717868
0.31759758919121694
0.8796381216162653
0.7270795332601915
0.7654350125691849
0.880131900108576
0.41404015541967887
0.4112517632793493
0.443004487049652
0.933768524391193
0.8941300931338027
0.9332500304158002
0.27379616463152356
0.7791078849727928
0.10677143284340107
0.18474649657456732
0.7624474837329654
0.611981597669024
0.26686261300447955
0.5670430929389746
0.230911348733013
0.23218253426933566
0.687377885178361
0.35926133453455134
0.6881412847327161
0.4766022200441854
0.5023245874504613
0.6047117596027515
0.71201912797666
0.37395940113050097
0.8521294324655851
0.4914455970663347
0.1375127223416147
0.19325982947851017
0.03222955322704579
0.7645388541282346
0.015014260451757022
0.2698587026461813
0.41304402219171976
0.7423666616628996
0.9882434174629566
0.7577765897256292
0.06613632423488935
0.9271032061777938
0.9856276395863681
0.8671290026386034
0.4899428985108636
0.3248956268040456
0.4575449294417121
0.24678384086158633
0.40486676824252843
0.041826275050118156
0.7353317798996606
0.38037416875512087
0.3128974914114975
0.611504874670052
0.7424678547079447
0.593805801392789
0.5252305317028896
0.8757829718598168
0.7869198623188731
0.5206490912237487
0.45160959256366207
0.8270101016593498
0.042415916009097776
0.9958363715240481
0.5187026525875117
0.3956111966358917
0.7351700815502674
0.5577009498134095
0.5161266830947985
0.6306485530927204
0.04929544918127604
0.29117936223412955
0.3980398914545593
0.30455414782223855
0.8276210076057507
0.461347163963963
0.4224621824504414
0.6131342792438925
0.054546666815526446
0.5169696502661381
0.14223961877509161
0.8298935044266396
0.45169808782965537
0.7226467914928331
0.11317158624359502
0.7787311418760398
0.9378424576992394
0.6961141418397956
0.13530667419036257
0.4135593050976166
0.45088585484707433
0.17887857894361558
0.590315475289654
0.7126343913063027
0.20193200470915762
0.4546832076473508
0.25008229407723825
0.6917174283309014
0.9071624630054067
0.7964862224757225
0.718374719718563
0.12354421683543348
0.11416493882407774
0.4493984180247218
0.36294338915725455
0.5238173060661488
0.3840873742615717
0.7910665942370252
0.5116664514845053
0.9497538891427194
0.37867863141257974
0.38060700926114677
0.7682603237843884
0.9122527788221324
0.5654915785141691
0.6595303406020439
0.15008973451051177
0.8688185374782038
0.17886676467326867
0.7120474878796226
0.4195816912357673
0.3095183054369818
0.7686304223609426
0.4462582341490725
0.6264528496615293
0.11755397840247983
0.13157103181208574
0.2028517052794463
0.6225603279873416
0.25311097511803926
0.45864265782853664
0.8554110564190316
0.5435011596043002
0.005750548899053909
0.8827029205371946
0.23787835401947677
0.5888623271843092
0.4757119898031539
0.41015136571135635
0.07940491736841615
0.6001021042955892
0.24471317143863336
0.5473416095831464
0.6197660388695853
0.5575486482688887
0.8252525047036826
0.04891879994302972
0.14825616817969034
0.6532768782155203
0.03672105182241203
0.8538292872341877
0.6669965429461949
0.838014435792606
0.29844154664211775
0.9203846982695362
0.049031362748799046
0.4169569238553582
0.1782483917574228
0.672090495261405
0.611089756048654
0.6915136180806667
0.5949689863047196
0.7873075795335859
0.17741926734367952
0.4553378280202657
0.5789662924422967
0.9314798193860057
0.09312628782176957
0.2992944815965134
0.3685694254750741
0.3789393515904601
0.06766667782099534
0.42732383939109464
0.5504710828134854
0.29283271335673955
0.13454578907805104
0.694619438494801
0.2744185427517334
0.5270527334046208
0.5246462092537088
0.6958294973451716
0.6120537449284239
0.10930223443632625
0.7297285197626795
0.6289785990785555
0.9871892637585828
0.483662983209447
0.6886542782543451
0.9338916747881832
0.9862784423441114
0.2871873038042605
0.6088446069344726
0.31648855849847224
0.5253912253315947
0.9950243355575512
0.35385334437419
0.12971313755430258
0.5626343376666078
0.5197058001844937
0.6318576074968361
0.4925044537185159
0.17990723165619127
0.6094057577306153
0.7085870675033931
0.9792576595660704
0.001580917225831202
0.023986797518176006
0.6254607423896532
0.11792572392127187
0.8480697885701867
0.7995643512555062
0.9989870072501308
0.4140411395243718
0.33379225693382353
0.5604155049178265
0.6375035435880566
0.011297267978029768
0.20118713893009021
0.2816267032505386
0.7901955028462117
0.3077725492438971
0.5066896270960092
0.3239238393830701
0.006131262435292828
0.6858357886469579
0.3413615852300027
0.7243966428110118
0.6159933429964842
0.02911738181146062
0.17562908823799772
0.33051483209301
0.337936855273543
0.6724729573660214
0.9161630531735752
0.7972543838289249
0.6456522206645748
0.4814955231203607
0.6272004877076889
0.8920583267899181
0.5369675449723645
0.3351096545343851
0.7839890332085387
0.41395306533418574
0.7425846461655369
0.8351057359656187
0.2993437466393607
0.7249641543492498
0.31550284143669305
0.535885475715387
0.20826247019616984
0.6854933003464287
0.7995353334858003
0.8880294695182352
0.3535955404208081
0.9696132924355931
0.28046002865388353
0.031173164689186295
0.9836187688651739
0.6265108476152507
0.8424057749358526
0.570981641156145
0.3895662738932587
0.5951918670299994
0.8645936905022258
0.7515402086696134
0.7052661840455194
0.31449939839422714
0.031628215845655006
0.41386956786213647
0.4970544343966896
0.23764224627303754
0.45190632961286203
0.9507267497675769
0.21613987926468559
0.3023182986305113
0.11223127226692198
0.7849439832374083
0.7777903914607942
0.9133538461670586
0.4437740929871402
0.024934774629959966
0.4826631911468192
0.5000543084299398
0.19021167859521426
0.9236367678900952
0.7324410667559437
0.5236279615041517
0.7755332091997411
0.14329504794986092
0.8717989854384329
0.8221385179629435
0.9380238467167811
0.6767172887378956
0.13271715644886417
0.7245706322532336
0.459368410614045
0.7136773904026315
0.5223448732185064
0.004109869234124597
0.9323373440208282
0.6870523307332695
0.5942875807872049
0.08707589159376727
0.466875902482762
0.046139770024290816
0.5205777121050669
0.6589842866775
0.31248080002129264
0.577559834409459
0.3121428984317991
0.8921355844277566
0.3208803698461913
0.1925456396234585
0.27664953866806474
0.3191497905014984
0.44111562275233895
0.11765083873759363
0.14932072279971842
0.27363688584015067
0.01525671749039026
0.6229449626775515
0.514060661959464
0.20657737957335043
0.35031813792411726
0.31848491185197303
0.1415568287914828
0.7043536961376878
0.28326769600870416
0.2448250738626344
0.07124287122024264
0.6132628835159771
0.3387388925297342
0.44364763834123444
0.13007400206470998
0.47073557900855245
0.6754959378425479
0.10592691886126726
0.05379987572222633
0.42646574521002734
0.1789829932501732
0.5961213625317505
0.5927562238981625
0.8361744038024909
0.699365499957176
0.6163153376849316
0.3124406511510319
0.8174419790368314
0.7128986847281645
0.6708702654339359
0.5334849288951278
0.9736818888990878
0.7557429355712851
0.46569536304316894
0.13179528037396193
0.8128510177310593
0.9196890421107367
0.4682759053801223
0.4555841707467413
0.6844779748053744
0.7102159020788482
0.4653965642343899
0.23169421365446052
0.22379445391686015
0.8610962770558958
0.6169420872483607
0.9128616106767158
0.39207691835875114
0.6996146210824282
0.6651806185418959
0.7887787063478796
0.8824038902279815
0.45328306769957194
0.030264132211843098
0.47533436203663837
0.3514408206839269
0.4612416837048997
0.17080154480231824
0.7679415147648412
0.6044402314326037
0.1273940019901817
0.10293221030895394
0.8175528922250351
0.7967577733619607
0.32586972829811167
0.6494514127889572
0.7924309395411471
0.5327455659283313
0.4008164747844335
0.4134419056667036
0.620874838856541
0.5479490172790011
0.9738917312202949
0.38381645877703974
0.3407141581791501
0.8139157048915315
0.5909701990421748
0.7843139766171964
0.4353537080229162
0.7873267705902519
0.5445268801907684
0.23615431914542206
0.6626122569263369
0.07789440258865832
0.9308632590763928
0.574188290810199
0.4866303064996217
0.5921631350820921
0.46290843431188233
0.5550877012137614
0.8220230523140447
0.17617400220063117
0.955883446378959
0.06960763482942567
0.10874463383487365
0.8140667199820683
0.7713433788706788
0.3789110133603829
0.4942951473965429
0.6601647590211199
0.09053300483235538
0.8170335899212713
0.8872615365741244
0.9032560047133901
0.6361328200238896
0.00018434045521698028
0.14672535405219633
0.14921643177400834
0.5312558210753147
0.38998266023078676
0.57793141489595
0.19566662017749004
0.6815167879866462
0.3165977172533819
0.5702764078553516
0.9132042652335682
0.30455013303832423
0.9433332974961137
0.434727033360237
0.9825803035133921
0.34426462643064004
0.08928740458732076
0.008119252409717004
0.9864216484906068
0.40419741606441695
0.12755569705743475
0.294184662866671
0.3692228935739077
0.5488851366035604
0.05312731117638425
0.7033541244270671
0.8207532836399691
0.35924463055803113
0.8612478396461102
0.8656796368299777
0.23524117046382642
0.7022218822700074
0.39426832366894404
0.31812730961869395
0.38278961484158525
0.3815650450824949
0.5451187879682784
0.6624875603125252
0.47487141295573754
0.18822683807776552
0.3845950576910947
0.9244820427916041
0.8399626867267154
0.15426729089372504
0.9974560430104709
0.6700660819228675
0.13427744814457554
0.0717459965377244
0.015707799375026532
0.7213392323619774
0.48670133693461637
0.43673511575888857
0.9902176420075874
0.08466344428971606
0.6422428995813549
0.4158554662775453
0.4560286543785219
0.7889284245326408
0.6044295126967952
0.4257041709367072
0.1797973770975646
0.5094149144301167
0.5520500303810195
0.4500457673126065
0.35530723054514013
0.18579103369095806
0.6045732573228328
0.5779385007780563
0.8468038866736991
0.23674996727801856
0.5017288049254599
0.41083781366470784
0.5461662603642966
0.36697002525226674
0.9782334494431691
0.5681495777015994
0.7048825425548747
0.1131643696149347
0.48153290869100196
0.6904972648625307
0.14208747990567583
0.731293183016837
0.9835790981303949
0.9836683776272998
0.7788698172526088
0.46493632731549106
0.07823460193989262
0.8899154783045545
0.08844635073267892
0.47245157234864565
0.7416861106733749
0.9604110469573522
0.07808191838915657
0.6336876641154081
0.7980982406409713
0.3124997214454346
0.05277427214075081
0.34354617100233775
0.7785271332471325
0.4688688103410211
0.5126631103907159
0.46923239211712253
0.7338145474457293
0.42101610714878535
0.9605813024771251
0.798223222006991
0.28920844322076555
0.03532624017485342
0.9228645160618164
0.7494252793794187
0.7269717140869911
0.5637062732908363
0.06141776315346392
0.4731605319540283
0.16907924095436921
0.05161988479137325
0.9903648293894023
0.8088957796795672
0.6243170054800665
0.28681565437287226
0.08251016681508216
0.505596109307276
0.8514452560526342
0.2778487969342691
0.13253876280633925
0.2809719314814888
0.8578583840799012
0.01420301006309066
0.11154940429196902
0.17461384765901777
0.5917701254708113
0.1511356134649786
0.44665316767816854
0.8078406913235736
0.26125258790349737
0.7007748725726893
0.4849185137510984
0.7993720064117673
0.8620144280276486
0.342847995341358
0.08440146570910234
0.14507025178927246
0.933941854698388
0.1541502985180483
0.4959482755717731
0.9935855747233917
0.7703677891430779
0.23794743910929028