7.657827
7.340164
8.077017
7.701817
6.730188
7.508612
6.771275
5.522204
6.049338
8.445311
7.718898
5.584079
7.991924
8.790743
7.636223
8.290008
8.394074
7.988771
8.511349
5.697625
8.945926
8.316164
5.985991
6.477422
6.435077
6.638743
7.580722
6.668760
6.311115
7.375927
7.173248
7.575274
7.246395
6.901839
7.493642
7.150479
6.514552
7.521499
7.625788
7.235505
7.622180
6.679569
7.215741
6.443988
6.885373
8.146422
7.563534
7.169360
7.678735
8.920795
6.552414
5.646264
8.465736
6.539434
6.748140
8.304733
7.473715
8.062856
6.868005
7.076806
7.102570
5.464084
6.525728
8.285770
8.930981
6.305802
7.335195
6.253537
7.342001
7.488381
7.407351
6.266407
6.371530
7.007682
6.972697
7.430860
7.017887
6.058403
7.913140
6.668737
6.083011
6.791215
8.293020
7.499644
8.420359
6.554035
6.385080
6.324052
8.399910
7.211857
6.670036
7.574505
7.276075
8.039135
7.311403
5.497657
7.355891
7.621503
4.754066
7.302644
7.319777
6.840899
6.604781
7.861798
8.618525
7.269899
7.624138
6.088899
8.154777
7.808754
7.786106
5.893129
5.941693
7.946025
7.633473
4.401920
6.660280
7.861099
5.969062
7.412045
6.479798
7.900994
9.124895
6.901409
6.461167
5.672499
7.013808
6.838737
7.812890
7.865900
8.774976
7.467646
6.972954
8.758481
7.965271
6.251678
7.256527
9.252915
8.517650
6.459462
8.198115
9.182516
8.623091
7.910236
8.936960
8.383164
9.619885
6.976568
9.341034
8.360627
7.427676
7.324950
6.916323
7.186343
7.757762
7.586855
6.918565
7.770146
7.508656
8.465565
8.123335
7.474340
7.844093
7.678446
6.864456
8.969707
9.448494
7.585011
8.390062
8.194548
8.001239
7.166632
8.125903
8.373756
7.867082
7.757779
8.796494
8.794470
6.608633
6.489789
9.523532
6.840217
8.295670
8.721062
8.747223
8.301444
6.977221
8.205086
8.209436
6.574003
7.903757
8.489033
8.691474
6.647840
7.809601
6.971677
6.867326
8.734500
8.448858
7.285541
7.038075
7.597701
8.248546
8.678566
7.240353
7.410553
7.945807
6.896247
7.165603
7.677002
9.196598
8.910713
9.357933
7.780500
6.327426
6.908516
9.220749
7.469972
7.534486
8.617752
8.368856
8.413853
8.484980
7.420699
7.377769
7.593477
5.521003
8.229095
8.630863
8.053788
7.038060
9.079291
9.177354
8.591335
8.351128
6.620709
8.831390
8.569321
8.832575
6.792319
5.711502
8.812588
7.552577
6.068995
7.423334
7.940547
6.687703
8.061909
6.228103
9.974659
9.409540
6.987785
7.032216
6.692862
6.634794
7.615217
6.406670
7.994123
8.345045
7.674511
6.733943
7.703710
7.775844
5.584506
8.071939
7.802627
7.423488
5.812124
7.635157
7.357804
7.516066
7.565672
8.579937
7.546210
9.369401
6.509723
7.902707
8.562491
7.203436
7.501397
6.099820
7.390900
8.272429
6.863126
6.063559
6.700155
7.101390
6.925405
8.045285
7.852763
7.862813
7.084158
7.536097
7.536404
8.880877
7.188041
8.229224
7.840540
8.053999
7.016334
8.730916
8.403332
6.416831
7.835114
8.223065
8.100883
5.929871
6.352012
8.437970
6.884942
7.802321
8.007957
7.322883
8.045161
5.566756
6.512081
8.713249
5.708396
7.495785
7.175666
7.739961
6.366339
7.009552
6.877564
7.371503
7.968076
7.669326
7.123662
7.057264
7.518554
7.565543
7.853557
6.486461
6.984799
8.037312
6.582499
7.291824
7.465804
8.835251
7.302508
8.784183
6.348140
6.551305
6.899004
9.210444
7.275799
7.072893
8.021954
7.767389
8.221937
7.407690
7.566744
6.507677
6.901875
5.948993
7.988474
8.258081
8.099681
7.339010
9.533226
8.658265
7.008070
8.429327
6.950227
7.228909
7.038294
8.550941
6.930977
7.089652
7.969474
6.972320
6.075583
7.755415
6.915452
6.443111
6.897997
7.105693
9.336123
8.092485
7.390015
6.798465
7.021917
6.220579
6.948333
7.550028
9.479076
10.240276
8.450526
8.239229
8.476659
8.572159
6.554552
8.596540
10.272491
8.829952
5.975946
9.388203
9.233274
8.589465
9.379970
10.112904
9.260862
10.052435
7.645566
9.838440
10.666001
9.365737
8.409040
7.148169
8.896622
8.563838
8.926149
7.078344
8.833441
8.602179
8.010171
9.523708
8.560446
10.048985
7.981660
8.589721
9.051764
9.497313
8.958968
8.854378
9.528008
9.776970
7.947080
9.807372
9.418842
7.969486
8.967707
9.481924
9.358582
7.993507
7.369600
10.060342
8.677862
8.151329
9.069651
9.667686
9.588051
7.498610
9.302463
10.305960
6.570725
8.048446
9.983718
9.713573
8.173777
8.254640
7.285794
9.622598
9.232841
9.251261
8.465315
7.778017
8.812667
9.156684
8.940582
8.845393
7.747739
8.869499
7.892115
8.751743
8.235888
9.452618
9.344990
10.846176
8.355137
7.817095
6.943824
11.102966
8.760074
9.126525
8.789942
8.605680
9.497661
9.703810
7.956820
8.445999
6.996071
6.070462
8.995771
8.254543
8.511811
7.787751
10.169136
11.081056
9.491133
9.888159
7.741358
9.251597
8.754984
9.054638
8.852494
7.872555
10.315365
8.783163
6.312783
7.458194
9.483483
8.685286
7.786584
7.871734
10.552707
10.012812
9.042488
7.580503
8.436016
7.351396
9.947809
7.035467
7.024159
8.538699
7.601937
6.990756
8.004264
7.332607
6.409884
7.262795
8.535863
6.946568
5.710001
8.016552
8.466814
6.593273
8.885527
8.813351
7.733641
9.089861
6.685100
8.703812
8.817899
7.228635
7.269638
5.181453
7.578079
7.858580
6.944337
5.975691
6.310935
7.560172
7.591189
8.298634
7.346496
8.047010
7.225923
7.585172
8.142024
8.501951
7.254690
8.739822
7.946643
8.281342
7.182665
8.635445
8.896551
6.418517
7.955446
8.102739
9.155784
6.752375
6.839188
8.997688
7.325675
8.351111
7.814985
7.808593
8.218193
6.904209
7.228927
8.415051
6.341277
7.339299
7.875219
8.136745
6.784224
7.442462
7.086038
6.974784
8.158409
8.205237
7.146974
7.376164
7.049747
7.545619
7.599827
6.686629
6.366038
8.252658
6.225782
7.805137
7.189315
8.631160
8.124395
9.605360
6.821651
6.380565
6.833635
9.422773
7.700747
7.754009
8.424722
8.020798
7.691588
8.574945
6.333083
6.081879
6.581612
5.692090
7.883478
7.466855
7.278028
7.448364
9.307764
10.581995
7.893168
8.764797
6.359529
8.546878
7.173058
7.783133
7.097676
6.427351
8.956820
7.667511
5.179904
8.120552
7.572161
7.051828
6.935065
6.093163
9.454636
8.578482
7.643582
6.469979
6.655264
6.428553
7.266312
7.708021
8.715607
8.637226
7.415694
6.849851
7.567632
7.081863
5.456213
8.169848
9.134851
7.037217
6.061921
7.940480
7.889801
7.843793
7.825870
8.195195
8.018241
8.761490
7.428037
8.994261
8.957354
7.554211
6.719467
6.714700
8.177751
7.406525
7.639673
5.786190
7.358747
6.823589
6.213843
8.031342
6.402194
8.391873
7.655806
7.784414
8.283257
8.592684
7.053383
7.861655
7.756477
8.220013
6.569963
8.548176
8.881727
6.153901
7.981180
7.896295
8.311533
7.194395
6.592086
7.857003
6.553390
7.674115
7.453915
8.340367
8.086287
6.400594
8.669059
8.212569
5.629331
6.740867
8.152248
7.359514
6.706863
6.868151
5.885053
7.742842
7.155759
7.488102
7.795247
7.119156
6.791413
8.087788
7.567551
7.030844
7.619138
6.716919
7.020600
7.794133
7.350924
9.495756
8.391840
9.852571
6.724655
6.517158
5.670705
8.902960
6.754102
8.261878
7.293083
6.581117
8.573841
8.154464
6.911914
7.328462
7.420132
5.823254
7.940264
7.565252
6.607512
6.684604
8.967073
9.034811
7.416227
9.040449
6.356374
8.977173
7.309996
8.238268
7.470954
6.151271
8.677410
8.046412
5.597418
7.151166
8.060450
7.047331
7.384777
6.753963
8.596197
8.631823
7.068953
6.584976
6.689054
6.258733
7.547684
9.669480
9.043797
11.257811
8.899841
8.319075
10.170231
9.779314
7.206847
9.655928
11.249849
10.419243
8.091997
9.900997
9.794535
10.689999
9.657715
11.593143
10.539095
11.842695
8.246423
11.141890
11.035078
9.785725
9.020031
7.978967
8.363750
9.921666
8.929741
8.156568
8.785246
8.439186
9.391623
9.935519
8.874418
10.591675
8.478483
9.139018
9.077317
10.754152
9.134034
10.667832
9.551472
9.010287
7.655232
10.801443
11.036641
8.696012
8.714795
10.977161
10.084646
7.913680
8.095789
10.679465
8.412145
10.170236
10.871284
10.263943
9.721957
7.901229
8.671476
9.990112
7.501625
8.948281
10.332088
10.186898
8.482449
8.817135
8.479256
9.418108
10.578178
9.530540
8.356371
8.715491
10.549521
10.183741
9.598174
8.707552
9.477789
8.758316
7.987390
8.487244
9.551503
13.070404
10.017216
11.804663
9.233849
7.853505
8.100286
11.241550
8.716948
10.124180
10.320893
9.778205
10.027463
9.835747
9.115294
8.844337
9.207093
6.383196
9.389482
10.355244
9.282148
8.163489
11.036889
10.365474
9.978089
10.347878
8.227757
11.651745
9.526304
10.476412
8.993732
8.089075
10.685553
9.045721
7.159902
9.532464
9.349264
8.890173
10.109928
8.402762
12.313736
11.281208
8.523566
8.580578
9.290689
7.769304
9.895063
8.644869
8.258703
9.993683
7.610769
7.022365
8.643947
8.114483
6.302230
6.888115
8.419861
8.831712
6.024545
7.781806
8.512505
7.924971
8.850842
10.099960
8.604126
9.109200
6.715675
8.461669
9.402946
8.427692
7.014689
7.427953
7.327547
8.638968
6.654964
6.427988
7.862313
7.453000
7.892174
8.297940
8.154625
8.077303
7.407911
8.468544
8.671852
7.804003
8.290417
8.691481
7.664282
8.339680
6.568043
9.017151
9.370197
7.740197
7.431596
9.297022
8.926006
7.758941
6.248152
8.270893
7.609656
8.827209
9.041084
8.524886
9.023211
7.523968
7.773111
9.014944
6.482230
6.741338
9.093151
8.303516
6.713717
8.419464
6.720175
7.804436
8.784820
7.959294
6.879771
7.219419
8.273576
7.675677
8.407387
7.306385
6.850119
7.886589
6.595130
6.313152
7.586880
9.764187
7.371625
10.052011
7.943056
7.266521
6.760235
10.264802
7.790710
8.152000
9.019854
8.414851
9.081562
8.933908
6.964564
8.425744
6.520347
5.727542
8.335810
7.842182
7.274649
7.200099
8.493423
9.620713
9.169338
8.748747
7.385962
9.203100
7.942016
9.167229
7.499035
7.044300
8.938693
8.112192
5.912368
7.839883
8.785051
7.651939
6.647581
6.608620
8.661526
9.150208
8.045866
7.087569
7.314954
7.196959
8.438813