-0.853478557800734
-0.5736913754659192
-0.4695991704991973
0.8665187559874181
0.7617283473728791
0.7585404849690855
-0.2609458225222321
-0.6845063352855361
0.667489909279614
0.4070798501747419
0.22335553145190024
0.9744661272630086
0.3079526354214652
-0.9843537856956841
0.6342082702309233
-0.4012424956000442
0.32677742993215464
0.8778600078542078
-0.7314177712132646
-0.7691426591617956
-0.7859280445811647
0.10644728176963181
-0.45530357537036736
0.20965965406044784
0.43522437427759586
-0.5928053753450941
0.26847591777015944
-0.4720321967391812
-0.02293629570124689
0.8106729821586465
0.6922074265897109
-0.8154030645745332
-0.15284845487254728
-0.44663955205549666
-0.9929086218244354
0.5422384460392542
0.27422675460275925
-0.4760894751313036
0.48246181669586163
0.10336084225278253
-0.14462616203864131
-0.9806606007833201
-0.8495122798524659
0.7662127866002859
0.8078571431197863
0.09118057841104465
0.6691900397720334
0.16501913297958803
-0.7038124288650347
-0.7451089614357225
-0.38348330013973264
0.79796297748518
0.5922446097760834
0.7214051640018055
0.7978492730529492
-0.5798469233204919
-0.5009405215541511
-0.7944127566564287
0.5602324837428854
0.7682694029020178
-0.1872452203357664
0.2413230203014256
-0.6908933233355907
0.8597620313873489
0.7292113924399279
0.9524120658619257
0.6215434398807937
0.7628324093266488
-0.9504272762036226
0.4731289435101642
-0.33562906410714266
0.8616317720966511
0.6044702778742779
0.7281280567505588
0.621498633148778
-0.46638858081105594
0.5747490182709423
-0.7838087471940858
0.7443335658121795
0.7171865026755633
-0.5551325649086711
0.6331732111938579
-0.07939353064211585
-0.38961826532279886
0.5906909983057236
-0.5448090251844593
-0.952671130597097
-0.6137404233445827
-0.34347609760458697
0.7287058840605727
0.9337782080967223
-0.4417500145562572
0.2829634772152554
-0.20064323127987826
0.9622993743965202
0.07243146495744379
0.8784742806494314
-0.7693164962971448
0.9408012220444559
-0.6428643676550727
0.9250686315231109
-0.46906727495406275
-0.7831949055705778
-0.1308724828707113
0.4570901213054086
-0.37264537161001754
0.21241770661228654
0.022846119338956195
-0.22960913331054567
0.15317608699319907
-0.4905549877228361
0.4175705676683412
-0.9966174435627411
0.8511503309981654
0.0769039941855838
0.438859998289691
0.48390015567895306
0.34125700886599897
-0.27155705643747163
-0.8600523777473796
0.32847536982254466
-0.3395999279148072
-0.37216870988328066
0.696030559012671
0.43950852602790036
-0.39935546357747165
-0.3814306755826935
-0.1832141827615663
-0.19519922588455074
-0.40868959494810597
-0.7454244018816936
-0.1591073324541834
0.880727341460366
0.35463589054546585
0.8056110914651653
0.23102983190276105
-0.39810025086886935
0.09587442627139642
-0.999188120605425
-0.4261725662621456
-0.1402237000203308
0.15996956239136395
0.30941124740614323
-0.07002361950597158
-0.11568040139038516
-0.5725971980217994
-0.053627628181347475
0.8023616516565084
0.5920495202535605
-0.6606172076038905
-0.8304089265497565
0.030904019830432894
0.26588171153159146
-0.3296234891803982
0.6368469290733285
0.5022762750814644
0.3455913411143341
-0.5507186680054235
-0.6017401345468467
-0.9511492245463473
-0.5103149118432997
-0.04972731156238974
0.6994753892494638
-0.8543435416308618
-0.1711179780045613
0.2595307614754274
-0.6111295265205814
0.39270850098100984
-0.011245661979126131
-0.5120311208431223
0.31211602222356816
-0.9889103637239365
0.5019289532369458
0.5400923771480501
-0.7868254068729221
-0.14970761211453176
-0.6482266365869367
0.9159320845590795
0.03591550088748163
-0.8995632297187182
-0.5016034406800567
0.6966726947033195
-0.08707634905965489
0.602833203444529
0.3351554651727062
0.975784906132896
0.1909046369388394
0.9000792168863119
0.782851851620874
0.2253046455235257
0.4385479225519342
0.00955632964880393
0.6611383394428301
0.09574390122165677
0.7944162064665243
0.4873108843191698
-0.05065112635389335
-0.4816169030699613
-0.5055205249806809
0.27532287355231255
0.5316273685943309
0.0425996256559642
0.2534968739635626
-0.4508051061649234
-0.8450332922705284
-0.428543698273695
-0.4565697858356308
-0.3605808631624754
0.08030444503691281
-0.7232518769676886
-0.5374770405436264
0.38789962459810456
0.41283828338910444
-0.8715422985722439
-0.18480126066682656
0.08522228100783069
-0.1684515317936881
-0.5863312209711795
-0.15971296445314875
0.8096769566803539
0.1681588284084503
0.39104597299593613
0.7134640646078685
0.5311891522361389
-0.23923794214457672
-0.9882078328320139
-0.2964823946563506
0.5069502501187717
0.7068959011382092
0.9068606769402126
-0.1619574347403563
0.49503133795610155
0.09226461946767817
0.20650517788248268
-0.5589226113523622
-0.5611567307571277
-0.1283280479067268
-0.9419503601065695
-0.3277409126032351
0.3582837700566994
-0.19136666172472583
-0.6699105375929824
-0.0652197015353797
-0.7447444054376786
0.24451392194812938
-0.9460670961897246
-0.21195948732059056
0.12878396604954823
-0.9457959073193751
0.2854992960186715
-0.7286010255388715
-0.07660311189697655
-0.8994307330227449
-0.24179227162372086
-0.5766794315770369
-0.3463083902373829
0.5224594157880542
-0.24174756887172744
0.5040196471095697
0.6638485703105452
-0.4954569364352388
-0.8361875344767149
-0.9612334258999786
0.0788380958450674
0.9998156570184185
-0.30007931255963216
0.30028818649975
0.5624660992217898
0.30350931048777885
0.5084664081190524
0.8992234654319777
-0.6012786352749342
-0.9592399653593353
-0.6952353084304193
-0.7475580502515875
0.33891768923982135
0.12793916386003823
-0.5640709181869927
0.3989299424923016
0.5337961967124816
-0.6644217132643955
0.21449498778186338
0.49585130391057164
-0.7709342572422047
0.6386023486221701
0.9294415460681753
-0.7838025006847869
-0.948643149005068
-0.3760855112106096
0.3546945737008176
0.9163456764117919
-0.20669111696674536
0.4300294100989368
-0.8480070443138801
0.3812288318659607
0.2544847912020889
-0.7961973891080469
0.544961769902448
0.7005864781775926
0.20082322963368826
-0.7578898698653698
0.9676887030293426
0.5652706927220392
-0.30559246938310203
-0.1432439735305111
-0.25885824756388764
0.011921579354155831
-0.31753765027743364
0.6991512539991547
0.6446618361801162
-0.7889222587120028
0.9215751344291572
0.27117021220289184
0.6574146220049164
0.41461728741215387
-0.1290257099846459
0.46759060802678376
0.9309474624761553
-0.45983520722519833
0.6163984376135119
0.07634581289651154
-0.033004992233607755
-0.12885101399221144
0.46205242861024454
-0.46320892390154933
0.7034263200386637
0.6614620377812068
-0.8266742038886512
0.7632623680055439
-0.512273121618088
-0.07058306679353654
0.22066340846104127
-0.24202139174347193
-0.9426000044598208
0.7019056726249182
-0.6363202856846164
-0.575760299640522
0.595664713656193
-0.3193223136714327
0.7606399595164508
0.4023675006644032
-0.4474628484876302
-0.9796977711226458
0.8961251555540624
-0.8287740760839575
0.4401493282083886
-0.022844306302425288
0.5163293069649328
0.38121867889304606
0.29180579948190455
-0.018357329842827674
0.5858657362646349
-0.8138932988906566
-0.5568071990549397
0.3835743105904037
-0.3875879397398232
0.16311117066473435
-0.05347902248095049
0.0618438622915356
-0.1489923745895705
0.49187087342721925
-0.3384174056081397
0.4057098843715379
-0.45816714604760733
-0.497192647598117
-0.7586882304953884
-0.6148314130969652
-0.7608905174898943
0.07172793076749961
0.5243792189682059
-0.6297003151246761
-0.5672307202427886
-0.031602825574582605
0.44917000218610315
0.9532140457661136
0.0492737382172157
-0.43400259345008996
-0.7989477838184185
-0.6117648438178531
-0.5450336730348906
-0.6411169126291933
-0.9717032654878723
0.06827017853532658
-0.4513773464334654
0.9485898622054758
0.1067179335972166
0.3948347858203889
-0.7474410140831822
0.736922394525888
-0.018242610952442284
0.7454394699970692
0.1481284392526645
-0.061206110138979586
-0.1190624037279795
-0.6312726592198366
-0.8972465656328443
0.8821271935362065
-0.04454162546862461
0.6442312905988608
-0.19858511549612046
-0.8518356594887204
0.2588914139039966
-0.8927818514149337
-0.7016048310526897
0.12567919416912843
-0.39232897631554464
0.9878362454204404
-0.7630968755770768
0.5288868906523885
0.21263530248592555
0.5814816596868388
-0.5486257258699307
0.04514507026043568
-0.09897107022249152
-0.11455799196134331
0.7203333316523601
0.9800625209335958
-0.3892395113612792
0.24205464214429706
0.21926182449026066
0.48017861096909
0.895180400650756
-0.5844241883528973
-0.577949609389214
0.32085627438407327
-0.6858858132382457
-0.652372903347131
-0.8498702621976642
-0.9946485547942285
-0.09899259076459521
0.18762239023912652
-0.4174814219379448
-0.5370475308879483
0.41391165975806654
0.4059751161874343
-0.09193734718591351
0.3747698401424855
0.8478220889650974
0.5756560532934627
0.25011601432844377
0.32236608570673564
0.8673369168910265
-0.1497220677915767
0.08912475742115733
0.2952694468049615
0.8168228904252122
0.6532623193001192
-0.8571803262883717
-0.6681544215585506
-0.3847763747715349
0.4979154441392466
0.13841409863818477
-0.4227788233883165
-0.7512926836505835
0.37735598242418744
0.3994673699514346
0.8853524814880815
0.0009443542358511525
-0.012409561309831396
-0.839116296201398
-0.9202784316327739
-0.13594267167845486
-0.35535683328340006
-0.4992641951759922
-0.8173462267380296
0.9238222043856734
0.6719172278123626
0.1503982184398609
0.9015725556127048
0.9991448337549027
0.3445631686064785
-0.4609779480658922
-0.9195366537107676
0.5125376608251142
-0.05899835349673288
0.3030189788673727
0.832145575853535
-0.6370217055537482
0.17065925055570874
0.26956943890817375
-0.016548395617973277
-0.8175151874123456
-0.3040778874106991
-0.33338321266981596
0.3402670190423709
0.7154661888007052
-0.3403926728420692
0.387347347966865
-0.4235644092770885
0.8903870791264212
0.6271320694759452
0.10019321794356584
-0.09034818279654111
-0.37096568565966415
-0.35345242744801064
0.9403694536171543
-0.19164988599850874
0.029192504658210217
0.9762384295635083
0.31532077296625793
0.08518718871439002
-0.173504858401357
-0.6248349172109458
-0.2764412816966495
0.5128863081111474
0.25081748429001793
0.5199810721220339
-0.5928835232994523
0.09843927817066334
0.8553455216888954
-0.1237678098552435
0.39650005824434453
-0.7571478332747603
0.9462936316433888
0.21774333416392988
-0.5214050753446993
-0.6832436723895352
0.10167801400533993
0.10450281810746609
-0.8135815974369549
0.9845142787904393
0.8258597569683359
-0.0771042116424332
-0.7650677018208849
0.6642863475378025
-0.003248990585609457
0.4332066519835822
0.01774403013902348
-0.4531502065734516
0.6694478911533888
0.9604892652067509
-0.5125381878497233
0.10253015376093932
-0.23282797350570017
0.8437362998631237
0.016481783185787968
0.7586525102929522
0.7280538688571763
-0.44750519435591807
0.5800123640062269
-0.17011515289730972
0.8684967873650402
0.015475351619312905
0.6410989463711567
-0.4343220334343467
-0.4028883004564656
0.17387544482832218
0.9978046664586775
-0.020719306688598005
-0.7028091632344218
0.07716115540774737
-0.30975211661398494
0.10383483414162198
0.08686012591734604
-0.08931076626699785
-0.35644529954192516
-0.6226952525857892
0.3949968552411427
0.14359528396980226
-0.5328751078842138
0.5510889501985177
-0.9127054018053962
0.4894103031303918
0.4104557620500051
0.6228178051297537
-0.22784249501803533
0.32737765896906934
0.6414951034191101
0.9616362773195701
-0.009342700767152934
-0.9259607773088476
0.00458230026593176
0.1803608586191341
0.7394006267244309
0.7483807481086167
-0.11938758045864573
0.05190217361512284
-0.08614385105151556
0.44488765514128525
-0.1800427605072712
0.3095626528554676
-0.6912775624569023
-0.061018798030536114
0.9384072611484344
-0.32287753189713664
0.3854091971737641
0.2996733051585452
0.7035305847013829
0.7046826731317861
0.7186843683365332
-0.2399812049546899
-0.36667769213320067
0.437434850445966
0.5188036186687273
0.7447660347970726
-0.9282018003246268
-0.8631585056368971
0.2623220337092811
0.8418581975605934
0.9948518459124307
0.4935327334758539
-0.13205705615374863
-0.8031137472336041
0.26749565756158256
0.7451584652141814
-0.11264289667658844
0.3880023255864691
0.806848124100972
-0.9080180626455745
0.5922869303244236
-0.4132644480695824
-0.25031782044937034
-0.7088604086012031
0.06233263629752006
0.13185612383187362
0.5850389477619065
-0.6600327018638052
-0.8420632986800107
0.7416791972897097
0.2394207370748307
-0.5183404162873739
0.8256580320471096
-0.7137645597429807
-0.07770017329000489
-0.49204532117291544
-0.4893465836816919
-0.9812051370902579
0.6092661539502926
0.802418847197766
0.3552217713981589
-0.6840487558564261
-0.11654043279237114
-0.3088687511138366
0.17514341025284286
0.2778774047200243
-0.15138212307820464
-0.4998035511845975
0.6906078502851973
-0.6015660017822153
-0.23061350206530906
-0.0335838778815678
-0.5255885961448508
0.14384538470147779
0.14962386035729014
0.9853840872537951
-0.4095384922334613
0.9558889691537253
0.31645963185736137
-0.45103923964354453
0.13185803391139794
0.37159898546802417
0.48933768233065034
-0.9019114984480001
0.21281298615294908
-0.006545426952259348
0.8083105817874507
-0.42761169708161106
0.5977202390151974
0.2141299963285319
-0.29535808832936694
0.27323575601178374
0.24178232626060825
0.35552891724671887
0.44185675334141794
0.3183630806335074
0.6766742339250331
0.25649620737379664
0.8068074081459358
0.2926812177810456
-0.38213423209472785
-0.11835361967437685
0.1591476107368055
0.4647195358784766
-0.8197332485075621
-0.40977909674168944
0.49496172987674303
-0.6487198591113867
-0.7356804045064329
0.07881551796884212
0.9429791624226798
0.06170474740557008
0.8269739489633938
0.6609452391347947
-0.4860598308734754
0.6493796250848145
-0.03630434025251761
0.612976987587533
0.4931187014340901
-0.32256949239622745
-0.7696605851004812
0.9257865857377552
-0.7184859699882347
0.9330004189255041
0.7202811937976437
0.4484334241510364
0.9598844855638069
0.9345394946000647
0.6091752880411239
-0.26844990118886725
0.5813639371778749
-0.9721626897981976
0.07314461653811821
-0.09042794453225067
0.3456567637475072
0.3446815947020263
0.1691201833043321
0.6448346024535485
0.8805837835591084
-0.7833077956015386
-0.5323561955768337
-0.9499507007070354
0.7684696904297044
0.1228147644997577
0.8305118174863189
-0.55726559985202
-0.8735659176796091
0.6477107027808953
0.8187752768557841
-0.39561965094149953
-0.18340828840917456
-0.7204459749855578
0.8925230657638925
-0.39127083128798956
-0.014750762043588272
-0.8056160027563568
0.7745186170570046
-0.728671902587327
-0.09271248622221484
0.34097243770034247
0.4862802430463431
0.8919481715588642
-0.16174649317055434
0.48453802953063163
-0.69095419518033
-0.17023094512638615
-0.801956730578943
-0.02130592442077095
-0.18376822860459896
0.903043050762119
-0.9345674262899062
-0.2589400825311292
-0.1132338278785967
0.9011103397028539
0.7109003866119092
-0.8012907507877394
0.3713605309625707
0.08893172296428986
0.9556850589040935
-0.28265231757536413
-0.20372071451125384
-0.6203828756778409
-0.7556805618254725
0.6960663769273621
-0.09056526285896571
0.325537476123956
0.2834089344664352
0.19429191903909016
-0.9572850905272587
0.5735891809092335
-0.5128622056719527
-0.7481522293839142
0.12915595181592665
-0.8627796943512882
0.5303147517771689
-0.585685259306683
-0.5680972961626505
0.7393908535390894
-0.34288089313553916
-0.7048916401171126
0.8010620712635164
-0.9943288970399673
0.7168122527603527
-0.710624039358984
-0.7400157371131264
-0.49869160654375233
-0.6510057581972131
0.3221152851946336
-0.9484397004276033
-0.9702793455385823
0.5799693284695078
-0.5241367878190739
-0.3524570760759551
-0.6515075971876456
-0.895201964277647
0.483436113908299
0.05217105319573423
0.4913305500679914
-0.04750806915349948
0.5560340786284055
0.026475915218383328
-0.781891979992309
0.007677379571642717
0.8908312859402125
-0.9132699262016566
0.5664539919607592
0.7339618155196765
0.042902429426168176
-0.08391495580463593
0.9280523662440574
-0.8783491850109884
-0.04203617800327342
-0.19676549097487905
0.3721949921244654
-0.01946229171154945
0.8194016582304586
-0.853018568467099
-0.8384190451784161
0.21659484726687994
-0.8686355333597722
-0.4499680008840936
0.26615344860203094
0.09671286809672108
-0.3496291133626641
0.9892555117218471
0.06111367486264907
-0.09256916484905675
0.21085358307062574
-0.801643076641916
0.40355883709213236
0.7055854745911501
0.3018333297626108
0.5379254602094772
0.44167983331519833
-0.5699538673450062
-0.09689016806943695
-0.5430128512708312
-0.3221367623296496
-0.09300219418510536
-0.16802069947700948
-0.8098283214487383
-0.146471987478084
0.3302157261206178
-0.2513979531289263
-0.6947221504625525
0.8459700714687688
-0.8657333837267045
0.663543776949709
-0.8135397965926452
-0.8068711348684288
0.4775919969774314
0.6235385705547847
0.11274147123070022
0.1729301654789539
0.12317282798414486
-0.3407080371675899
-0.7555374292908814
-0.2928038407324647
0.3306810400058309
0.5005685005029565
0.7361842977381299
0.44212135749229886
0.9367972506229489
0.20082018244935407
-0.29670762861370203
0.15583703677970973
-0.5745223886559878
0.3134726059763042
-0.5515102617848688
-0.7835632361454667
0.6907468372026901
-0.2648778987692997
0.5252112638736994
0.14820000866292538
0.6144427423046888
0.6903103226567162
0.9490932042514164
0.6368537190813393
0.22714656107092956
0.2853983276596628
-0.9474923370928332
0.8581685819898728
0.658921579919326
-0.4651045496917787
-0.6391678560782912
0.40539754573120934
-0.3820306223401797
-0.32035068644548326
-0.9877884211926826
0.7397254130728763
0.13264218952275253
-0.19843131200096886
-0.7162506916974627
0.26634402531102763
-0.9386858032381882
0.49222352401141345
-0.5697342399329781
-0.1603350124709937
-0.31820803646133444
-0.2598938150459922
0.4431919354853464
0.553671239933482
0.1351871132287945
-0.8300859200456414
-0.8947823471489564
-0.6851802057856937
0.23567636385206114
0.34793742122622606
-0.4557943129075621
0.32387738561652246
-0.028676590218007503
-0.11591162660444176
-0.4536663112704611
0.5098862873367414
-0.7723649837795965
-0.1401727332042193
-0.4335070598391013
0.35697250952026605
-0.02673449327149835
0.33426511747269916
-0.909165274791145
-0.2094732078247421
0.19864991388890085
-0.9846258282002343
-0.39716127596312645
-0.5775320415593754
-0.725530389485346
-0.4889609919570814
-0.34375528812431777
-0.9845401868613761
0.4940282468595356
-0.6486103962483154
-0.23958510856952753
0.40734252676532723
0.000524693112426311
0.6667084048397565
0.6124003731335277
-0.8558490068156843
0.7235287240451771
-0.9153954768744172
-0.9625169268287086
0.8423248690048248
0.7242200272241328
0.15151832147366218
0.14679936177168607
0.41899792313786843
-0.16461208031303887
-0.7696532546724035
-0.9582868819505024
-0.3504636411089723
0.6026443086209043
0.23625052660848045
0.6640518261434143
0.8395395034827693
-0.8237402374042306
0.6889687196293939
-0.5133670503545327
0.17774257660582382
0.04792508600126322
-0.20846660628133407
-0.37945087632827734
-0.3209734377030722
-0.3338627550137361
-0.6637345839086268
0.020966569084296616
-0.7719467203228949
0.019904124645943932
0.8118454631601009
-0.3012494690552394
0.4547582113478086
0.6378972030497039
0.6300740115000283
-0.5274623021065514
-0.7071115634446112
-0.6054563943520335
0.20479797054633164
0.5204305910937841
0.3110180210374782
-0.6457077421055417
0.5456961784951204
-0.011765949965222733
0.5088916504939716
0.5197542992154969
-0.10218948600987399
0.8483085167713187
0.12898356680559853
0.27059663812118684
0.2490435588837896
0.7284937496628323
0.2544348137995436
-0.6980851972138462
-0.8634274830084878
-0.11558387232743028
-0.3943591297219742
-0.45065266502768164
-0.8876557595738439
0.014673770579556322
-0.37918429878737814
-0.09617227259863559
-0.8862198983320952
0.6633932633262429
-0.84653799765309
0.7285000678504783
0.7105867429121806
0.23001677683114718
0.014135634667910235
-0.07457668214545543
0.10863274267660783
0.583635594530717
0.7917535311136052
-0.10053259269818748
0.6196318353959422
0.30367490929721974
-0.3569464742391433
-0.04874194411386101
-0.6982778466087229
-0.8762525997977986
-0.7929962454592168
0.7982536679115471
-0.31312444832346475
0.4286310983349253
0.009098003001914767
-0.6548821771272701
-0.5045125528034315
-0.12448345138153405
-0.1211564164747514
0.04549607053109117
-0.6825075840369172
-0.25429603579734583
-0.43421284277116423
-0.18246120550535938
-0.3232657063171609
0.19577172476597893
0.5784538631273295
0.2946107139386138
-0.8681762914405651
-0.8109881049698113
0.356758689680162
-0.43170605224377256
0.44746731000492357
0.31312817282095584
0.8126853943273544
0.7465593241210777
-0.3332759278788868
0.1654790291728392
-0.7171432388313643
-0.30035842492831155
0.9353930153854892
0.3969599256237619
-0.21608403132927934
0.19008245630314957
0.8760043991315216
-0.38083622516807814
-0.24664138788739964
0.5833239157270871
0.6263695676296019
0.340232799989445
0.657917945788929
0.47754934425896556
0.3708288805551525
0.05278667946834803
0.29204964146697576
-0.15318726735579258
-0.2763438073064308
-0.27480466203591125
-0.6394741542463107
-0.5716146775821993
0.8953365350686937
-0.02745815825454545
-0.5469139069322255
-0.7248692936458414
-0.8456698313982474
0.6888567773717666
-0.7977184726642117
0.541749440726202
0.670239653269112
0.7673643309851232
-0.9245050152848775
-0.3264712560714369
0.5326152088944831
-0.737901917140984
-0.24656025835495066
-0.675505575823099
0.662690113378251
0.5421956274619768
0.6180874392786022
-0.6689216685118826
-0.12465318972330652
-0.17828277700693307
0.3527258443770658
-0.5249395971061499
-0.1116025803894487
-0.4301441348732835
0.4970730361908726
-0.10214407393331926
0.06802229939652227
-0.3810642068744208
0.6172477421815727
-0.061968789935494595
0.6702267854514148
-0.26431808354993436
0.8942603404882459
0.9688795870631546
-0.07664004311802164
-0.43645653459244915
-0.23625513161857903
0.05491957692296534
0.9325363064118946
0.6337824791624802
0.6025184483030952
-0.7232029307931376
-0.49999357682198586
0.2823580724088943
0.748233890104474
0.10908149084886243
-0.7948205365031813
0.691784553466877
0.7023320961695576
-0.42987397188134313
0.5262336605833817
-0.45441740081728677
0.8106124179564824
-0.7053026880167914
-0.12505487961003836
0.8928265260235213
-0.5559239861860388
-0.09774401955858214
-0.30082984372270216
-0.9466596183941229
-0.8934862256578511
0.004014229386470891
-0.5284438522731347
0.9890507024765824
-0.25017465316446486
-0.9436249089436999
0.8616518094999062
0.6783525752232114
0.29992136858836327
0.582761274964352
-0.7248008245482567
-0.42624120537346366
0.6595231663056451
0.39214397715196725
-0.7224146163636276
0.41107235057816083
-0.10279705203550682
-0.9894976033887641
-0.8415484574585574
-0.4881521431259106
0.669926198564762
0.09760849088767087
0.4544695706498636
0.05554301177344856
-0.7776262793515232
-0.42379684392153893
-0.39769761082756006
-0.9045011067622974
-0.1603489124931139
0.5877982172788763
-0.08577276672710266
-0.77828420941997
0.810293771323997
0.19347808563789393
-0.9671292955882111
0.03075146041881216
-0.5161237311580134
-0.7128463195074799
-0.14152221379333252
0.22961916555190132
-0.5188715223869129
-0.16686480958292038
0.3287426034840182
-0.8287720900254765
0.9493089819044433
-0.8646413541823079
0.052118890644341054
0.014655393159573205
0.9766629711929349
0.10830390483639096
-0.2190925348798718
-0.05972984368302803
0.2713415829372601
0.9620788451031206
-0.49269947786157453
-0.9675155377821048
0.5770400325590306
-0.3103950136732174
0.4658820429012833
0.25651392495131287
0.5430027482197182
0.4703739696246225
-0.33496278325603024
-0.9113286234095836
0.09202749041538305
0.6270177311121763
-0.6498217458965831
0.558285186956563
-0.07075420050592451
0.3907785039921279
0.2634716955166756
0.6229953636952128
-0.8737989259355508
0.5523807994068435
-0.08464084510529357
-0.4131148576499375
-0.9123874486817538
-0.6010603325696233
-0.916188116139236
0.8667419599007946
0.030767178508997572
0.9782454045922468
0.08606139530837176
-0.4933724695947652
0.5065818376377298
-0.6177931385321782
-0.2860516479292732
0.56168313395685
0.7315965541561151
-0.33615062723731093
-0.7510499835112332
-0.26396165137065397
0.7789730340245629
0.48661541103924244
0.7892749899101066
-0.22671046347861568
0.9474471686306181
-0.007593546925954708
-0.004953215012745371
0.8486209332539272
0.03855170706988398
0.6022961748035476
0.45416264868527145
-0.8421459878890643
0.2049065976604545
0.6446825590797733
0.09094879468927397
-0.35757714357081194
-0.8398621778500095
0.3218384429162733
-0.38700828781849506
0.2052432554611996
-0.14776785423390915
0.37952961689097253
-0.29690603245601577
-0.915289674299741
0.7400743501127842
-0.2948813793830354
0.9963011955460981
-0.4508892798502848
0.9600545583885582
0.8958087572061726
-0.8499176700236815
0.2750250757665966
-0.2733777386980354
0.6021919511243399
0.35882121562937974
0.9055787925592156
-0.7144410632749005
0.21514580664171068
0.562623939486933
-0.930402068402916
-0.8655332738757824
0.5570307470137308
-0.2673430537857029
-0.23429119662244458
0.13448928344823896
0.210189657709571
0.3581241138267899
0.8976470585311129
-0.25597324305863256
0.526168943597159
0.14784355666779136
0.05891976307257929
-0.2039319080951001
0.2991214734120631
-0.5007766938132041
-0.7731027748299639
0.47134971895885536
-0.0019120794870663982
-0.22602523992147305
0.12334542151929417
-0.47644664682500837
-0.47942045772019326
-0.10745377518876764
0.9927302243095215
-0.42884624460368403
0.8329578190837628
-0.017599609491551815
-0.7547251561920583
0.7056525807686453
-0.09591462950920526
0.7973580615724607
-0.10977761451508994
-0.8244185177905379
0.3638585205012743
0.6910424379493989
-0.36082445580005973
-0.3051494105228709
-0.8701218433678577
0.08434272245112462
0.7826633647077779
0.7027241015062518
0.4236182080144253
0.8546489134463555
0.2754000451280325
0.5873927676900055
0.017511490348601555
-0.7572750898430862
-0.5980392576446285
-0.7222462559232685
0.5807461216154983
-0.9474319463834686
0.10804287451919015
-0.26217766899755857
0.6073234525771729
0.10329386785285499
0.22389672524104176
-0.8275690366961346
-0.3814185649430757
0.9991900878687738
0.437739319781439
0.05139130966060024
0.538329100749396
0.6466787990167813
-0.852498574177522
0.9447594630275318
0.28467717877276266
-0.10005100867400785
0.36021798129916194
-0.3109704385946006
0.7559203033008235
0.5605258576766168
0.27958785873332603
-0.6360737268957253
0.9325292278682136
-0.13476342703605027
0.8214245418937747
-0.8891742999644459
-0.7516777587219756
-0.6939690663795988
-0.6706858402197517
-0.35467849769088877
0.41866426505849175
-0.30795383531625387
0.8818081098630695
0.7898518336422489
0.6918674123117312
-0.49878938203600187
0.2701141827754918
0.10168283096627939
-0.7496594097461946
-0.39435078778224786
0.06695605953676109
0.005146289482525379
-0.6627281965045864
0.8832139757371917
-0.6916114662408737
0.3174657467675086
0.44126553687454595
0.21027781572371085
0.6850600082267779
0.12723606886259153
0.650472534653264
-0.9432530242022448
-0.909076393417316
0.2829074676487202
0.15354246295475815
0.30225995497119973
0.5339180018326222
-0.1668264326735076
0.2779823844177409
-0.003923879727767865
0.25432802059616866
-0.42065668639678844
0.91330033990881
-0.03411036364916109
0.6093763084314661
0.3699816823913533
-0.4051322571405154
-0.8540539489893084
-0.880173934130662
-0.12078900015917804
-0.03149773978528159
-0.5919539728732026
0.21332052564127268
-0.3748350015061339
0.436725770224875
0.4683995096090936
0.7215547315086506
0.9507482558297604
-0.7384676968952271
-0.2589196038994175
0.12330243149673836
-0.3617682271936855
-0.06705486591872711
-0.4650566510916352
-0.5041622349489088
-0.8063766948788571
-0.41957599006019697
-0.23170033299678794
0.23075488832793734
-0.5034594392376268
0.7306150034414354
-0.6806006757396781
-0.34512835839761014
0.15537407578719287
-0.3745701582754539
0.5262427502772571
-0.0034689158801823883
0.029449678462968976
-0.0024805832046916887
-0.3829190358911414
-0.9536474035672979
0.8904656081384745
0.010888926047543102
0.9333732611049508
-0.5697111549475178
-0.2942098222872893
-0.8989191907442162
-0.010211592949647352
0.7646789527364022
0.3085200737792342
-0.05882629326360855
0.07338149857785403
0.6943447307869357
-0.13814446130491898
0.7649114618371857
0.4550161267187838
0.5277135283239791
-0.26812529496487403
-0.19883675797048683
0.14056328776205862
-0.6106893962245619
0.10644585324230338
-0.8529365005143164
0.008511058246409409
0.5288082294144791
-0.440558644752036
0.9781814012414451
0.3607972802377215
-0.7623779605528209
0.9501656308275681
-0.21219257454278573
0.5897944567618916
-0.3218294000948694
0.8778971339107509
0.5099303445855878
-0.6018842368951001
0.01824503245036424
0.00015580714128771156
-0.9093932950658505
-0.7259272528649592
-0.3339185892944656
-0.052511699209619955
-0.08602288143425207
0.21252104480760825
0.03101146429450785
-0.3440683047269475
0.226136242129356
-0.6749959082461212
0.9812314751222802
0.4786387211472083
-0.40153131494336347
-0.3272530956966433
0.6565787719147518
0.06467965975175272
0.41747961287087576
-0.40041887052517255
0.6314976664876484
-0.2632843802684608
0.3476127849460331
0.9597960623583237
0.16740428369757265
0.5935096278602943
0.4506484251037106
0.37608730240554333
-0.9467056900723336
-0.05081957182987895
0.9341413923441018
0.5658079828628428
0.5523240503441442
0.15526879172836572
0.4428002245926135
0.1670465540952799
-0.6589758765066813
0.25805048229072725
0.23947161100217884
0.6823342499165286
-0.7044485833993364
0.3614537901013577
-0.9368589733158013
0.8964103415686027
-0.7802089573326063
-0.9621252649867749
-0.3726150331082896
-0.6971374837613091
0.3810005218370509
-0.1792451813545899
0.549944603614182
0.8410418997944213
0.7456354178246407
0.47167454253736274
-0.8754374279711361
-0.7238350284295796
-0.5853165900575106
-0.34990093114789045
0.3244535994286981
0.05095430280007074
-0.37249480252436573
-0.6536351522853445
0.8242483218480208
-0.3153459646363077
-0.29142602271037443
0.5439795682974815
0.4418491226545853
0.286618199998923
0.38662662005964177
0.22015316015750308
-0.6154716617265732
-0.5069617289452792
0.11617330161480832
-0.5502659240143666
0.945821255181138
-0.40477086944618423
-0.42199172519295014
-0.5854444102907195
0.4099765194803935
-0.36591850996310393
-0.30239365159738685
0.8674007495416012
0.5908107120046671
-0.4530849264891539
-0.7562517885345699
0.3532444915650914
-0.24061162925123503
0.9603210746427244
0.6367549202611247
0.9092177267829227
0.6092316679131407
-0.41909469601412885
-0.42473931677172017
0.4282825749967907
-0.307272971808767
-0.11524777627032923
-0.48711204905303584
-0.04184147396703364
-0.595863985598807
0.07715584741730552
0.8660478675666154
0.3923426012936453
-0.7254540903981541
0.23135406882898457
0.1736609971416303
-0.5150839231794264
0.33966792978620797
0.062082979465598376
0.2758891468172753
-0.8950177863210744
-0.17339726790348275
0.43471611250048725
-0.7989101904453042
0.5415321161965583
-0.9896371071857399
0.10070513155923333
0.8581993603399556
-0.18618509690623308
0.8700641971923031
0.7567992430284565
-0.04510295911820705
-0.6010880506647966
0.9278280777818715
-0.35766459576166665
0.2917958357805397
0.8158739174712448
-0.8210785589769674
0.14826670635074657
0.07030455378720935
0.4462353564848467
0.8733387595012521
0.826459451339705
-0.6498704490380738
0.7644899463296664
-0.6484225849222749
0.839269623701868
0.9943436061770199
-0.2060108514434007
-0.009232205356484391
0.8732174895555256
0.9242627601666848
0.852079395792886
0.7534863358358468
-0.9814656630398004
0.13592373732899077
-0.785398618452924
0.9659877767420129
-0.43087669529990746
0.9781989401774467
0.08660096711394982
-0.012175159316361706
0.8771210034817447
0.7021194771559933
-0.06395846198741983
-0.6143772034523804
-0.774706477959691
-0.6750114749205227
-0.08217105793527768
-0.4854702395409618
-0.6276018617438646
0.47323579098451396
0.5815353288505114
0.13556244484187863
0.5145655005151224
-0.6490101723230706
0.7122930085469155
0.7940855235679503
0.6539796505526192
0.030561317919591824
-0.8265244603032882
0.3385117068199084
-0.6304375979053201
-0.7187762487314031
-0.35279665982983444
-0.50390583266571
-0.4784294458691123
-0.5289574943969322
0.507513303562914
0.9080696453098251
-0.3961083206167706
0.44576505680199485
-0.977128531611664
0.3073667341403974
0.3855371808454777
-0.8757513363989278
-0.7635503043920548
-0.38638731599276044
-0.18916677406320548
0.00504094247677922
0.7902367396325083
0.40711407020451196
-0.3780441032306794
-0.7651685083104474
0.8322607717012707
-0.4099247996875064
0.229250896287698
-0.5617427981293122
-0.7328624356063917
-0.6936288706216416
0.49546967430171307
0.21147789617813872
-0.16830876913755066
0.09846901763672955
-0.058343846241377006
0.0750353753864017
0.32818887867932767
-0.5631767546853481
-0.5050691413828445
0.5094790994497307
0.7462701169754666
-0.8362593870534503
-0.10650404500703337
0.4075322503117451
-0.8437945557051196
0.12833744454694962
-0.8764839048866324
0.09529849742186292
0.01097411218519162
0.14540334845572933
-0.7002952372351714
-0.34376472451558704
0.040683082369574075
-0.7675199556306715
-0.5891970289212769
0.16629535688203512
-0.8181167110966243
0.020750708065669032
0.6173841663544744
-0.09313539964043605
0.026495686403283036
-0.08640304857624792
-0.8845264381349505
-0.07524338852215262
0.613830705108785
0.4465601596500046
-0.20810258009348503
0.632906451866261
0.4916089656636313
0.1566225301180708
-0.9094203945443424
-0.3109422668757309
-0.8724801757758336
0.9882473209538403
0.8691655977698929
-0.8619617076793724
0.8675511251698613
-0.9365302579538419
-0.18226612836150347
0.5379441251669654
0.5316553658474235
0.956666569848202
0.29176163619432693
-0.15927612223534426
0.9857131971617579
-0.2350407622972559
0.7392405706214169
0.8135346230491451
-0.24870893239602476
0.36546070820308274
0.32358507625093624
0.07860052783772042
0.30706819683740405
-0.3044602257216995
-0.6430527419917766
0.07451697279600245
0.057685079088018565
0.4557162818122562
-0.554619568067467
-0.9930534101101844
-0.9545293453560668
-0.40327402259403633
0.34699971555313414
0.08889067805004158
0.0638672169935175
0.6467208747515687
-0.5049759229924489
-0.3076805300247465
-0.4487005444097454
0.8748207222701336
0.4500478918178368
-0.7743107224670454
0.6189563670783889
-0.1615188030164958
0.5321069350278067
0.767513243690749
-0.9687084072729009
-0.5878367562995717
-0.7982065738149859
-0.9328474484914384
0.19556979346310532
0.40657253372985735
-0.9026473575125018
0.48108215695972323
-0.19546929837818738
-0.5313214430248767
-0.5654615796448932
0.7274604853401128
-0.8871119299510781
0.007791697881869064
-0.4214730972921623
0.6315725135266337
0.46303496623203655
-0.36219260726161595
0.19583534855452478
0.3450638028738273
-0.3586697692140337
-0.3964711297115935
-0.7134791316733426
0.3204248476214864
-0.5579145191079349
-0.3989980924851608
-0.8780847257864757
0.8970405100534427
0.7594277819277659
0.8231553312410889
0.25198627529665996
-0.145598835410913
-0.008758425013958071
0.9445804706873717
0.8831728196638235
0.3426850494914446
0.571609191961036
-0.36253108536737555
-0.1673507331571107
-0.7015647843496726
-0.24707962298573594
0.5088321944762506
-0.052962359175560136
0.698681864520081
-0.3985271624097044
0.4151535949759444
0.6115523198697739
0.829482347631811
0.12477189917381826
0.9355723770932534
0.11457351639854618
-0.7318144978818439
-0.5142829678208285
-0.5933265338798912
0.2934117030958894
0.8444522090224447
0.6942667718392237
-0.8150720069462727
0.4491694246144038
-0.6190367631385234
-0.4630768242900376
0.34734384126915696
0.20584408997815173
0.7472409169790792
-0.6236734121344893
0.5233928350744199
0.44861047970429824
0.11770095254505453
-0.04121158705817041
0.7389477030490759
-0.33407137836235745
0.9140395210533463
-0.9693325875430143
0.8743195264044954
0.924155112228918
-0.765367601113331
0.9991440140356234
-0.042158247315268405
-0.514813636308517
0.20880306815756233
-0.5909737140442126
0.8302529191871129
0.10415858509562903
0.5510277641275405
-0.2386765112541549
0.06730025483252611
-0.2814808888968485
-0.4768767452292948
0.025633080047547052
-0.005445413798033316
-0.8027835368690399
0.9626369136931534
-0.061019155954883164
0.6794623631273697
0.8286609977949781
-0.2585901571374831
-0.17213965884275084
0.12504945492870867
-0.5574518033675495
-0.7081545737949029
-0.47845178018046086
0.869516500592707
0.15828585207480095
-0.16484385288965275
-0.6951771796317134
-0.3402694280442802
-0.24032045051769169
0.6667254305739703
-0.0013970352613550396
0.3092159322420438
0.3696932246918123
-0.48534648473023445
0.6431838793847127
0.9330165345006873
0.2833889087974144
-0.018808834838435207
-0.663532708096918
0.5899510287072682
-0.6614685782796366
0.4406270615241874
-0.02336735749173524
0.8337987793887336
0.08427371070271028
0.28361892636473307
-0.8825358968385397
-0.9323524856706189
0.6933947663654447
0.8903762224017964
0.3364310867863056
0.5286776871440384
-0.1752155551688146
0.685089433650697
-0.537133215845109
0.4143391274069197
-0.9817170766186765
0.011465839386130217
-0.25359861462637623
0.235670471753606
0.3335094591066794
0.23303872216867583
-0.03359169275634977
-0.02429123199385752
-0.9867752860156822
0.10328712182251376
-0.9762980637442151
0.058835293683301204
-0.45051852560433603
0.9549586964650234
-0.9657148047951456
0.6263144418278197
0.34806590423842065
0.6123353978948578
0.8195467319975323
-0.7859671426110142
-0.8073722194971831
-0.702205028519499
-0.6161358860167736
0.05291197080043242
0.6304287814265652
-0.4653505266467284
-0.2062071550038571
-0.25389683307263566
-0.18794518025222806
0.13000436489593814
0.9804660632794546
-0.5482854947451556
0.368083250940771
0.6957342040630714
0.3074714391183062
0.7164383180423743
0.5191717003536895
-0.8129989891457812
-0.24147195552036815
0.10540287905939061
-0.8877701217420686
-0.9810996546917388
-0.6572328495579047
-0.00028321377441598017
-0.13218069605667537
0.5687526215802223
0.13171325590206995
0.7159206267273388
-0.8092763290585399
0.056318371283295976
-0.9148964847659098
-0.5771658882309056
0.7362337811632111
0.7751086140689871
-0.0489994247094534
-0.9068760585165134
-0.8513038801486978
0.8511696201618464
0.7986233017300173
0.12701972809596707
-0.9341964396930562
0.8575327225093186
-0.3710306135466981
0.9229383797520117
0.17407220816897673
0.5045089396937301
0.42542279989871945
-0.20340795920975596
-0.8461250171173083
-0.6750994985705883
-0.5190556113914264
0.669301120183504
-0.2216867852652824
0.7930515340054396
-0.3365403207563429
0.5112185290417846
-0.7200988115296054
0.9769559158282062
0.44832714018862974
0.0015857032754502676
0.9486466548719927
-0.8926071361052128
-0.12582349431300166
0.6773493152263499
-0.3188145070497881
0.5380113067308847
0.9097167938293316
-0.206593901382081
0.5471098322626449
-0.9407486821096698
-0.45334594274240536
0.9851717569015948
-0.018793087778413486
-0.2883776045883042
0.8822856899414508
-0.1363041075209106
0.35938971617631776
0.32134381502975096
-0.8286117647265285
0.23723178051977567
0.5961103476054932
0.4262170653567714
-0.8359239806537029
-0.6915580722689632
0.4233543095572334
0.2678017639261019
0.4793105779531892
-0.36664354263692767
-0.7868981645774777
-0.9896095552599398
-0.3834650897274039
-0.2801650053062068
-0.46046711352122704
-0.7349859910116012
-0.6252164329442456
-0.1023126459570971
0.10948000121773549
-0.183911649833725
-0.9474761919734056
-0.29217142530948226
-0.8138714790802517
0.19608759558854572
-0.3511393388551747
-0.22952416520803265
-0.416305297407358
-0.22440088124321256
-0.830600966142955
0.8022720897128661
0.8104151486267177
0.9563461280277745
0.143920861499079
-0.660834153215349
-0.23853595302251374
-0.7223198820811665
-0.39773746924986253
-0.01375211557843059
-0.8734656994460912
-0.13064746147451012
-0.15779532045495137
-0.03153737213214303
-0.8461572772096857
-0.49660052442219427
-0.5068198633059942
0.25006737553778935
0.18761279607815728
-0.6089035502394791
-0.786055264838196
-0.3906840084974861
0.8976469247891303
-0.3355655693767461
0.24038437574937865
0.6081529239147649
-0.3409165674414796
-0.330527552506086
0.6309509400060063
0.7190169342016703
0.9484507530092137
-0.7277510568434704
-0.3586696892498247
0.8945578440322324
-0.5982970225958566
-0.37163343760911727
0.9291492461895878
0.937450443493391
-0.41710369683989357
0.3899155353442201
-0.01798537421579538
0.1517585632499212
-0.5151514064388538
-0.24788939535170584
0.6329890308658261
-0.21412974052108025
-0.7722243527760038
0.12770101725757188
0.18445406850077095
0.09125817090164423
0.36342526626017535
0.10019831399494561
0.906009222972592
-0.07675555433370307
0.41673410251212695
-0.12309009138218285
-0.41733758402940935
0.3856705586486855
0.637931136008917
0.5913136719919088
-0.18171681951019703
-0.0013935694220794659
0.26667207930732717
-0.5159576646584023
0.3173259370646362
0.43047278259885235
0.5781535264401259
-0.8520697288354231
0.981401228873936
-0.041530600454747546
-0.19838980534125272
0.013225286059018071
0.8407843689565915
0.3834177317962153
0.08729040677495536
0.5814418340985184
-0.28094101396748017
0.7910030307217981
0.07381197204917567
0.27636073402168226
-0.8300361318980245
0.537908095840081
0.3152032891615313
-0.2899823611030208
0.2939996959668085
-0.9114066129443008
0.9672164119039655
0.3549437917283713
-0.20076450754983544
0.5053655554592116
0.9314335554276565
-0.13908891221963549
-0.9789044544308401
-0.4825232591926891
0.021352481050089356
0.03759553369869906
0.16103659104800827
0.15047079654085227
-0.1084428969901865
-0.21773166264499433
0.5446844649248641
0.17717991308029446
0.0009315632394690798
-0.31006522480096343
-0.9508746939484614
-0.7909012839878766
-0.16804914294857487
0.9234557313599407
-0.7678613240820507
0.881352316292386
-0.7166496463369034
-0.3762193122049171
-0.08933472954824584
-0.586265347583371
-0.03414800244122307
-0.04767493758167296
-0.12366812345394584
0.39352653104733215
-0.3621810515645991
-0.3994718336361194
0.6203718738373962
-0.7698294666024281
0.6983600160938195
0.2959398345554274
0.35427866578176803
-0.6712918142985935
0.9678009411765558
-0.5121741068960146
-0.6510935343517321
-0.6797285775692814
0.11969790497972621
0.9169252434678994
-0.5362889051771793
-0.18990512743949428
-0.6310964496972127
0.28095775332015616
-0.135731095141435
-0.9416154513152188
0.22821387474383958
-0.6053511284355073
0.1844063167207366
-0.2223284392885858
0.4094712319194689
-0.5884310412653562
0.5046509907209833
0.6174595772625215
-0.8748724970616713
-0.7964959025457152
0.7439586600197703
-0.6260803287358132
-0.34803017680236303
-0.08489915558762906
-0.47529320909527817
0.7252730949146147
0.05543003925556533
0.27821717133230117
0.193941658565987
0.2226168422780037
0.17400942913043593
-0.3041507251264912
0.6910356053391185
0.23472535867284994
0.6274765085218676
0.4119767218919601
-0.4051103306012962
0.22896903142583902
-0.8304960627539444
-0.7321044606985787
-0.7642766946766866
-0.3892399949290022
-0.633910963337033
0.38687308343289106
0.021649738974321764
-0.1635217875774828
-0.724265402930885
-0.23258007432462602
-0.6284926014144687
0.2710032841172705
0.3868658530587106
0.2905201901599008
0.9997991051261841
0.10982515166499485
-0.020715947615582264
-0.7194069298044059
-0.3708399706783114
-0.09799805850669774
-0.8927774747383264
-0.28192165565726235
-0.9808331208734375
-0.7269305706750082
0.6304318813077237
0.9276581788298797
0.010876039461340747
-0.010060304267192732
0.369393341119973
-0.16873912945177616
0.6797836042024454
-0.022600976120628724
-0.8346587484270662
-0.9382785887139904
0.5221132370908483
-0.41582018088258677
-0.45029416345293205
0.07521723640963884
-0.6635820451268526
-0.08535722545310187
0.4850365038595741
0.5318391098873814
0.09945236907610266
-0.7735780094159537
-0.7715866972820624
0.550226055727991
0.6465656159951332
-0.26627645578915815
0.6452218555925227
-0.9167789554595334
0.43796048226008666
0.0927065494439292
0.9795514557533664
-0.7951671222450034
0.6601414330850794
0.5026909894873444
-0.4045821297942127
0.9986253385578154
-0.10053531433917251
-0.3028460463553724
0.6334571702328771
-0.12186019323333408
0.9879153686372342
0.5512632997615472
-0.5261078892666375
0.6214054336788204
0.17584779395362116
-0.29873831777202065
0.421507918987599
0.26554126185427696
-0.6680367646194816
-0.7215300681464478
-0.5867606876264533
-0.586114558496468
-0.8812843327213178
-0.2983690420943381
-0.43782996241960404
0.07753709209527604
-0.35269276829063667
0.40810752351037705
-0.4213335130701128
-0.46531386744383973
0.7160336898925153
0.9709766045235884
0.3585986318466201
-0.8095496723713145
0.9255439899875839
0.5713820965825946
0.8375374236596507
0.9849724512893487
0.7340951808675569
-0.7462236627723795
0.7321575899823136
-0.5006455161237204
0.4227896976783381
0.6569636053972652
0.5229471749597139
0.352469107399892
-0.021082548168724458
0.15485105860832293
-0.46256569582502816
-0.17154982126992468
-0.0960165548992713
0.2672555267005954
0.760250162614647
-0.8138104319147652
0.031226944175398064
-0.4435486242964326
0.8726722281771504
-0.261857651849156
0.9005081577307652
-0.34542143967813943
-0.9950538297160305
0.5482705808753865
0.46544805307897397
0.46186387497410597
-0.0831014866405646
0.32828764166368507
-0.2835545413180256
-0.8733386278796507
0.06884892877512971
-0.5643401299695883
-0.1407137986295277
-0.5762970671845236
-0.4629263233711549
0.656687234097616
-0.3244896896584253
0.15586728052190302
0.13228422183428057
-0.029324191982989856
-0.3125207588947616
0.36510385218641184
-0.9031814776965541
-0.8008505161675883
0.5677795236811365
-0.08083647465286625
-0.7515256415392031
0.7153031998572277
-0.11742810224714684
-0.9986481369757916
0.9160635386079445
-0.5953635872052006
0.37718376382302066
-0.736173825231973
0.2999943986813054
-0.6820450741883612
0.8654511254518484
-0.45196108380943567
0.30917592883758815
-0.4992214429017823
-0.2563124647064685
0.8076005376713158
-0.6689498416813124
-0.20731686613553357
-0.3889815103115386
0.39888274304914706
-0.5317123170311611
0.3109704567670699
0.40739607952808843
-0.9978273926165526
-0.04638658347817182
-0.7346004159200268
-0.5476182770811879
0.3599654502431582
-0.9814261047830797
0.3911942145760974
0.6342180538265969
0.976309818928544
-0.15537213244988024
-0.7356496978148783
-0.8583433891989758
-0.2338601486484546
0.4615267635279421
-0.7951456591009867
-0.3732970451181876
0.7619779899605412
-0.7257414105129087
0.5469209673012483
0.506315601982136
-0.7337075376275757
0.98588031049277
-0.7142938663302123
0.06101655309336196
-0.9830505160939809
0.3000404263156138
-0.11980115844029626
0.4448640527286447
0.25616007668180507
-0.697251738311438
-0.17658021128064383
0.37313233975147986
0.7199250492042999
-0.826623933068023
-0.7990697750447224
0.5048912930959049
0.17914783552302627
-0.2319361813137586
0.9264974211065282
-0.3709926636356613
-0.7203396223815326
-0.44606468611030925
-0.8315025680040267
0.10679326356946017
0.20001573445170573
0.21518619783104653
0.5579393050265198
0.3809521500293076
0.695784208879918
0.31681074017028776
-0.3967013328456028
0.03549825559447495
0.019045132229425166
0.4956872819624991
-0.40891589751586666
-0.8908617379694941
0.7958251207139793
0.9093430226943056
-0.010224560113466286
-0.774512674792383
-0.0008349174546848914
0.18785953627544627
0.05657300187236847
0.9553938956866712
0.9737650656863779
0.8678488033484317
-0.7360342385345959
0.7216280078734949
0.13676077754592186
-0.2691750743038026
0.36588409800485233
0.5254518757911715
0.9089059678817728
0.5407340984492277
-0.9666211964582876
-0.8649348614544656
-0.47562944567586585
-0.9203462761256205
-0.8790622808235886
0.5785799979861828
0.01322120854985398
0.25714139212115206
0.002097931014150234
-0.1691360112491962
0.4036212772470327
-0.8351443761507082
0.07312963214003076
0.232094111333496
-0.44506452853087985
-0.38018622876671615
0.022609396590662856
-0.5936050120843444
0.6161201619413066
0.07278034577891668
-0.21853699406330063
0.26858849470651336
0.6690529383695054
0.3621113694184208
-0.86776983275757
0.39735176321098264
0.4599167548630829
0.6929362302815525
-0.8841881119537391
-0.8275744032170214
-0.1310328227879618
-0.09325631540571466
0.21766480885488715
-0.3814198722529476
0.48338701811510854
0.48131636046835635
-0.7611139861842251
0.41580121423619665
0.4029992224477321
-0.6723347381291849
0.9060324035093952
0.046010725456816504
0.5659742030874917
0.441531036186918
-0.6660740916152383
-0.7461387850377503
0.5622479598739751
-0.4624710271815087
0.772829519481312
0.5428605809792493
-0.941287497654393
0.6142156933147396
-0.4560388099572925
-0.8722560217537039
0.42464649640099084
0.15330334942836799
-0.8458599374272293
-0.08960444464114503
-0.27975220895649344
-0.0007799884772334842
0.13377225647689972
-0.26462444428637655
-0.48976783792184375
-0.7941901699562608
0.147824610384113
0.44555674665173295
-0.5431911536934979
0.017649769821293626
-0.9119241854743809
0.7258569898052225
-0.5108970992865931
-0.056470820844523706
-0.2340410512652018
-0.6998306635176998
0.862320154314371
0.7149703954959448
0.10572957699172902
0.8278953390422581
0.48133165621315377
-0.16126139127440298
-0.3563959710558775
-0.1674868029973693
0.4405758428563942
-0.45748408398036666
-0.8442258600661761
-0.25438366652427735
0.004081885119165518
0.8038820185165427
-0.6413112994553887
0.6086760389175134
0.96282772788299
0.9081588149208553
-0.8621471244545098
-0.06981164416622776
-0.43538625875819514
0.689693008522656
-0.3453981565477622
0.10618279064813518
-0.984061652885089
-0.5986576930940883
0.12761348164837383
-0.3921813854638341
0.2454350477842091
-0.07214661883900142
0.18338186996963235
-0.013278648290230288
0.5452265259010487
-0.609155152254353
0.8008865944528465
0.5209644406433931
-0.5097462512468343
-0.9872442344963919
-0.17992778086796024
-0.534004516280514
-0.30715260452118764
0.6791480137923478
0.7543972285031499
0.9019805242868866
-0.9970759189288445
0.3146077003519956
0.6980119755578436
0.454430078081945
-0.7921019612968807
0.05962897812002499
-0.5236648109582687
-0.0159422463002048
-0.8802098486936207
0.993918540215097
0.42330494940020547
-0.8139467232838236
0.8425488059442128
0.7945749438629184
0.03951843698407398
0.40169381939735915
-0.2550160518518385
0.9491095803365022
-0.830195164967021
-0.8088459893252289
-0.7329722994980861
0.639925783788432
-0.850339031340245
0.13564145657841653
-0.13003424313002943
0.9284365494654816
-0.526456530516207
-0.47801812215277995
-0.36998216918048343
0.6016336439989904
0.40145121264308425
0.4707057375647361
-0.3638845614677988
-0.4560882563350912
-0.8506251283950406
-0.5945747474415326
0.5598739649377258
0.16941607160825778
-0.6891788973561266
-0.6712500386004636
-0.06788977512667649
-0.18697489618157248
0.07184909818004726
0.9292694445004575
-0.5847275487792929
-0.38338456357499084
-0.4699841461705836
-0.7601728872892128
-0.6847692458689676
0.37210968590103044
0.6527733758792995
0.3937559664741528
-0.9193403837826732
0.6718495019759725
-0.3444126822304161
-0.8175741924173028
-0.5035624210774898
-0.2885144889914326
0.026919350757458993
0.35436675397814366
-0.4796664145575522
0.9813532408158143
-0.9378358132824809
-0.1912155471056507
-0.0955976611978746
0.4961568944174184
-0.5002947435568978
-0.07591350224752214
0.6077935068877003
-0.7204139214537553
-0.976086153661174
0.660744663789272
0.9651344749672432
-0.7385695249120441
0.6473468303767116
-0.25552051236800466
0.26059509720764895
0.28937003141700357
0.1646476028281263
-0.4823586953069483
0.6254941832272287
-0.9563996345227745
-0.8710559279061805
0.8049921638665629
-0.11313735232802236
-0.742416902005991
0.8101559407603058
0.6587123544348359
-0.3369002174954465
-0.9146073618191384
-0.0780101559961186
-0.6640215825418871
0.14776839961344557
0.6433708030645675
-0.21000262355616117
-0.941035413999417
0.36642583350336566
-0.6543855763384216
-0.5705677880599467
-0.6256977725776767
-0.4402908914385524
0.7668475977872522
-0.9307011125369882
0.23835309769179158
-0.5084304415095091
-0.4097896740005671
-0.17601558740766987
0.10137733040796104
-0.8780418621343145
-0.4404480251220573
-0.7255279657358704
-0.6010843866668267
0.76930503244993
0.05162811650555943
0.26150877764951086
0.604336165542255
0.5896924886037405
0.9788072315230678
0.5638315336908499
-0.28177578032486994
0.08903561206810329
-0.030641029118983365
0.825354033196734
0.004786511087483403
-0.22323745086139923
-0.6403682526042616
-0.3622448653412409
-0.5619596238538109
0.7915295632286274
0.5570765626569489
-0.882817539443763
0.9830626468611416
0.058864583930863246
0.5336843369005457
0.9992114936226921
0.9479597234670043
-0.7997313253900848
0.3137288427524685
-0.4669459978686339
0.6325703232174695
0.8345189651408811
-0.8881826882951005
0.9927840970129143
-0.5611768279121503
0.6930101809302662
0.5947813747588175
-0.29039073086968026
0.6784445046118186
0.6904418047325616
-0.6477992648400199
0.18503901836282544
0.6124204507187767
0.39525312719915995
0.8279600082570686
-0.9435868605456819
0.4011216067028365
0.8951174701400304
0.1272129735663874
0.12621778172803677
-0.6235326701894874
0.9760124208092862
0.7632527197955206
-0.015546552209189546
-0.38189385569756085
-0.019127159745041533
-0.8194852462981943
-0.5347532838335218
-0.5623821166168455
0.05289702829702181
-0.9986330072323384
0.835792371841293
-0.5970712332957178
-0.7390209087616348
0.43387526538163224
0.837561574614412
0.6885681728753015
-0.3528223773903256
-0.9561742075128554
0.17321835018241893
0.8344482949622372
0.5487329976397839
0.6929617751582693
0.7213389331831015
0.9211175005515158
-0.2528184398332536
0.8838464269360833
-0.20880887529229142
-0.7979356596386273
-0.39646969254906184
-0.7270966622850199
-0.6849922279663083
0.8973870640526469
0.5836850499997435
0.9213242007374765
0.29836053128962803
-0.6515946580889387
0.9374857926663354
0.387120796585086
0.8576904179708507
0.5739835851911537
-0.5535255720387151
0.17790031156620723
-0.6492967400195584
-0.38635354140408396
0.37699687919791436
-0.745303270552929
0.457661911871998
0.8975762084425754
0.8973963196998058
-0.2167971454447961
0.9885662610952612
0.9303678805751019
-0.9352345141458251
0.2047773349019424
0.8420764328361587
0.935063371231871
-0.5582094991259758
0.1311004922406409
0.8733755871085085
-0.7187132637028633
0.4906866562039649
-0.5240081497012061
0.9647593098807137
-0.6642251664968317
0.7706405067902746
-0.8225479748597473
0.4179316262904489
0.278205375809758
0.7733070304356435
-0.10674013180441233
-0.46957511887424763
-0.5009182737294424
-0.8644104398715324
-0.48668411691457036
-0.7839307975707415
-0.9974376850106201
-0.22812580409318017
0.4651689889975372
0.9382036502113704
0.7691039951744549
-0.013836013052304752
-0.24257485045148197
0.09204793535690858
-0.7971428807257568
-0.04102149920567899
0.7281014409371538
0.3019391262269546
0.3743208084342289
-0.6746869765030232
-0.8525812208772516
0.6915249680491207
-0.4101827737677397
-0.36256618408668495
0.9033242628682412
-0.8515991964666814
-0.6597895936976186
-0.24908423184000728
0.4639701705426338
0.09409251722446288
0.796248346239947
-0.8137906292386268
0.18806108810418976
0.22728945155778768
-0.03452642702304365
-0.93801359189565
0.8848845162039276
-0.6700056104761718
0.7795065408080872
-0.6857924453384319
-0.7974843780533287
-0.5888990465641257
-0.6200314848232291
0.3943934076147142
0.44407620915135126
0.45994801134057983
-0.4694704613000469
-0.43695385310946944
-0.5249034301055087
-0.9007291139229803
0.14353961571548313
0.6797090096913021
-0.6928201309665316
-0.2783421575454539
-0.144788085108573
-0.41090110206757036
0.3240404520197353
0.20043105602753752
-0.6006503984781073
-0.9485286145366285
-0.6583356166155538
-0.41637706790778495
-0.8361278105740153
0.6875381486938732
-0.38329319976454124
-0.20506530298375414
-0.021806375758685492
0.3220801094920098
-0.8177262448986415
0.08825205843936068
-0.6302375589159055
0.7709853854990778
-0.2611966701361099
-0.10844945841108378
-0.4734080666342315
-0.06988408769069898
-0.5475154394346662
-0.4628760134541008
-0.8767212606798014
0.5044702842305742
0.33493691826913685
-0.8285853763201658
-0.31241722690790663
0.08289801201204416
0.9414110743471515
0.17945288460720699
0.10720381231581766
0.681594332860501
0.6368104297307471
-0.16273585013109892
0.07102882395785937
0.7337880274111246
-0.05035122375616008
0.7633077388352456
-0.04747543783706276
-0.8420899004518336
0.8055544026783081
0.4286113982607198
0.0042029406312096285
0.8009101229431836
0.6009006734413713
0.3550697711520605
0.24054622869860598
-0.7594362504891334
0.5143775112783868
-0.6542420543870111
0.9687359804982658
0.9443297566755138
0.6169214426387262
-0.7476280027229205
-0.15325020136880108
0.9765598726738314
-0.1292135089349855
0.9945384535575512
0.25445242446479566
0.6682162373520084
-0.4842272800244469
0.8216089714631885
0.8283478737971732
-0.8659760939027752
-0.22380169397049854
-0.20529001128592816
-0.3477463892605279
-0.44759836018550136
-0.08368563775476967
0.7469325067455141
0.5731012776555435
0.2461158571776163
0.04512402089961842
-0.16081233154954266
-0.1711152024620426
-0.7036005174131108
0.175868266562776
0.5167547757153459
0.8792999699742197
0.849856333518547
0.12536751895464504
-0.7980191143491027
-0.4278142919022552
0.07126696229183338
-0.3122616428450711
-0.17821992540155907
-0.23391305424589426
-0.028830415427338663
0.2179243039048704
-0.9250686590045731
-0.44917171593049243
-0.7122946587466525
0.21731052817125396
0.3873225063341841
-0.9224349350364098
0.779148427828515
-0.3370118485314586
-0.5248414121673857
0.49149963967827226
0.8416699658123306
0.7940627242988452
-0.9595342228134562
0.6347718506105551
-0.39389009310380674
-0.43930669363071684
-0.01676157328136596
0.39236568934994964
-0.8035652194545175
0.7378000501983972
-0.731228958063119
0.9484388492066209
-0.11377877333714226
0.6516466635595011
-0.46116003798247274
-0.16645454458923448
0.2911096228552885
-0.6241286182147772
-0.5772189957882048
0.6479388685102814
0.48188959784001595
0.5189865904525133
0.7343779411004514
0.6420347847969206
0.03053940521911369
-0.6820551147219991
-0.3777538134221823
0.013590550473110863
-0.7287003579658804
0.7025906819743843
0.758665182719712
-0.9421036813596286
-0.6144731063368836
0.6658598661531026
0.67395335521739
-0.5010194773514414
-0.08710266574383874
0.8360621386822324
0.40926789044007306
-0.45204500305128215
0.6470125833782323
0.010252749874327671
0.270819618151688
-0.7522542822186
-0.9388736152360129
-0.25506647692938555
0.1880871869043026
-0.6448326116722767
0.7409615438369257
0.17376049684485362
-0.3004801967106909
-0.6729727709642983
0.7889838406243908
0.4979222689698666
0.37770107523190855
-0.42986124713047613
-0.22686865851803062
-0.674185188802759
0.1445161220406015
0.9298352184045102
0.7142223748766046
0.29475978352296406
0.3553904921819415
-0.4618328414620858
-0.18098560700891575
-0.9598952850009512
0.5606073285212867
0.5351454568237026
-0.9822040278599085
0.8230308761047436
0.29474310835004824
0.20228390098906757
-0.9830725457702574
-0.49521911727869705
0.6101711383909727
-0.38908060323088645
0.9340488867367533
0.2854806225803279
-0.15238639868076187
-0.24704909545799847
-0.30258160145583735
-0.4960025814442479
-0.06660396900556864
0.3543923127746267
0.6486216429413272
-0.20569492005575962
-0.7953757940627997
0.02302743493660353
0.32471090505250455
0.6865679001715543
-0.25154047367785703
0.2946842401291807
0.21810020927603357
-0.4030481474934051
-0.7837909388283131
-0.8723258922057802
0.9767219316435343
0.2811894912293116
0.7229832005036612
-0.4777061841470063
0.42218755114358353
0.7847475953618654
-0.4024177761620271
-0.700141407291687
0.5309487766072463
0.7993740894909898
0.6108596452670596
0.6047274889056231
0.20006660229114326
0.3210606473622579
0.3615115007747636
0.44256639518522123
0.3108011409248832
0.9949381991565918
-0.48114745457602215
-0.16286862783731682
-0.2234501579890833
-0.9293619903471515
0.4161379187517422
0.14408486807368237
-0.6201696791772986
0.45309975316180706
-0.5552736120474622
0.06927020308842624
0.569794110592234
0.8130530110101095
0.3437369519248177
0.014629711213630658
0.6908384884891905
0.6812773891927999
0.752989568684221
-0.6377282843919985
-0.8047938723745813
-0.7441117206078933
-0.4826962988795842
0.6166877382849403
0.525836436638605
-0.6338632859748099
0.3594247385798566
-0.3287350735897625
-0.8214003559611216
-0.2894332077603352
0.4884198586856161
-0.38582945733558294
0.5761808736151985
-0.33736572605844706
-0.47888152918859284
-0.4118977566993145
0.7024277764228204
-0.05892686465863961
0.7327867393850793
0.16714923948516103
0.888601968000154
-0.8575685251918483
0.7788521229407757
0.0009547489854087043
0.73499550939646
-0.2366615603888258
-0.40328849236507347
-0.8918760587148498
0.7084795408066875
-0.7252694816537522
-0.599406818409713
-0.18161630649579186
0.13880717594690783
0.8132418690122551
-0.08485713387691751
-0.3672330847025822
0.4313369122200721
0.557882354867629
-0.0248383085037851
0.2620655445253903
-0.6463514668730785
0.268997938305342
-0.9905729971520123
-0.4529442755970008
0.5223865624299984
-0.6627884868341847
0.5289674722915159
-0.02084581873996716
0.5271383342109985
-0.8239173124819108
0.22895947745012357
0.26697508140518833
-0.19321303920409916
0.9306556802600663
-0.23336715989307866
-0.924549363050124
-0.6011714975437661
-0.25379718914525795
-0.9718457625507357
-0.3555737323038619
0.666457333133128
-0.6188465801191909
0.3534962833542201
0.25337385734324513
-0.5023537542482361
0.3870494943407943
-0.3113004518733582
-0.7421383991433945
-0.23289904738461265
0.17734137633614377
-0.6659596254633813
0.6476876593488208
-0.4035954930117225
-0.4183444163810268
0.4556638228936256
0.19273983723100474
-0.3243296975841341
0.7759480876740834
0.9909448196558568
-0.31453432148488014
0.802767552289049
-0.28149822726673523
-0.6231479322182611
0.8961687074138853
0.8364108176828668
-0.1932167109977494
-0.543163430328349
0.45433765627264266
-0.7375884471656349
0.4681532386230418
0.17938566959848323
-0.6620305162197058
-0.266817097200303
0.30108076024244945
-0.9252731446148095
0.7530882751989525
-0.48842165214941424
0.0694668683876809
-0.9028260768365255
0.9893604673141296
0.3239398316757893
0.30713523680150523
-0.9605164669717097
0.3794994967548522
-0.16644886964091232
-0.23949247414477082
0.09456476945785108
-0.0512073233445256
-0.6937458037511273
0.3903840584418181
0.26062268032587377
-0.39776709048641545
0.3233291521814441
0.32496593177779354
-0.4600457009256218
0.2112686738480083
-0.7256729540403821
0.6613054409417796
-0.7901715261998061
0.4375324490323358
-0.7645308631255214
-0.7719748946315041
-0.78747258338721
-0.6027066765874356
-0.600501227707283
-0.47401216877253627
0.046292215185161245
-0.5966536200356212
0.4068735004925166
-0.4092975979987741
-0.9211885847428627
-0.007290573263814659
-0.58461203145677
0.8662486893037549
-0.33879276760659716
-0.9945240018852146
0.3432662649304097
0.8137600885395841
0.6704643305264824
0.3380438610032801
-0.7017110146664678
-0.819834652848151
0.023410693929317716
0.44712723379695785
-0.7974190428140853
-0.48821579449867025
-0.5376794270165082
0.9773318615152082
-0.4079556425791231
-0.07144528552770324
-0.8003821698847651
-0.6505963821092182
-0.9211109600626128
-0.4188656455246411
0.6031922053808947
-0.37458578607447146
0.47708039158435245
-0.8100030593388394
0.5164080096824766
-0.9082218258131696
0.7039974501489763
0.3267100549816879
-0.6589754472872493
-0.28494519152451137
-0.12457096643613053
0.2436140666650144
0.7569510747949473
-0.8140973691251554
0.6299285790729927
-0.6342611593927145
-0.19844497143849416
0.9246198602995079
-0.45633381849961974
-0.2285690204813715
0.701343156073168
0.5997981938979002
0.29769296774452747
0.5938191140708138
-0.7738868872447078
0.3923397470475898
-0.8827072086696452
0.8849339759998001
-0.6812092050356702
-0.1679445667382069
0.18150060598067697
0.6045295680901919
0.356786272498411
-0.6374788789253958
-0.24049844176822477
-0.2828021703458068
-0.9423675408575569
0.36892826676294566
0.6770729530942234
0.9468891604507386
-0.7386893409031683
0.8407959712762054
-0.7741250412524652
-0.17743147252965152
-0.90805534924066
-0.47677426554302027
-0.3715241102522582
0.4091363529612462
0.35585784204032866
0.5350574365798206
0.15329801624675898
0.1300244513747828
0.955791115101597
0.33968871642863085
-0.32339871646315355
0.046206350449347955
0.4011603685951086
-0.8095157230966106
0.323426525691926
-0.5028460102985848
-0.30850102508499266
0.3525911367148824
-0.2302467651865714
0.6780660424595746
0.11668847340437583
0.9755832495229544
-0.8908677695446483
0.2867974331136258
-0.6861452533965176
0.6976911495520015
0.7037423028921324
0.7388312692255359
-0.8502695150460304
-0.01670407771119753
-0.5182163666055377
0.9402900975668003
-0.8992985709469121
-0.554586953662402
0.28663462964650366
-0.1934460130765543
-0.5300000000174256
-0.08181081050352956
0.6025225754534442
-0.10380282866925228
0.7131784483560344
-0.10586376017240395
-0.7625862958927343
-0.00525330386699796
0.30674600627674353
-0.7947133570396951
-0.1753229046489011
0.11426202280966624
-0.9996605690433271
-0.8182089061769355
0.20840655212359493
0.2381323074927646
-0.3908040837927029
0.016675480638929763
-0.5862975023002033
0.3429487415583121
0.9007102599867314
-0.27331504486037805
-0.8914495733888643
-0.5541637712073708
-0.09108003479283133
0.12030169021213633
0.2395159393541686
-0.053732637812822226
0.31433441286227914
0.4318270005663105
-0.7719532832885234
0.5186399021582342
-0.55650578435962
-0.3172857708463226
0.6597677712688024
0.92886736690868
-0.416032872383437
0.04397017320827179
0.40419210651997073
-0.9084437802899314
-0.6716892645892183
-0.7191016253555023
0.4337122252957655
0.4431181909026318
-0.786076988960962
0.2217035322773675
-0.6249131989367933
0.8604325183062906
-0.2142070201696531
-0.08590798341402217
0.5628408072975093
0.43357582893868596
-0.784468505425016
-0.1710593097433395
0.8532530610746214
0.67493247497293
0.17762221579580273
0.5442903472744576
-0.09899080608207189
0.3169133900004053
0.912380643251502
-0.7307279711387344
-0.002342715794777517
0.06072869503816847
-0.9028567887361896
0.8706165616633053
0.677632221357833
-0.034136072928147465
0.016665798143766564
0.8423246280876022
-0.6455951229957089
0.15710877140835322
0.46098932348555555
-0.7432364358968444
-0.22518884155866803
0.20109204361082256
0.765391727117356
0.00822023870632882
-0.2306747225125918
0.9590015204100859
0.8318204833941985
0.5247493125235854
-0.45280824008777754
0.9271870753595053
0.9409832998242011
-0.09430858783726648
-0.733256337967813
-0.1745090543847614
0.4000285697942503
0.49685373175583214
-0.40217373008915147
0.40298862081476994
0.721415092258316
0.42374871279029014
0.8710241549250715
0.26516656901452773
-0.5982218353493112
0.24833517841077635
-0.4188410090414987
-0.3094128382028378
0.344747426102634
0.9626709924697345
0.30017277561395583
0.9166529056103929
0.00778687808649936
0.3886239474546527
-0.3552372051722896
-0.7691894954327492
-0.2955243950742452
-0.03926015521874637
0.1412763885061985
0.33431447610443277
-0.16504413374895632
0.4957374467531739
0.6827786048338234
-0.4281440395492728
0.6946021828410978
0.616609558653392
0.045459972418404604
-0.9494557174910558
-0.7093465767344089
0.34050835753388364
-0.6001951654705664
0.5003700373401074
-0.67812921131354
-0.4267689036817801
-0.498877985083634
0.6787636289303425
0.38118970072802005
-0.40971886807678803
0.50718789609033
-0.9353872335153457
0.6280524351089374
-0.7950399873240468
0.7360707473088206
0.47898496034569993
0.7296829704092052
0.484825471745721
0.12254110558162123
-0.524809054867591
0.5686143457417732
0.5976435049791409
-0.4247226909855595
0.3289871371832471
0.8529696223375591
-0.2248907027160194
0.9134039400236535
0.9516454441122526
-0.3746920382107317
0.10424919506612706
-0.9740695246507234
-0.4973177432553886
0.24112339122369808
0.5618497857517708
0.7402361846426702
0.659966963910289
0.8229727541474772
0.4092581377855755
0.29526477110000116
0.5102154104170997
0.09323027340248258
0.2067739545772831
0.5522934902446643
0.9285796462520615
-0.41164455639101694
-0.6451482030234736
0.36531770340307035
-0.6260468369353527
-0.6524097362893897
0.02769370554914774
-0.24560354589470879
-0.14298437119853147
0.11319724119066588
-0.7398669397692554
0.16797211536786238
-0.48996770373515597
-0.33887442251546185
0.4193785926326281
-0.6903886044034275
-0.6925932328607405
-0.35473994021296007
-0.8982891176095464
0.8647637311423817
0.23121735219866002
0.3237804219298781
-0.01889811769264682
0.1453539811098601
-0.28382882367252127
0.5680628971410029
-0.36428198925562105
-0.5600759691448851
-0.6322618049292821
-0.8636470617911483
0.01028070091263178
-0.16813751245915665
0.07407190506781736
-0.8161088921218671
-0.5576038377970944
-0.5732923796276082
-0.336232970192037
-0.2784043506745346
-0.5631094284309706
0.5053113791090338
0.06099779121364923
0.9932621652086775
0.6473768018504045
0.962266395230593
-0.9823926074099252
0.3378769359887732
-0.1086655074306151
0.8089929169753842
0.22740219412158869
0.24226339524726792
0.917793632147867
0.3651027215370559
-0.3581259789858371
0.8318648605973509
0.8899753408636752
-0.22824813043191217
0.080474625885123
-0.4343420114412051
0.8226718532572361
0.6442181284799324
-0.2500839156760417
0.6056334750165877
-0.10888620485656397
-0.9122966781789965
0.7965632178117066
-0.6149752241326458
0.02778940025486709
0.8964236392968361
-0.6652103815730102
0.9125524129467981
0.07594966192850205
-0.9853388275663097
-0.8690563557925601
0.34067025228611336
0.5471645327385533
0.7299017114252624
-0.15158109611771886
-0.7921463816526597
0.07550842804832247
0.40548573253508247
0.9524478426780556
0.5504134809261225
0.2931223186366907
0.879502223016627
0.49378165134852425
-0.692490845564709
-0.08154952947991667
-0.3365692490654244
-0.8249582041316028
-0.8914638582171179
0.5884295739517806
0.11616841063562156
0.1499245885255831
-0.5447087301166866
-0.4827040820176487
-0.22393479271045846
0.26043452925157573
-0.13394993072145822
-0.9662180633917175
0.3465974646554255
0.06966874012200419
0.2828454929632793
0.23669871782120433
0.5119211933903549
0.17121602662677837
0.4017640627660042
-0.8548211104020458
0.8560955003326676
-0.7877289162600549
0.5737837953251399
-0.3972985803102578
-0.8269895571244146
0.530548482040925
-0.12464770106355005
-0.2097734835427647
0.32144632981448096
-0.052024645264097114
0.06693552762069888
-0.7272370793409064
-0.2180148691420194
0.5949692256669317
0.09144893728164516
0.9202685301608691
-0.7118489250830338
0.35457809101012505
0.8283378327692357
0.5900342444649185
0.4586491532316894
-0.253738970199352
0.8989302070610254
0.10704837552855784
0.1101394912805238
-0.753529682133002
-0.9899403218519898
0.19330977490666057
0.07430409710892194
0.8939587784577436
-0.3906176953009832
0.49659317346558685
0.8070927519490918
-0.3122967003027062
-0.17469100794750414
0.2918630071201749
0.025105389095174013
-0.67809128487121
-0.5584240612851841
0.6694967337361242
-0.6113475693073491
-0.6372840304526999
0.5993201072110628
0.7045022555349514
0.7027754448509484
0.8647397308062972
0.9886261008508668
-0.07746959262081221
0.0993292193583335
-0.4186946649598293
-0.8652744851903973
-0.8035951972392561
0.4511785146682805
-0.02561917973250294
-0.3382981366345532
-0.7435697068080969
0.3109459613939054
-0.7999098854491542
0.23903155430866585
0.8002371816858436
-0.3644281255325492
-0.09870804357012997
0.23268486051890624
-0.38864902118655853
0.1683398656903945
0.1311040158102197
-0.2710131286427415
-0.36733368100734176
-0.14338521408081784
-0.9903362346706572
-0.5076497229090318
-0.5569485915869605
0.4796324318772336
-0.1277518678206231
0.6802201175613105
-0.7313883352342223
0.46594559150282944
0.7557716590159231
-0.07430324784877951
-0.28251679577280653
-0.3890564071093294
0.10334365232039433
-0.6484596782095493
0.21325533214172254
0.6835859906765211
0.7174273107415985
-0.7199966625676002
0.07723607415604472
-0.4735306988128334
0.7726716641577911
-0.8470752428855692
-0.8492000864132467
-0.9627394102575293
0.014356622571147781
-0.9376115379833818
0.16378098098785854
-0.18973106489777192
0.18007262368143606
0.8126071547963665
0.10318799705231663
0.08693864783623706
0.9974563500237035
-0.05579209843414823
0.5503944776748564
-0.26836273979398095
-0.5533867047512899
0.5442896871209255
0.466453654425802
-0.4180016795712522
-0.07059771565909445
0.020823986687571017
-0.2064296847005851
0.004334539332861764
0.32535697875739333
0.6959636802077331
0.6130801138557969
0.2280719531202562
-0.6683128959356834
0.028273361032764344
-0.10755911232199655
-0.6417096321827584
0.8974236632259567
0.31882661390595346
0.935471119675026
0.4718396176696489
-0.03299316854513812
-0.2824089223083881
-0.5623617654819433
-0.024715703252704335
-0.8742776771730616
-0.26112962910505133
-0.9143831183227062
-0.586451850564998
0.8154521851459213
-0.2774972708807424
-0.06065154197958211
-0.09071310041022329
-0.9071250849976438
0.9611795641262046
-0.3518577798720448
0.4074725056952446
0.04274580826710128
0.6592943113073007
0.6697445324347868
-0.47336786123169317
0.08870012417674289
-0.6523003671070999
0.30735062626776855
-0.2694064440179047
0.3066730931136996
0.6709381353532891
0.033325795107877365
-0.24734243791290966
0.8144848528936393
0.032743564335140585
-0.29420398448054863
0.7354388437424946
-0.02627687465164885
-0.03577982057374807
0.20842196057137374
0.0036739689414835297
-0.7220633858457401
-0.6687883551420157
-0.8458235485175063
0.2869540047766195
-0.5769657917284905
-0.6261886483824648
-0.2755541115698179
0.43460541690819077
-0.7633395543529147
-0.5393073348013508
0.62234525874592
0.44051131774989805
-0.03696670122102774
-0.042370714559835765
-0.5785920978964731
-0.6775074802747485
0.6667299927905084
-0.9551079236914173
-0.9137113373296692
0.1469730227045365
-0.677741719264924
0.25908084977630996
-0.9216182695210329
0.1445385984609291
-0.8881759916791117
-0.48348070796658305
-0.6399249208474058
0.9164766729691074
0.19871504558985942
0.1272094046715304
-0.9627599287255262
0.4390945990081774
0.3234901252583162
-0.4330907471887191
-0.828502994528511
-0.10159327676108654
0.9855516474159576
0.7346047979841888
-0.6588664320206075
0.6607271494085616
0.20167742882240014
0.5892321405209024
0.6409063602609948
-0.6362316962598007
0.3192975001157061
-0.4709586029094206
0.44837359615551176
-0.3146574508793363
-0.09305970971981647
0.1811919818646146
-0.5403724256424405
-0.22907623451630488
-0.782859772196969
-0.5953029018236498
0.719183384021211
0.00871905214142532
-0.16040997465678775
-0.7008776127470879
-0.8074028465535912
-0.04826162902104536
0.22949633896073385
-0.9219268727637435
0.5677364696775369
0.006658416276918988
-0.7649671868504591
-0.03551812977503821
-0.7393423184456713
0.20694930164942105
0.6550435573041469
0.7939379056950633
0.5497408461356066
0.29846347021306774
0.04408845932310834
-0.2592450995024398
-0.913123433327037
0.05963303787941121
-0.5410274872418996
0.6046003920156275
0.5791111703019092
-0.23752700760188983
0.17809617228241303
0.48278808456449007
0.5230784540949838
0.39341520631493343
-0.8045661833064348
-0.7322337887507973
-0.04571752599091994
-0.5349742187546886
0.7181064946028228
-0.43346666398208833
0.753532626386449
-0.1827065906255696
-0.6219579725642586
0.41829767441221577
0.5788449646102498
0.15597429160089238
-0.764342792037698
-0.9856118950988371
0.3090922416063948
0.3755334735555522
-0.36819657074145873
-0.2754604204508184
-0.6904428388763728
0.3031518695558635
-0.4927345475360321
0.7099538525358571
-0.15287690513327368
-0.26871181112705655
-0.44887891424002246
0.36121141012689684
0.5099438012196669
-0.1735436834081272
0.567576833927075
-0.03506448598623879
-0.259574062241706
0.1098227125966571
-0.49244470911460736
-0.3866938266508111
-0.3112873915702927
0.4109892159421704
0.47156486120922136
0.7099978456471938
0.3185656982524061
0.49562839015977533
-0.10681024516956139
0.39862288459010675
-0.6764097645837275
-0.5710837169238399
-0.19887818714855432
-0.32312430738130615
0.1011524291936361
0.39411481744892063
0.41357986706573957
-0.6785239817335655
0.9291405027490349
-0.9894187330548561
-0.8178228315225919
-0.7093431283284926
0.8517235755956982
-0.12924513089447198
-0.8718390872613788
-0.556459510760976
-0.8399205266083947
-0.9244893234298421
-0.23134797914795602
0.9688962012625464
0.22793118143342772
0.04201108644111784
0.42321166341796235
0.1949451276281926
0.8914317156912155
0.6404574688564408
0.280582629060274
-0.12205590291752832
-0.5965855143879708
0.31376844541368576
0.6078198182307673
-0.4279869765826092
-0.9327812972074832
0.19902982578497896
0.03162726310565667
-0.5366580543638768
-0.6610342163737957
-0.9278777337113024
-0.5214867494252455
-0.9994254562907532
-0.6851104782992183
0.9936342876544126
0.5593457579528345
-0.293744673286944
-0.2097137658975876
0.17216033041939705
0.03548540197858974
0.47385108029279
-0.8627656561258821
-0.819668284809699
-0.4310124259272412
0.6595296048985997
0.8300179478963079
-0.3038095035035151
0.9265753301309776
-0.4469843026057556
0.21272681598450438
-0.6109496138280779
0.8594276816242405
0.1498134434916294
-0.47778498865612185
-0.18573074778559673
-0.7870700872148468
-0.8552280589465922
-0.4114963510637599
0.8940309303553251
0.6058844851447147
0.9134186991705504
0.7522260924861339
0.6262946992127485
0.14978775754781792
0.38838372294260015
0.9321109112662118
0.12633720760986034
0.539934385467667
0.5149465700933449
0.9224774506032287
-0.0823031413317521
-0.07855911707097563
0.17365303429995893
-0.9452986049358523
-0.7674633971181548
-0.8648914786774928
0.26732359511637704
0.988396066730951
0.35382595213019985
-0.5401397228216918
-0.36853861194214277
0.9108913742467204
0.0330084344096766
-0.9805536165711501
0.6643540898464573
-0.503484781275845
-0.8139811396758165
0.3473958335636276
0.6421493789850603
-0.8479423589326218
0.8627924796713253
-0.04688909182142065
-0.29292414756765783
0.7886325057404133
-0.4618484350624019
0.8942362181269563
0.3662146170475371
0.8198549179757757
-0.002001319272633806
-0.6006669218113816
0.4708581304856614
0.745484996816596
-0.5864427353559802
-0.5944668824234534
-0.500609132106085
0.23719379836361654
-0.6880088630476822
-0.7866214197892176
0.8403762590659791
0.35162424975305306
0.32684815664090006
0.22765395055150495
0.528488425271054
0.082947909206049
-0.9154737465380045
-0.03541583759789879
0.2413349496635333
-0.015319244591575965
0.9707226586488968
0.7939995463865901
0.7375376712491069
-0.018389296786906595
0.968789365355109
0.8320136593451146
-0.43946675363362586
-0.5558144338403734
0.15333037269481942
-0.8917036574224317
0.598539835559962
-0.04335984677591309
0.08153589118365412
0.004950424243345131
-0.2125661542952042
0.3726772930607789
-0.6503992757619019
0.9530143904740835
0.3964891361922791
-0.07985881990713994
0.3784210981192977
-0.9763600427791022
-0.5784952285971046
0.16201643795889353
-0.34912760016914723
0.22555619272354277
-0.4805984618194039
0.09712680075837721
-0.5257216949849095
-0.057309270523089095
0.22616808627689555
-0.26815169775614645
-0.0024599667796063596
-0.5789350357786873
0.4014252536326015
-0.2553807442623679
0.7086521744816392
-0.44074093623863186
-0.6402215425460083
-0.7377216670025522
0.15178545841592417
-0.5428665010006628
-0.8002605181810938
-0.4601017861949268
-0.5283896542289848
-0.1355624965383302
-0.238233235537064
-0.7083125293249273
0.9182958414933384
-0.7009038854690341
0.6113367231151803
-0.6467854466807743
-0.000804347776298675
0.9911235405992032
0.6987798307933208
0.034013949841001256
0.4411206590492611
0.5706658733877568
-0.39993163569310264
0.1242769041434224
0.1356690384106234
-0.20319619627334484
0.38108635192128837
-0.8799272445519668
0.6276361384136926
-0.04692115129572594
0.2597244247243089
-0.10029036187241647
-0.33068692297087443
-0.2780759578897569
0.12070006962852897
0.8636891515555363
-0.4845703490951616
-0.96032933277248
-0.7575250215665925
0.7347371679482735
0.9262331218358282
-0.6020837787262536
0.15178891494669733
0.2982619037991501
-0.6509223285410832
0.5606181961984742
-0.2897819232182164
0.3463856802947003
-0.025012511391276693
0.4730523295243101
0.779264898276441
-0.2378580031743085
-0.42695284688842183
0.2634243809669379
-0.7103033234438652
-0.6648489290389323
0.615434287914137
-0.3252233800021338
0.262546816651674
0.14327514774758687
0.6978015438776173
-0.8573118436468852
-0.6760010221060293
-0.5435641212242535
-0.36624351660887755
-0.4172872944111603
-0.4650552182587242
0.28928858631037646
-0.45750379729730195
-0.11020322470405652
0.725612967294005
-0.27367031949914256
0.1738395470520211
0.9310520656449892
-0.1720218782526537
-0.632227601793232
-0.9537978153669848
0.45554483286480885
0.32404509561727934
0.8808746746759912
0.40139385684936846
-0.8398705242489057
-0.6661790699206951
-0.7939813718862279
-0.8724152008176795
0.7573819528994827
0.09686748763658759
-0.947270173267518
-0.20597495847966107
0.5299927442671915
-0.8334975972186267
-0.47509547147002573
-0.6894512759996763
0.30966535108669957
0.7709426341927976
-0.3812586929000028
-0.5052069613696155
-0.431649439883822
0.25296136925237933
-0.7374457787462723
0.6770355577857492
-0.9428574139601742
0.3270982706076091
0.7207376348267851
-0.34959736668704244
-0.04769051868925289
0.9499630908801893
0.08116832278456632
-0.4551711447753717
-0.1103101352585123
0.9390845291090923
0.39524575381409477
-0.6459267200405758
0.19516839767312133
0.26209504528211935
0.27170227285167137
0.12796897344257485
0.046919608709014904
0.2790564974216241
-0.3806773437720068
-0.30566339967173817
0.07933624427211927
0.609415532492906
-0.11627938884693112
-0.26843335610324437
-0.4803859121245513
-0.39285416885382207
-0.9998153072101439
0.6307595783217763