2.23082876
-1.74162722
-0.824892521
-1.01489389
3.78353953
2.82719183
6.27487326
-1.51455772
-0.286286682
-1.72407687
-1.0316608
0.0856846124
-1.73603487
-1.10426199
2.39815092
0.719063699
-1.02505112
1.42825091
4.9508872
-1.80950463
4.89310789
3.17023039
-0.585748076
-1.26324189
7.31540918
-0.59915334
-1.49326527
-1.47870672
5.55990982
1.65961647
4.91405249
3.67570853
0.579649448
7.56985235
-0.445373952
0.832650125
5.27047443
1.89631605
5.7873106
1.2376343
3.27314949
-1.66531062
-0.997706354
-0.772244155
-1.54076278
-0.979766786
-1.46299469
-0.814096808
2.17095113
-0.495615363
-0.47600314
-1.06514096
-0.854414701
6.98647356
2.36856627
1.74609613
-1.20582497
3.66602874
-1.23419082
-0.441996723
7.83237362
2.23999619
0.911195874
2.9538281
5.48563051
4.41599846
-0.993490398
-1.71563256
-0.676672161
-0.8516168
-1.0597297
7.08655548
6.02188206
-0.679514468
2.48701859
-0.382683039
6.63276148
-0.150876552
-0.862106085
-0.929032505
0.981890142
-0.869947433
1.35337579
6.36516619
-0.368864834
-1.02915728
7.96060181
0.1524207
-1.49999881
-1.66057336
-1.43128657
2.03913665
4.67326975
-0.285413444
-1.60039842
-0.4340626
7.93794203
0.465829521
7.53725386
5.77247524
-1.79123628
3.53154922
2.9073658
0.591525316
-0.854974329
2.25538874
-1.42430866
-0.239194095
-0.169679746
7.26105499
6.01364708
-0.8675735
0.00937780924
-1.17827654
6.60204554
5.92829704
-0.739035785
2.22319198
1.74352336
-1.27292264
4.2001729
0.630064487
4.45802355
0.485658765
-1.83123636
-0.644761145
-1.76191866
6.8655777
6.05954981
5.30664825
-0.705781519
-1.62094104
6.0481534
7.15119123
-1.51927066
-0.0513682999
-1.57955408
4.16963482
4.25335073
-1.36256456
-0.0906312838
0.796857476
-0.861459076
5.95892859
-0.281827569
-1.05674005
0.62873745
3.67889714
-1.09577942
-0.6903736
7.92238951
2.39804888
-0.226966366
0.281213462
-1.3896513
-1.00944304
-0.593686283
1.41293955
-0.98957938
-1.02586961
-1.57302535
2.09764743
-0.993880093
6.48672009
5.7541666
-1.57352304
-0.960649729
2.70364451
-1.0477984
-1.34818995
6.96822786
1.13668954
-0.100206241
4.55391073
4.91995192
-1.13516366
-1.47792041
-0.252812356
-0.280211747
-0.120909549
3.66521358
2.7738328
7.74664354
-1.47246778
-0.357055306
-0.589223802
5.78676081
-0.921593487
-1.13590074
-0.188417003
-0.286433995
-0.812001169
-0.917376459
6.7722497
-0.208520606
5.78158569
0.805204988
-1.64784276
7.98851967
5.37644148
7.50394011
6.82187176
5.5791316
-1.22352588
-0.0526492074
-1.04959333
-0.362852275
-1.6183368
-0.443765253
7.76494169
-0.860922158
4.54512978
-0.16496931
-0.282305896
7.31708241
7.92676306
0.892293155
3.49453235
-1.26574492
-0.745404661
7.49935007
1.26688468
0.675123215
3.96760893
-1.62372744
1.34684145
0.0456061251
5.64351845
-1.25608003
7.37246227
-1.53959131
-1.15197515
1.5205617
2.80340075
-0.970919073
-1.39374912
6.24459696
-0.93054378
1.51230645
1.91010416
-0.296175301
1.33875668
0.364523441
6.95530033
-1.08438301
3.45906878
-0.95815146
-0.382118583
2.74704361
-0.733344078
-0.674017012
4.02983189
-1.56734192
-0.152953088
7.97527122
7.93754339
-1.56471074
-1.05176759
-0.860931814
6.93214989
6.09382677
6.06832409
-0.478400707
-1.25492835
5.33991909
3.25663877
1.78684425
7.79572916
2.46362114
-1.80464864
5.0736661
-0.73561126
2.61421943
7.02288008
-1.34093261
-1.41009498
-1.44086814
0.851578236
-0.834723234
1.67727721
3.48179507
-1.08680987
2.14780736
-0.865392387
-0.0420498773
6.48538399
5.53765965
-1.49490559
-0.280222178
-0.818839192
-1.82033241
4.33790779
2.19381404
-0.872830749
3.85969448
0.826886714
-0.265147954
-1.79787779
-1.55743921
6.12970209
6.46285725
0.729444623
5.35352039
1.32015312
-1.29032278
-1.36603308
-0.7030527
6.38370371
4.737957
5.77124119
6.38279438
-1.06305265
-0.91839093
-1.4564234
4.48185968
6.14615536
-0.343282908
1.93058419
-1.2666378
6.8780961
5.83369112
7.61929655
4.97234774
6.10265923
-1.74245012
3.78503156
-0.615319967
6.89305401
4.83576202
5.8250246
4.97198915
-0.855045736
4.59799194
-1.43698275
5.95466852
5.73749208
-1.01774311
5.06538582
-0.145554811
-0.714300215
4.72552776
-0.998816609
-1.74656379
-1.12519085
-0.629706144
5.82964706
7.47022581
-0.809875071
2.26370788
-0.367845923
7.69839478
0.57945174
7.02779436
-1.41041362
7.52640963
-1.17858469
7.40054893
-0.859956682
-1.4358573
-0.239932895
3.65672088
-0.683183193
1.69934165
0.182768956
-0.420950085
1.22540867
-0.899350822
3.34056449
-1.82713199
6.80920267
0.615231931
3.51087999
3.87120128
2.73005605
-0.49785462
-1.5767628
2.62780285
-0.6225999
-0.68230933
5.56824446
3.51606822
-0.732151687
-0.69928962
-0.335892677
-0.357865244
-0.74926424
-1.36661136
-0.291696787
7.04581881
2.83708715
6.44488859
1.84823871
-0.729850471
0.76699543
-1.83184493
-0.78131634
-0.25707677
1.27975655
2.47529006
-0.128376633
-0.212080747
-1.04976153
-0.0983173251
6.41889334
4.73639631
-1.21113157
-1.52241635
0.247232154
2.12705374
-0.604309738
5.0947752
4.01821041
2.76473069
-1.00965095
-1.1031903
-1.74377358
-0.935577393
-0.0911667421
5.59580326
-1.56629646
-0.313716292
2.07624602
-1.12040412
3.14166808
-0.0206170473
-0.938723803
2.49692822
-1.81300235
4.0154314
4.32073879
-1.44251335
-0.274463981
-1.18841553
7.32745647
0.287324011
-1.64919937
-0.919606328
5.57338142
-0.159639984
4.82266569
2.68124366
7.80627918
1.52723706
7.20063353
6.262815
1.80243719
3.50838327
0.0764506385
5.28910685
0.765951216
6.35532951
3.89848709
-0.0928604007
-0.882964373
-0.926787674
2.20258307
4.25301886
0.340797007
2.02797508
-0.826476038
-1.54922771
-0.785663426
-0.837044656
-0.661064923
0.642435551
-1.32596183
-0.98537457
3.1031971
3.30270624
-1.59782755
-0.338802338
0.681778252
-0.308827817
-1.07494068
-0.292807132
6.47741556
1.34527063
3.1283679
5.70771265
4.24951315
-0.438602924
-1.81171441
-0.543551028
4.05560207
5.6551671
7.2548852
-0.296921968
3.96025062
0.73811698
1.65204144
-1.02469146
-1.02878737
-0.235268101
-1.72690904
-0.600858331
2.86627007
-0.35083887
-1.22816932
-0.119569451
-1.36536479
1.95611143
-1.73445642
-0.388592392
1.03027177
-1.7339592
2.28399444
-1.33576858
-0.140439048
-1.64895642
-0.443285853
-1.05724561
-0.634898722
4.1796751
-0.443203896
4.03215694
5.31078863
-0.908337712
-1.53301048
-1.76226139
0.630704761
7.99852514
-0.550145447
2.4023056
4.49972868
2.4280746
4.06773138
7.19378757
-1.10234427
-1.75860667
-1.27459812
-1.3705231
2.71134162
1.02351332
-1.0341301
3.19143963
4.27036953
-1.21810651
1.71595991
3.96681046
-1.41337955
5.10881901
7.43553257
-1.43697131
-1.73917913
-0.689490139
2.8375566
7.33076525
-0.378933728
3.44023538
-1.55467963
3.04983068
2.03587842
-1.45969534
4.359694
5.60469198
1.60658586
-1.38946474
7.74150944
4.52216578
-0.560252905
-0.262613952
-0.474573433
0.0953726321
-0.582152367
5.59321022
5.15729475
-1.44635749
7.37260103
2.16936159
5.25931692
3.3169384
-0.236547142
3.7407248
7.44757986
-0.843031228
4.93118763
0.61076653
-0.0605091527
-0.236226857
3.69641948
-0.849216342
5.62741041
5.29169607
-1.51556945
6.10609913
-0.93916744
-0.129402295
1.76530731
-0.443705916
-1.72810006
5.61524534
-1.16658723
-1.05556059
4.76531792
-0.585424244
6.08511972
3.21894002
-0.820348561
-1.79611266
7.1690011
-1.51941919
3.5211947
-0.0418812297
4.13063431
3.04974937
2.33444643
-0.0336551033
4.68692589
-1.49213779
-1.02081323
3.06859446
-0.710577905
1.30488932
-0.0980448797
0.494750887
-0.273152679
3.93496704
-0.62043196
3.24567914
-0.839973092
-0.911519885
-1.39092839
-1.12719095
-1.39496601
0.573823452
4.19503355
-1.15445054
-1.03992295
-0.0579385161
3.59335995
7.62571239
0.394189894
-0.795671463
-1.46473765
-1.12156892
-0.999228477
-1.17538106
-1.78145611
0.546161413
-0.827525139
7.58871889
0.853743494
3.15867829
-1.37030852
5.89537907
-0.0334447883
5.96351576
1.18502748
-0.112211205
-0.218281075
-1.15733325
-1.64495206
7.05701733
-0.0816596523
5.15385056
-0.36407274
-1.56169879
2.07113123
-1.63676679
-1.28627563
1.00543356
-0.719269812
7.90268993
-1.39901102
4.23109531
1.70108247
4.65185308
-1.00581384
0.361160576
-0.18144697
-0.210022986
5.7626667
7.84050035
-0.713605821
1.93643713
1.7540946
3.841429
7.16144323
-1.07144439
-1.05957425
2.56685019
-1.25745726
-1.19601703
-1.55809557
-1.82352245
-0.181486428
1.50097907
-0.765382648
-0.984587133
3.31129336
3.24780083
-0.168551803
2.99815869
6.78257656
4.60524845
2.00092816
2.57892871
6.93869543
-0.274490476
0.712998033
2.36215568
6.53458309
5.22609854
-1.5714972
-1.22494984
-0.705423415
3.98332357
1.1073128
-0.775094509
-1.37737
3.01884794
3.19573903
7.08281994
0.00755483378
-0.0227508638
-1.53837991
-1.68717718
-0.249228224
-0.651487529
-0.915317655
-1.49846804
7.39057779
5.3753376
1.2031858
7.21258068
7.99315882
2.75650525
-0.845126271
-1.68581724
4.10030127
-0.108163647
2.4241519
6.65716457
-1.16787314
1.36527395
2.15655541
-0.0303387251
-1.49877787
-0.557476163
-0.611202538
2.72213626
5.72372961
-0.62405324
3.09877872
-0.776534736
7.12309647
5.01705647
0.801545739
-0.165638342
-0.680103779
-0.647996128
7.52295542
-0.351358116
0.233540043
7.80990744
2.52256608
0.681497514
-0.318092257
-1.1455307
-0.506808996
4.10309029
2.00653982
4.15984869
-1.08695316
0.78751421
6.84276438
-0.226907656
3.17200041
-1.38810444
7.57034922
1.7419467
-0.955909371
-1.25261343
0.81342411
0.836022556
-1.4915663
7.87611437
6.60687828
-0.14135772
-1.40262413
5.314291
-0.00595648261
3.46565318
0.141952246
-0.83077538
5.35558319
7.68391418
-0.939653397
0.820241213
-0.426851302
6.74989033
0.131854266
6.06922007
5.82443094
-0.820426226
4.64009905
-0.311877787
6.94797421
0.123802811
5.12879181
-0.796257079
-0.738628566
1.39100361
7.98243713
-0.0379853956
-1.2884835
0.617289245
-0.567878902
0.830678701
0.694881022
-0.163736403
-0.653483093
-1.141608
3.15997481
1.14876223
-0.976937771
4.40871143
-1.67329335
3.91528249
3.28364611
4.98254251
-0.417711258
2.61902118
5.13196087
7.69309044
-0.017128285
-1.69759476
0.0366584025
1.44288683
5.915205
5.98704576
-0.218877241
0.4152174
-0.157930404
3.55910134
-0.330078393
2.47650123
-1.26734221
-0.1118678
7.50725794
-0.591942132
3.08327365
2.39738655
5.62824488
5.63746119
5.749475
-0.439965546
-0.672242463
3.49947882
4.15042877
5.95812845
-1.70170331
-1.5824573
2.09857631
6.73486567
7.95881462
3.94826198
-0.242104605
-1.47237527
2.1399653
5.96126795
-0.206511989
3.10401869
6.45478487
-1.66469979
4.73829556
-0.757651508
-0.458916008
-1.29957747
0.498661101
1.05484903
4.68031168
-1.21006
-1.54378271
5.93343353
1.91536593
-0.950290799
6.60526419
-1.30856836
-0.142450318
-0.902083099
-0.897135437
-1.79887617
4.8741293
6.41935062
2.84177423
-1.25408947
-0.213657469
-0.566259444
1.40114725
2.22301912
-0.277533889
-0.916306496
5.52486277
-1.10287106
-0.422791421
-0.0615704469
-0.963579059
1.15076303
1.19699085
7.88307285
-0.750820577
7.64711189
2.53167701
-0.826905251
1.05486429
2.97279191
3.91470146
-1.65350449
1.70250392
-0.0119999498
6.46648455
-0.783954799
4.78176212
1.71303999
-0.54148984
2.18588614
1.93425858
2.84423137
3.53485394
2.54690456
5.41339397
2.05196977
6.45445919
2.34144974
-0.700579464
-0.216981634
1.27318084
3.71775627
-1.50284433
-0.751261711
3.95969391
-1.18931973
-1.34874737
0.630524158
7.54383326
0.493637979
6.6157918
5.28756189
-0.891109705
5.19503689
-0.0665579587
4.90381575
3.94494963
-0.591377437
-1.41104448
7.40629292
-1.31722426
7.46400356
5.76224947
3.58746743
7.67907572
7.47631598
4.87340212
-0.492158175
4.65091133
-1.78229821
0.585156918
-0.165784568
2.76525402
2.75745273
1.35296142
5.15867662
7.0446701
-1.43606436
-0.975986421
-1.74157631
6.14775753
0.982518137
6.64409447
-1.02165353
-1.60153759
5.18168545
6.55020237
-0.725302756
-0.336248547
-1.32081771
7.1401844
-0.717329919
-0.0270430632
-1.47696269
6.19614887
-1.33589852
-0.169972897
2.72777939
3.89024186
7.13558531
-0.296535224
3.87630415
-1.26674938
-0.312090069
-1.47025406
-0.0390608609
-0.33690843
7.22434425
-1.71337366
-0.474723488
-0.207595348
7.20888281
5.68720293
-1.46903312
2.97088432
0.711453795
7.64548063
-0.518195927
-0.373487979
-1.13736868
-1.38541436
5.56853104
-0.166036323
2.60429978
2.26727152
1.55433536
-1.75502276
4.58871365
-0.940247416
-1.37161255
1.03324759
-1.58176279
4.24251795
-1.07375634
-1.04151177
5.9151268
-0.628615022