-4.34080744
3.11622357
5.12873316
-2.72495174
-1.89533639
3.1216495
-8.39661026
6.83916521
-7.83207464
3.60191536
-3.88396215
2.96363187
-0.896125257
3.70076251
-6.24201632
6.02764177
-9.32836914
-0.154772431
4.06999969
-4.45778608
1.40778875
3.10388684
6.38911104
-0.761874259
3.83116913
-1.05594277
2.91660929
-2.96558428
4.04819155
-0.502952814
-4.51872349
2.86373186
2.09463859
0.71135366
-0.980488241
6.90503931
8.15148067
11.4911203
0.410632551
-13.1816692
3.79900289
-6.05564022
-0.478959531
-5.60881853
-10.2565851
-2.91683173
-1.78932142
-2.33967233
-3.80332184
0.00342281535
-7.49260759
-1.23865092
-0.768238127
-5.25452423
-6.3931489
1.47914541
7.56121922
-6.75112104
-4.15616322
-3.81447244
0.487801045
-3.01533771
2.19104028
10.726162
-0.615403533
-3.35186863
-6.1125021
-3.09490156
-4.36962128
3.79514122
3.8361516
-9.11131573
-3.99387169
-6.72693539
8.3126812
7.68549156
2.19018745
5.43682766
5.52825546
1.01598191
1.83391464
2.14637613
3.56245542
-0.995731592
-8.46348572
-1.3909663
3.18528223
-2.40522695
-3.02385139
0.220439374
3.24146271
2.98012447
-7.11954069
5.84636736
-9.16868114
-0.319525003
-1.28461576
2.07876658
2.78946877
-3.37566853
5.31902599
0.875183821
-10.6266327
-3.00104499
-4.55736446
4.86015654
3.47276425
4.57761192
-5.52916956
0.445979565
5.33442354
-1.44498932
0.805095315
4.67723322
-4.12722397
8.94516945
2.87859845
-0.768561065
5.2017827
2.09547997
-3.54643178
-0.148706406
-1.96607745
-4.14279795
8.43200397
-4.87061071
-2.96981549
2.12049222
-7.48406029
0.277465284
-1.35777199
-0.618717432
8.37065887
1.66819966
3.52600455
13.5790491
-5.02092505
8.00095654
-3.93617439
2.69275403
1.84144175
-4.77012396
3.59744334
0.938335538
-7.37621069
2.9698298
1.83305502
-1.94911599
-2.57571793
-7.4505949
6.40188026
7.55173874
-9.87170219
-0.669479668
-5.27361488
1.24017048
-3.53167105
-3.04741287
3.33426309
5.10343504
5.74787283
5.25177145
8.32707405
-1.38161027
0.41947943
6.12253428
0.386285722
6.10365248
-4.20817375
-0.809876084
-1.51379669
11.0915833
-1.82656419
3.46598983
-2.31427884
1.03684258
-7.49002695
2.1374023
-2.97798753
-4.18450642
5.8286891
1.38148677
-11.0897808
-3.43176532
-4.32205486
-4.49620581
-6.92259026
-5.57761955
3.17250586
8.05971909
1.57802737
-0.514995039
1.84368408
-4.92906332
-3.54625201
-0.505769372
4.0318923
-5.76759529
0.982156694
-6.07567739
-7.35680199
9.21783352
-3.80208778
0.5604285
-4.75922585
-3.306885
-0.982213974
3.59091043
1.09512401
3.47797227
-3.73941016
2.95283389
4.35826683
-1.89873302
5.8907547
-4.47331715
8.19881725
2.07351208
-1.64717007
-0.248728797
-6.60650873
-1.04687893
-7.81368351
1.21924102
-4.48069143
-3.44049501
-0.756501377
0.304405391
5.05141449
-3.73234987
0.748191953
2.269238
-6.11858559
-1.47066844
3.19320703
0.392478913
3.47116375
3.70278502
6.27238464
4.4329319
-3.18008113
12.9992323
-0.484493464
-12.5243301
1.22695291
6.93239498
7.8374877
1.35911751
7.09842873
-1.02591193
2.75877142
10.2607279
10.344595
-3.07597756
-0.536056757
-1.72094524
2.53717518
-1.51856971
-0.60118264
-4.24651289
2.14098668
-0.270748675
4.58811331
-1.25985992
-4.892591
-5.57195234
-2.23747993
-0.578212321
4.46445084
-3.44765735
-9.16374302
1.45695591
-5.96669054
-8.29286194
-1.81383371
-0.251170248
0.440172672
-6.98041677
11.2776499
-2.55007768
7.17022228
1.14356804
-1.54436362
-2.17934036
0.251296639
-0.349794
0.19507283
-0.867449403
0.493925035
-7.49439144
-0.654482067
-1.94732881
1.94976223
-4.96146536
-7.06789017
5.76068211
-4.28027153
10.8104401
-0.162066594
1.93868458
-1.29793561
-0.631828845
-8.11260319
-12.0711708
8.95408154
1.10882378
-0.0170798488
-0.566263974
3.47340059
4.41617537
3.12442756
-0.402429849
-1.35553312
7.70245123
8.22716618
4.72228813
-2.27745795
1.66685665
14.1498966
3.32588315
-8.92332745
-3.44471359
-3.57450247
-3.13821554
-3.90544438
0.0770183876
3.14106154
-5.83155298
4.81787634
-2.33371186
5.41413784
-9.3822155
-7.72025585
-2.64686251
-6.37537336
1.54867733
0.962459922
-1.77890944
5.79645443
-0.580822945
-1.89472234
-4.125844
-2.41832447
-2.19909048
-0.438527286
-4.38659668
10.2112865
-10.7417202
7.23475075
-4.76897907
2.78319526
7.5452776
6.29174948
5.30066252
-13.8893509
-7.92625141
-6.6217103
3.06805682
1.47335887
-5.1300683
13.4201479
-2.53712845
-1.11279941
3.59111476
-6.18761206
-6.25404167
11.7328415
-4.9323473
0.0933828056
-2.91396832
-2.96761155
-1.66270983
3.50732183
9.79774094
10.7080679
5.56887531
-0.554439068
0.0547310598
1.28127909
-2.15729904
8.77020264
-0.801593184
0.0439757109
-1.05044913
-11.5416079
-3.90149188
1.01070821
2.87584901
-0.5755319
2.40773034
0.426204234
-0.586936057
-4.98448896
-7.96682835
-1.32127917
-4.7745595
2.5195787
-2.66756058
4.90049219
-1.83410013
-3.4548614
9.25030041
-10.6720295
-1.69946969
5.63212681
-3.61377621
0.913778007
-2.97260094
0.542367935
4.37858915
-8.04745197
-2.31078386
-4.42574167
-3.84336376
-3.19361043
2.54204869
-1.89221513
2.60430932
-3.51004505
4.09221172
9.15719986
-2.50585675
-5.5439539
7.66066647
-5.29743767
-7.56957054
-0.288257658
6.32657576
7.95312262
-0.984701991
8.39374638
-7.35130835
1.76830995
2.49409485
-9.89426804
0.0131996851
-1.22590196
-11.8181343
-2.55942798
-9.65147972
-1.11105812
-1.87438631
2.15352035
-5.84071875
-6.63312483
-10.4987259
-12.0267134
-8.88494301
0.649550557
1.32697821
7.76942301
-0.916723549
-9.16261196
0.93758148
2.57657552
5.23376083
-1.44875276
7.49807835
1.34139109
-3.83274198
4.44255161
1.50348854
1.6477263
-4.54230881
-5.51742744
-1.14256442
-2.16711783
-3.244807
5.29108381
1.6003139
-3.79843998
-4.666049
-0.622768819
-8.39182854
-0.00321967807
4.01169252
-3.13691282
2.5657661
-2.10590076
2.08526564
-0.611783803
0.563084304
-4.42006874
5.75292253
-0.189544633
0.368375063
4.05645084
-2.49987245
0.767782569
8.53103638
6.75345182
5.65893793
-4.09321976
3.44264364
3.69478178
-6.83173895
0.681710482
0.567043066
6.13520193
4.84588814
-7.62774658
0.047013633
-0.726561785
3.66081476
-4.6037693
9.88456249
4.38874149
1.87704432
0.0137099689
-7.22813225
4.06498289
-4.10237074
15.3585472
-6.35101557
1.03958797
0.538330555
-0.265172303
8.82765102
-2.79771996
12.8570318
-8.11214638
-4.15449238
-2.28870344
1.21038949
-11.6809769
-1.44385588
1.35076296
-2.90184999
-7.78785229
-0.196056813
3.59392953
-4.20344591
-10.1448879
0.978561699
0.610402822
-3.7858119
5.98352528
-5.87065792
-0.806702435
-6.73249006
4.45560169
-2.7616694
-0.567502201
-5.98817348
-4.04156542
-2.25043416
-1.54339671
1.10812795
2.355335
-6.39367485
0.702073097
4.29282761
5.32327747
7.82679605
7.08309507
-0.963350475
0.539481103
1.34698033
2.02596426
1.93171823
8.95364571
1.10882843
-0.0173518714
-0.566525638
3.47331095
4.41581821
3.12436223
-0.40214622
-1.35541427
7.70219326
8.22678185
4.72194242
-2.27762675
1.66711867
14.1493912
3.32567668
-2.23800707
-10.8344946
-1.59919143
-2.25846529
5.7901125
2.27264953
-0.678731263
-1.48924875
-0.0242860392
-5.57505655
-5.4178834
-0.0581624471
6.16397858
-3.47525406
-4.45783091
0.356491446
3.82892323
-4.99640751
3.76423573
6.17033195
3.18561745
7.64537096
7.8085022
-2.94565201
6.11248064
1.76171958
-4.0465889
5.64875221
8.93474674
12.2584963
1.2146641
2.54771686
-0.480402827
-7.28287601
-7.06985188
1.93460965
2.50901556
-0.341441661
0.164655864
3.86141586
2.43304014
0.228420466
-4.2037735
-1.59473133
-2.61162114
-1.48466849
-2.09756088
1.24936259
3.84097314
1.40179896
-3.91806126
-0.143813238
4.57531643
-4.39375877
2.44494748
7.11630535
-0.587451935
8.11997604
-1.06126809
-1.11755979
-2.4972496
-5.67523861
5.27669811
-0.366413921
0.3740789
-0.294693053
6.31663179
-3.80043173
-1.59823847
-7.74826002
-4.35582209
4.55314064
7.36979532
10.4402914
4.25938988
5.71450281
8.02801704
9.05887699
7.00352383
-0.45110032
-7.37622833
2.9698329
1.83305681
-1.94912446
-2.5757184
-7.45060873
6.40188408
7.55174494
-9.87171173
-0.669482052
-5.27362061
1.24016607
-3.53167105
-3.0474112
3.33426237
5.10343838
5.46395826
4.95677567
7.94292212
-1.26099169
0.476022005
5.71048927
0.48308903
6.04935598
-4.10575008
-0.930469751
-1.53944588
10.7003918
-1.80644369
3.41592431
-2.31606054
0.816710055
4.10949183
-1.53329074
-0.159138694
-0.764863253
12.9083958
-3.08544755
-6.83389282
-8.43115044
0.206212297
-3.83973312
4.25260782
3.50254202
4.33900452
-4.76900673
-0.136914909
-7.3243351
0.800875127
0.620440304
7.48497725
-0.795309305
-8.20289803
1.17900205
2.51076984
4.96790791
-1.59375155
6.81230831
1.19879723
-3.48785019
3.59066343
1.36863375
1.22003806
-3.93168855
6.09854746
5.16942215
-5.22738934
-2.4116385
-0.984583318
-5.51355505
5.29410315
7.23205566
4.12559605
3.19472313
1.99660671
-5.60285997
-0.432917297
1.32938564
6.78270483
-0.258246899
-4.49055767
-3.44863272
-0.764713168
0.30803135
5.05789042
-3.73279428
0.747184515
2.28055453
-6.1203742
-1.47242284
3.20111442
0.395312995
3.47897887
3.71275163
6.27740383
4.44248533
-2.10166788
-3.68942499
2.48384452
1.66084111
-2.21697688
-3.27057576
1.12015593
-2.42796636
1.754094
6.65707159
0.769273877
0.602910876
1.78564799
9.72107697
0.323414385
1.31756091
2.08428073
-6.04069614
-3.6209209
4.38328981
0.288591027
-0.0303201117
-0.938246429
-0.21331507
6.05799055
-3.76055908
0.438535154
-8.70250607
-0.393960088
-0.989986122
0.456275702
1.99677598
1.91231227
4.97699547
0.457900017
-2.77704549
-6.47170782
-1.40258002
4.02839565
3.52117467
-1.03496802
5.12445498
-8.74094772
-3.66994834
-1.47603512
4.61603069
8.0771265
-5.43186855
2.37967277
-1.61428118
1.37521815
-2.13259053
6.978755
-6.66505527
10.3859205
6.1771431
2.33794808
-2.35464525
2.49102402
-3.4068644
3.76095653
5.73128986
-5.18479872
5.47571516
9.82315445
-1.50768018
-6.75815678
-6.43243551
-6.91016102
-1.23880661
1.29358137
-1.61764073
-2.42642999
-4.39641476
-0.436684966
-2.39462209
4.04990339
-7.17493248
0.0981509909
-6.79542303
4.95154953
-1.98943508
-1.07620251
1.1239413
-8.82934189
1.84156322
-0.502536356
-4.20205355
-5.30082464
-2.23679495
2.95722938
-3.09199595
4.6288681
0.84719044
-4.46177912
0.52741909
-1.79556203
-7.01607943
1.24680889
-1.57845819
1.90323448
1.30601871
6.55243254
7.26833296
3.28691459
-0.873219848
4.1403842
12.0674458
0.503259659
-3.88968468
-1.63112831
7.47341967
2.65210676
-2.78158975
-1.24394393
-4.18601751
-1.61251569
-2.42305779
4.30327225
2.27735162
-7.02761173
7.24640703
-0.865482152
-14.6451588
-2.73539686
-5.78938675
-4.37478209
0.0680086613
9.01158714
1.36221433
-9.15431118
2.57223892
-6.57174397
6.54645205
-4.62834978
6.15165043
7.31405115
8.10812759
5.4798727
-8.58395767
1.63937759
-0.747685432
-6.40762043
-7.13620043
-7.48405361
0.277461946
-1.35777807
-0.618720949
8.37064648
1.66820431
3.52599263
13.5790367
-5.02091408
8.00094223
-3.93617225
2.69274426
1.84143949
-4.77010298
3.59745049
0.938341498
-2.45072341
-8.06672096
1.12135458
-5.8195281
3.0519526
-8.29393196
2.86612058
2.94532585
-6.61474657
-8.58012295
4.44936466
-4.62767076
1.09301639
-2.12785244
3.3042028
1.37089217
5.7477603
5.25174046
8.32698154
-1.38155866
0.419528961
6.12237072
0.386330128
6.10361004
-4.20809746
-0.809877157
-1.51383662
11.0914392
-1.82658708
3.46600652
-2.31427932
1.03678739
4.10949183
-1.53329074
-0.15913868
-0.764863253
12.9083958
-3.08544755
-6.83389282
-8.43115044
0.206212297
-3.83973312
4.25260782
3.50254202
4.33900452
-4.76900673
-0.136914894
-7.3243351
8.13617706
5.75286436
0.307816356
0.188375935
-5.74766922
-5.15679932
8.6730299
4.58080053
-2.94142246
5.01983023
-1.12727547
10.2629766
2.71483994
0.855491877
-4.73006248
-2.86473393
3.31040573
7.17861462
0.432556063
0.00965334009
2.30457401
4.99221659
-0.778789461
-1.90008807
-0.526755512
0.551644862
0.97235167
7.30450487
-1.4583497
1.03764749
-6.46872473
-1.09867549
-0.629540205
0.565770566
-4.44612026
5.76763821
-0.210956678
0.334667295
4.0569067
-2.4905436
0.780130088
8.56321621
6.79395103
5.66947126
-4.10087633
3.47125173
3.68753624
-6.85314608
0.0744554475
-8.43171215
-0.0242577121
1.47818041
-0.422215044
-3.36926699
5.16256952
6.81681967
-5.17029381
2.36173487
4.45127201
-9.50543022
4.39738846
2.44591069
0.219610676
-8.20068932
-1.55161715
-0.788210809
2.99574113
1.80745304
6.86929703
-0.368752748
-1.03520787
3.30600619
-9.01706982
-11.3352432
2.89351344
-0.680512607
0.468400836
5.19175529
-4.30893326
-0.755311668
-5.98792648
-8.19845009
-1.75077713
-0.297254711
0.316757977
-6.88761187
11.1532707
-2.56448483
7.15638256
1.06178188
-1.53575981
-2.23242736
0.300319463
-0.377916396
0.186177805
-0.927153766
3.43083215
-3.19269753
9.01343632
6.43947792
4.12588024
6.60298634
-2.24534941
-6.14283133
-3.97158194
-1.40701258
6.17703342
8.74585629
5.90579748
2.41544414
-0.421562523
0.5493927
3.94290638
2.14924979
-9.39826202
-6.13478041
-0.508880854
10.8066521
2.88836074
2.97344542
2.73452067
-12.5788212
-1.06163704
-2.45155358
3.10773373
-6.42087889
4.36138344
2.033077
-2.46618438
-10.0918808
-1.16272795
-2.28992701
5.55577517
2.1527524
-0.5324471
-0.502773702
-0.176327169
-4.85924482
-4.75870514
0.75063324
5.81130743
-3.29979777
-3.64133906
0.291197628
3.82892108
-4.99640799
3.76423454
6.17032862
3.18561625
7.6453681
7.80850124
-2.94564962
6.11247969
1.76171899
-4.04658699
5.64874935
8.93474293
12.2584934
1.21466112
2.54771519
2.65210676
-2.78158975
-1.24394393
-4.18601751
-1.61251569
-2.42305779
4.30327225
2.27735162
-7.02761173
7.24640703
-0.865482152
-14.6451588
-2.73539686
-5.78938675
-4.37478209
0.0680086613
0.176695555
-2.52472091
-3.07563353
-1.18113327
3.32964277
9.18461895
10.3283644
5.34215641
-0.560744643
0.332387418
1.42227376
-2.03111672
8.36748123
-0.81779772
0.409486622
-1.03734386
-9.47872734
1.20212412
-6.27452564
-3.66734076
0.198469222
0.91036284
-0.597863972
1.79238141
-1.1359123
2.51483035
5.77613449
-0.112227432
-4.39646435
4.96961164
2.47879505
-2.56939602
6.03590393
1.69540155
-4.13218927
5.17523289
-0.241674185
-3.77075148
1.80957615
-0.332502156
5.27505016
5.56160975
-0.306230903
1.97741783
4.68853378
-1.09102631
-4.52616739
7.70658827
-2.29627895
14.8239346
9.85642242
2.81954861
7.71119308
-5.65627384
4.29896784
0.135324359
6.15086269
5.60392427
-8.42152405
2.17190647
-7.72310019
9.6458149
-2.29369807
1.52786517
-7.86746311
2.01683283
-3.27931738
-4.83220243
6.72710037
1.84516001
-12.0151176
-3.76772738
-4.42464018
-4.50314045
-7.37956381
-6.50102234
3.58725381
8.78143215
2.17021203
0.0863036811
-2.90691471
-4.06730938
-2.40248013
2.57699943
1.73765492
-3.37162566
-10.8498755
-3.04147148
1.06991947
-1.39400065
-0.468865693
-0.45896247
-0.805845559
-1.323645
4.39902544
3.30381417
-7.74335337
-3.2403605
-2.82212377
-4.0651412
6.04437685
0.745998204
-4.56031752
-5.36415863
-0.647381425
-10.6469746
-0.249207929
3.18259239
-3.56018233
2.95106173
-1.00698841
2.88791251
3.68463326
2.74808669
3.69702673
0.9972682
-1.70401061
-1.81534076
1.41165698
-8.69043636
-1.52959275
7.74589825
5.86400795
1.70847142
7.14397478
3.8087821
5.79121494
7.04870653
0.083981134
-8.45248413
-0.0352407806
1.47734606
-0.414355338
-3.36969995
5.18024683
6.85724401
-5.20056295
2.34293318
4.46736574
-9.54960155
4.40880728
2.41411138
0.219152287
-8.24234104
-4.34080458
3.11622262
5.12873173
-2.72495294
-1.8953371
3.1216507
-8.39660931
6.83916473
-7.83207273
3.60191488
-3.88396263
2.96363211
-0.896125853
3.70075989
-6.24201632
6.0276413
-8.49790573
-1.2849406
1.98747349
1.35328627
4.81608248
6.80179024
4.71761751
4.14370394
-2.86600065
-3.82971096
-7.6263566
-6.25955725
-0.00464160321
-1.0550772
-1.55573165
-1.03555715
3.46914148
-3.21023941
9.04877758
6.47512722
4.13146782
6.60798025
-2.26971841
-6.21361637
-4.0582571
-1.4029938
6.23770666
8.79295444
5.95064831
2.41631198
-0.40933466
0.500477552
4.33967876
2.94701576
4.34797049
-2.3189497
1.42005432
-5.01557684
0.907006025
-2.1288681
7.02171659
3.32240391
-0.924467385
8.35344315
-9.26684952
2.24895
-0.951246679
-1.67831993
5.80048466
6.02420139
-1.30274653
-13.5114136
0.770165861
6.93227243
-9.43155575
0.78156513
8.31735134
5.67553473
-1.59672356
9.28930759
-2.59782004
-2.18693709
9.5348444
3.03199887
3.80196166
-4.86009836
3.74376869
6.121418
3.09109187
7.53577614
7.75145531
-2.99826002
6.05025387
1.78397739
-3.79425836
5.55263662
8.71395397
12.0219908
1.04672575
2.64714074
6.25484705
5.27468204
-13.8343887
-7.88774824
-6.56981325
3.06977797
1.42960691
-5.0699873
13.3725891
-2.5302217
-1.07963765
3.58089995
-6.16484118
-6.24163914
11.7047777
-4.90744543
2.65788913
-4.306355
-7.889853
1.70976889
-4.24604273
0.409855425
-3.92875338
4.71371555
-1.65359569
4.49719381
-0.0401858166
-2.81511879
4.88456917
-4.54298782
-1.93924642
2.24779296
-10.0313873
0.0730594769
-4.7199893
-2.18782878
0.042586308
1.3061018
-0.357946724
1.24931908
-2.07932162
0.0767282769
4.19203568
-1.21808267
-2.94049764
3.21009421
2.95867944
-2.35836649
-7.34943771
3.01262259
1.74781382
-1.94738603
-2.51977658
-7.42444515
6.36446333
7.47998905
-9.80066967
-0.635051012
-5.2924962
1.21597314
-3.53772044
-3.05282497
3.28973937
5.08599854
-2.29628539
14.8241282
9.85663414
2.81952834
7.7111702
-5.65632391
4.29912376
0.135205239
6.15104437
5.60413265
-8.42165279
2.17184067
-7.72334862
9.64598274
-2.29386735
1.52800572
1.78528357
2.49570537
-9.91403961
0.00511871651
-1.21932065
-11.8274813
-2.56069207
-9.6724596
-1.10818601
-1.88528919
2.16136289
-5.85972071
-6.6444478
-10.5203438
-12.0441322
-8.8970871
-4.01192284
-1.33031309
5.478549
3.62168026
2.42829442
-4.50038767
-4.81677437
1.23886013
6.83558035
-6.11700583
-7.21616364
0.373038083
2.54142904
3.1285162
-13.9694948
3.0737679
-3.73618293
1.3108865
4.37733746
-0.752374709
-4.40714216
3.46201682
5.84121275
-4.92346144
2.9878726
5.99554253
-9.71022892
0.106928714
-5.88457203
-5.4325099
-9.44721127
5.95589542
-4.49055862
-3.44863367
-0.764713883
0.308031648
5.05789137
-3.73279476
0.747184753
2.28055573
-6.12037516
-1.47242272
3.20111513
0.395313174
3.47897959
3.71275282
6.27740526
4.44248629
0.234818816
0.347559631
6.6076231
5.25362778
-7.91510487
-0.112115003
-0.98846066
4.0844655
-4.97750854
10.2276611
4.84560633
2.23041296
0.0983113348
-7.37260485
4.38857317
-4.00453758
-1.44858849
-5.95670271
-4.8577323
5.40800714
0.438412845
-2.38231659
-0.437062502
-3.69180036
9.81970596
-3.64842987
1.15873218
-11.3263474
2.60259151
-0.866916895
0.219440639
3.29863596
-9.44137764
-0.2134884
4.09969997
-4.47078705
1.50251865
3.14569116
6.41936779
-0.804277778
3.89048481
-1.10135317
3.04810715
-2.95559931
4.11153555
-0.550563693
-4.64654112
2.96896958
3.46929908
-3.21039391
9.04909611
6.47523069
4.13163471
6.6082201
-2.26972651
-6.21367025
-4.05827284
-1.40296829
6.23771095
8.79327011
5.95089769
2.41628218
-0.409203202
0.500285149
2.03463936
13.2724199
-2.64626932
-3.50389838
2.38473272
3.44672132
9.48650742
1.41215611
4.99795961
6.74784613
5.58985853
-1.92474568
-0.984693766
7.16348028
7.08441591
-4.12522793
8.62452888
-2.7815547
-6.96308756
0.368526816
1.44963241
0.821267605
3.28353262
1.48990607
0.296434909
4.49406004
1.53792667
0.943947792
0.536540687
-2.63143802
-0.390219837
1.70137322
1.83718419
2.13466787
3.56278586
-0.983986139
-8.44439125
-1.3761549
3.19286013
-2.40611172
-3.00887585
0.222965494
3.22951722
2.98449922
-7.09322596
5.8568759
-9.15166092
-0.31482473
3.38479543
5.09199858
-1.986588
2.66731048
3.21444082
3.48288321
-9.99457932
0.557718754
-3.42895389
-2.31966591
12.9840574
-2.60266399
6.94266129
1.82396924
2.17372465
5.01298666
-2.65076399
-3.50698185
-8.64587307
-2.14883161
-1.41598845
-2.0065484
-1.03011537
0.698439896
0.772107959
8.06644344
-4.97211266
2.91917467
0.937277615
-3.50252795
1.20492578
5.48562908
-9.58976173
1.21899223
-6.41641998
-3.66584063
0.2187168
1.00793982
-0.555514336
1.76126909
-1.23176599
2.42551517
5.79322672
-0.177890956
-4.53647995
4.92352819
2.42780423
-2.59326792
0.0826322585
-2.41398883
-6.94585991
-9.6771965
5.0482316
8.21361446
-4.10064507
4.17976809
0.938442051
-0.321636796
1.57053483
4.08326864
3.97674084
-11.9952736
3.00058484
-4.17273521
3.18650794
7.99655294
2.39959288
0.141048729
7.32493591
6.77354622
0.570887923
-4.99051857
3.12811732
-2.88005114
2.67135954
3.24248528
-2.11984634
2.73881197
4.06786394
1.74081063
1.78473401
2.4957397
-9.9131031
0.00551450532
-1.21996927
-11.82586
-2.56056881
-9.67191792
-1.10822451
-1.88426423
2.16186261
-5.85818243
-6.64409685
-10.5194273
-12.042635
-8.89651585
2.02300668
-5.61794519
-1.89347768
-0.241744712
3.93704319
-3.59215164
1.13983166
-4.37018204
-6.48367405
6.83997059
-3.08964825
0.602498412
-5.22579145
-2.64499164
-1.65284109
3.58800936
2.16433406
13.1628218
-0.599153638
1.61206329
4.26408386
0.0443888493
2.29196358
1.4521085
4.49851847
5.10594463
1.10497749
4.15927076
-3.60995936
0.421377659
-5.57312536
3.46596265
-5.82371855
-0.823454618
-4.64724541
-2.70190191
-3.44947338
2.75825405
-1.97439599
2.79960632
8.75348568
-0.472634196
6.11611176
4.85159397
0.0444051139
-1.53279614
7.40914774
4.41538191
0.258451521
0.360227764
6.58346748
5.23254156
-7.90083265
-0.103310205
-0.975371897
4.06174135
-4.9577322
10.2104893
4.82151127
2.21317315
0.0933165997
-7.36616087
4.37198162
-4.00919199
-1.55365324
-0.78734535
2.99942803
1.8067497
6.87389183
-0.371154398
-1.03098273
3.30819798
-9.02330017
-11.3410082
2.90068865
-0.673811197
0.471733361
5.19826078
-4.31020975
-0.758154631
1.92892623
4.98586893
0.452540547
-2.77461576
-6.4654274
-1.40665662
4.03425074
3.53368783
-1.04699934
5.14327621
-8.75454044
-3.66469669
-1.48620236
4.62866735
8.09192753
-5.43093014
0.314850718
-6.29916096
-0.0519657433
-1.58603871
2.4593029
-3.81153584
-4.94001293
5.55610323
-2.33637023
8.44566441
-0.294125378
1.50708258
-0.963691354
0.0986314043
-7.24810266
-8.66557503
3.69212604
2.33328319
-9.47013092
-6.05629444
-0.81955111
10.5314074
2.86594176
2.95677686
2.92451596
-12.397769
-0.938175499
-2.29791093
2.99005866
-6.28739119
4.10853481
1.80112255
8.65047646
-2.7805748
-6.96809721
0.373712182
1.45755219
0.822368145
3.28374219
1.50073254
0.289748877
4.50415516
1.53219295
0.959217191
0.548751354
-2.63141537
-0.381370068
1.70159864
3.82892323
-4.99640751
3.76423573
6.17033195
3.18561745
7.64537096
7.8085022
-2.94565201
6.11248064
1.76171958
-4.0465889
5.64875221
8.93474674
12.2584963
1.2146641
2.54771686
6.02137232
-2.06826925
4.60540962
3.84969091
-7.99368858
0.924864829
-4.9729948
-3.5663228
-0.321618021
-14.009469
-0.189018235
9.58094215
3.60701656
-2.00632286
-3.33833313
4.62580824
9.01165104
1.36221385
-9.15437603
2.57227302
-6.57188368
6.5465889
-4.62843847
6.15163851
7.31414986
8.10812759
5.47995424
-8.58405113
1.63942933
-0.747623861
-6.40776634
-7.13628483
-3.38130713
-2.0088768
-5.03016186
-2.67761731
1.65067601
4.75974417
-2.92736745
6.93230581
1.56012976
0.209564626
-3.37448263
-2.76559877
0.983051538
7.26335955
8.7333746
3.4387579
14.5743418
-0.809494615
-0.346074104
8.64854336
-2.1106894
9.70316315
1.76260579
0.0112866769
1.73934686
2.25123119
1.55541742
6.88305235
-3.75909734
-5.22180128
4.53909254
0.907019615
2.55412769
-4.52270031
-5.22652674
-0.96589607
6.65463018
-4.27980661
-9.81851959
5.1100955
-7.07746935
-2.34056664
4.12887621
-7.18240499
-4.16715908
1.71039116
0.810401142
-3.11977935
-4.3704915
-0.0322537869
2.7408464
3.13694906
2.13324594
-4.09969664
-3.8759563
-0.153383031
-1.79178202
1.95535898
-0.227294743
6.46320629
3.02185392
1.23585713
0.542505205
-3.10827088
-2.27442479
-0.381917715
-5.68773985
-0.667400897
2.15569448
-6.00400019
-1.13273454
-3.55594492
-3.08759904
8.71075916
-1.01851749
-0.337696075
-9.24862957
-3.18076777
0.0164141357
2.50277209
6.08617258
5.15845585
-5.23085642
-2.40710688
-0.993156016
-5.50314617
5.28914165
7.21039581
4.13717842
3.20195007
1.97520614
-5.60001659
-0.456375837
1.34417427
6.76205778
-0.268923998
-2.08814216
-0.687210917
-1.64029217
-1.55034411
0.104489505
5.85929155
-0.00270107621
0.0192187
4.70234632
-1.18018413
1.67826724
3.94147372
-0.540302575
-3.17473459
6.99855947
3.03303027
11.5200691
6.3947506
-4.92865419
-4.81825733
-1.09848976
4.09216166
5.26134014
-6.7682128
4.46796989
2.02636814
-6.66162825
-5.9998641
-2.28693581
-4.29239893
-3.53480721
-6.22762823