0.977177024
-0.999999523
-0.998506546
-0.999715388
0.998966157
0.993020177
0.999992907
-0.999996364
-0.848073423
-0.999999404
-0.999754131
0.0854755342
-0.999999464
-0.999869525
0.983614862
0.616329014
-0.999739528
0.891307592
0.999899864
-0.999999762
0.999887586
0.996479273
-0.988023937
-0.999967456
0.999999106
-0.989339113
-0.999995589
-0.999994993
0.999970376
0.93016547
0.999892175
0.998717487
0.522410631
0.999999464
-0.959806621
0.681896448
0.99994719
0.955920935
0.999981225
0.844779551
0.997133315
-0.999999046
-0.999669313
-0.997636557
-0.999997079
-0.999613285
-0.999994278
-0.998359144
0.974310756
-0.973888099
-0.969088852
-0.999816418
-0.998845577
0.999998271
0.982624769
0.940929592
-0.999946237
0.998692393
-0.999958038
-0.958629251
0.999999702
0.977586985
0.721705735
0.994577646
0.999965668
0.999708116
-0.999656916
-0.999999404
-0.994565964
-0.998817027
-0.999807537
0.999998629
0.999988258
-0.994698763
0.986264586
-0.931537032
0.999996543
-0.577277899
-0.9989205
-0.999397933
0.753882945
-0.998991847
0.87484777
0.999994099
-0.923099697
-0.999748707
0.999999762
0.151251212
-0.999995887
-0.999998987
-0.99999249
0.966690779
0.999825537
-0.847000122
-0.999998271
-0.95572871
0.999999762
0.434823483
0.999999464
0.999980628
-0.999999702
0.998289227
0.994051218
0.530991793
-0.99885118
0.978259087
-0.999992013
-0.77936697
-0.6293993
0.999999046
0.999988019
-0.998970747
0.0093775345
-0.999931633
0.999996305
0.999985814
-0.996843219
0.976829827
0.940633893
-0.999970078
0.999550521
0.558096647
0.9997316
0.45076406
-0.999999762
-0.992827177
-0.999999583
0.999997795
0.999989092
0.999950826
-0.995782495
-0.999998569
0.999988854
0.999998808
-0.999996483
-0.220472381
-0.999997914
0.999522269
0.999595881
-0.999986351
-0.376076519
0.662276268
-0.998914361
0.999986708
-0.842519283
-0.99980247
0.557182252
0.998725593
-0.999859512
-0.995176971
0.999999762
0.983611524
-0.757532239
0.274027795
-0.999989152
-0.9997015
-0.98882103
0.888116777
-0.999644995
-0.999741375
-0.999997795
0.970314622
-0.999658108
0.999995351
0.999979913
-0.999997795
-0.999543071
0.991072476
-0.999786437
-0.999984503
0.999998212
0.813296378
-0.411373675
0.99977845
0.999893486
-0.999900341
-0.999994993
-0.801638782
-0.840461195
-0.483548462
0.998690307
0.992237151
0.999999642
-0.999994755
-0.915105462
-0.988379657
0.999981225
-0.999357522
-0.999900997
-0.676256478
-0.848253846
-0.998328865
-0.999333441
0.999997377
-0.721088111
0.999980986
0.666936636
-0.999998868
0.999999762
0.999957263
0.999999404
0.999997616
0.999971509
-0.999953926
-0.225783497
-0.999789715
-0.919124246
-0.999998569
-0.959249914
0.999999642
-0.998909295
0.999774516
-0.616826355
-0.843123853
0.999999106
0.999999762
0.712524474
0.998157918
-0.999968112
-0.997013628
0.999999404
0.852951109
0.588339806
0.999284446
-0.999998629
0.873305738
0.045574531
0.999974966
-0.99996531
0.999999225
-0.999997079
-0.99991399
0.908795476
0.992681265
-0.999582231
-0.999989569
0.99999243
-0.999405801
0.9073475
0.957094133
-0.859754205
0.871373296
0.349192172
0.999998152
-0.99984479
0.998022616
-0.999532998
-0.931210577
0.991811633
-0.996682703
-0.994438946
0.999368131
-0.999997675
-0.583287895
0.999999762
0.999999762
-0.999997616
-0.999793708
-0.998909354
0.999998093
0.999989808
0.999989271
-0.969719172
-0.999965012
0.999954045
0.997037172
0.945426524
0.999999702
0.98561132
-0.999999702
0.999921679
-0.996747613
0.989333451
0.99999845
-0.99998349
-0.99999094
-0.999993086
0.691893101
-0.998629272
0.932507277
0.998110414
-0.999848068
0.97311008
-0.998950958
-0.181458443
0.999995351
0.999969065
-0.999995649
-0.840474546
-0.998425603
-0.999999762
0.999658763
0.975444853
-0.999016881
0.999112129
0.678800821
-0.820062816
-0.999999702
-0.999997497
0.999990523
0.999995112
0.622725487
0.999955237
0.866822004
-0.99997431
-0.999986708
-0.995681107
0.999994278
0.999846697
0.999980628
0.999994278
-0.99981302
-0.999339342
-0.99999398
0.999744117
0.999990821
-0.904779255
0.958780587
-0.99996841
0.999997854
0.999982893
0.999999523
0.999904096
0.999989986
-0.999999523
0.998969197
-0.990735471
0.999997914
0.999873936
0.999982595
0.999903977
-0.998851895
0.999797165
-0.999992847
0.999986589
0.999979258
-0.999722362
0.999920368
-0.561586976
-0.996084094
0.999842823
-0.999672532
-0.999999523
-0.999891281
-0.99182415
0.999982774
0.999999344
-0.998297572
0.978613973
-0.922439456
0.999999583
0.522266865
0.99999845
-0.99999094
0.999999464
-0.999931812
0.999999285
-0.998900056
-0.999992788
-0.780629456
0.998667836
-0.994865417
0.935326695
0.180760697
-0.950494051
0.841242433
-0.999219954
0.997494459
-0.999999762
0.999997556
0.547799528
0.998217106
0.999132335
0.991529882
-0.97438699
-0.999997854
0.989617825
-0.991303265
-0.994826198
0.999970853
0.998235464
-0.996648073
-0.995537221
-0.898756623
-0.915678263
-0.997112453
-0.999986827
-0.854570568
0.99999851
0.993156493
0.999994934
0.95157975
-0.996580184
0.645178974
-0.999999762
-0.997816265
-0.808190525
0.85642004
0.985940933
-0.508117616
-0.728462279
-0.999790072
-0.404502869
0.999994695
0.99984622
-0.99994868
-0.999996603
0.242315084
0.971986413
-0.989805818
0.999924898
0.99935329
0.992095113
-0.999702036
-0.999868274
-0.999999523
-0.999431312
-0.378080845
0.999972463
-0.999997675
-0.878451288
0.96903652
-0.999886692
0.996272683
-0.0897233635
-0.99944675
0.986532331
-0.999999762
0.999349713
0.999646842
-0.999993145
-0.832939744
-0.999937415
0.999999166
0.27966997
-0.999998868
-0.999346316
0.999971151
-0.602212131
0.999870598
0.990665317
0.999999702
0.909950554
0.999998927
0.999992728
0.947057784
0.998208165
0.0763020441
0.999949098
0.644569039
0.99999398
0.99917841
-0.384397149
-0.999100089
-0.999386013
0.975866616
0.999595642
0.328188747
0.965951622
-0.99852705
-0.999997318
-0.997897446
-0.99865675
-0.993775547
0.566555619
-0.999981165
-0.999631763
0.995975137
0.997297645
-0.999998212
-0.901169717
0.592674255
-0.873488545
-0.999831498
-0.855871916
0.999995232
0.872932434
0.996172369
0.999978006
0.999592781
-0.957412004
-0.999999762
-0.982737839
0.9993999
0.999975562
0.999999046
-0.860601604
0.999273837
0.62800616
0.92913717
-0.999738693
-0.999747872
-0.772551
-0.999999464
-0.989495754
0.993543267
-0.910584152
-0.999955773
-0.479055434
-0.999986649
0.960791945
-0.999999464
-0.934866309
0.774017334
-0.999999464
0.97945559
-0.999982715
-0.546112597
-0.999998868
-0.959082603
-0.999803305
-0.992184937