0.7890767632200629
0.07396513558228845
0.990700614436968
0.4792346997726262
0.40080509732937364
0.506612643029509
0.9203921844782957
0.6917088658981076
0.5436452033874777
0.7907209170492592
0.3595294930162599
0.8955015153608991
0.5369059860245878
0.6381803670108411
0.08498193405098775
0.7689540479200405
0.6576016445807656
0.3550088194484896
0.6469998479834043
0.044296693527849595
0.9836082059519827
0.6774718958641857
0.3996177462250823
0.7526827777296058
0.9657167777138282
0.43045554389018226
0.010547772784579967
0.25873837040365544
0.5106762405250447
0.5187977668493495
0.5805182955240041
0.5752353982704261
0.44577855150490675
0.39113416867750284
0.772342232462432
0.5885899565401472
0.5004657816197345
0.3449673875995183
0.02456265302576932
0.10454935800606169
0.41597542852571256
0.9617278656799704
0.11606933795897467
0.940676158146193
0.1416751768315483
0.31189034389754144
0.4553326352258771
0.2068673262083145
0.48292599877938847
0.4761625312091635
0.4381659382730271
0.6967632655236661
0.31890947421770044
0.3002640831819403
0.8101859369186981
0.11508526669878594
0.8491800080469097
0.6479699172777137
0.677139332890884
0.16435409285070324
0.9839004705882779
0.2439129465519927
0.17445323282413394
0.1601357112153593
0.5598489524898631
0.9584626217339497
0.23185554741141035
0.40504743628025286
0.18445177515139366
0.6404788766600781
0.4321344524292825
0.02919227434239058
0.6141069373719198
0.19732443578224634
0.5922031583603683
0.3888357803557071
0.7047356159597344
0.20578447936732192
0.7523254953604916
0.8087297886312608
0.06256375146916437
0.10175204872714239
0.8719793300098851
0.1869598356320934
0.3259849115988185
0.45755042220618547
0.2623533954523609
0.8626365474573073
0.5277150196277827
0.6391085856661506
0.5969708292829935
0.6113084211390019
0.587004714565218
0.3479246374367544
0.8455178026695592
0.617362679336425
0.8137382542609338
0.70598836094598
0.2974448346993519
0.6144845157129195
0.0847519686230278
0.13394776965071065
0.11786165266165671
0.3053800025354989
0.1830445183314835
0.6934365417164455
0.5108248694871609
0.4182391062112586
0.13786729853455748
0.383709962837687
0.18575369929276564
0.6355016420586352
0.6934329265293553
0.6452600950799504
0.999899552563092
0.5549125758324974
0.48964202619220887
0.14029653509779705
0.3145800146608443
0.45100097074665113
0.05361126263083682
0.3590391721713688
0.009583439563281226
0.1365347146624959
0.8152159406538618
0.9638290894149398
0.5054380197306704
0.49496984786640363
0.6846966705599865
0.4156304352741119
0.8398918021012227
0.48869951193968564
0.08267062578646689
0.030860705643004804
0.7610566185454242
0.2920899095587066
0.274852918273534
0.5376086182048194
0.1682089774365737
0.45732138727344906
0.742518251929787
0.7659195549436907
0.5497261845380513
0.11321099529202316
0.11420665135896879
0.7751130278639955
0.8232828079975666
0.3668617721054209
0.8226109277962613
0.04161052227023332
0.7189802411300433
0.5463532747219646
0.9897757278766832
0.1024164388774983
0.8300707165425397
0.7513454947436722
0.29770893510289365
0.9993126692789077
0.44973234283041374
0.3485769768223138
0.8167285851164385
0.43906990338333296
0.9939576843186171
0.7756316498807736
0.23694605536668123
0.8107027168394102
0.5879238969768106
0.3506308411139897
0.7107539594937995
0.6327706309271385
0.1659816176902592
0.1392349659267761
0.20661965618677336
0.206942720751766
0.05935783363934111
0.35081547895283094
0.281085018790198
0.538768546047638
0.32365361585468166
0.7040537617551885
0.2893332434649436
0.26734306627808013
0.8580168449462576
0.9854883022617942
0.67929931592331
0.09522516381434276
0.962771994993792
0.7856910482912973
0.9187687118298253
0.9924862256446744
0.8670475904337784
0.12688816861381025
0.8660787949911568
0.24967724193813978
0.711394848839169
0.8284818026986326
0.7614735874798569
0.676234553699946
0.48945872591563777
0.5774255293041615
0.2687171520874859
0.41422508936503766
0.45199172255036435
0.6336277633502977
0.8801250813073235
0.0930947840426174
0.515613472087699
0.2782256878517837
0.9363361140885752
0.369071174075422
0.9502540788653826
0.3272892801609303
0.0024730851419847433
0.7741352904376932
0.732724026539487
0.730931937487053
0.4584492566797177
0.6641438208318425
0.3582227293409872
0.06333068606017467
0.5344244643875649
0.21782993501520587
0.42964310068523615
0.21185146640773822
0.26853683831442254
0.828343617048808
0.33775515517078736
0.5779336402609515
0.5661421109171403
0.48533790400850507
0.3437396205526192
0.6825519260932059
0.04840926115172295
0.09957474191620586
0.7838897618405682
0.4595817626735669
0.12423717923039845
0.8576515999286138
0.4412859488764266
0.0006759315121042109
0.9580317693039723
0.20231820639739972
0.6885918819115103
0.13191308738401353
0.6499971993406527
0.15897746290581938
0.9327255627259242
0.27401945809528216
0.6545879644187941
0.25038927854910886
0.37184376764676574
0.9038002688356579
0.16552507915934378
0.3963415669322332
0.3055092448442307
0.6994413715245735
0.23414384148441947
0.655485228383535
0.7036980397640442
0.001086303691723689
0.4768067082609141
0.1326997920399866
0.22619086145940603
0.6799827251215791
0.009286947608460161
0.6955971072880487
0.8171090269132985
0.988154909464272
0.4223139337750599
0.13217515109256084
0.0708283054005121
0.3830699256757727
0.730763381763971
0.10242717044950667
0.3133514774409062
0.8809889949802706
0.13712929474354563
0.7734604836506241
0.753157800991068
0.13314623118621216
0.992940155246385
0.14285306683489385
0.530508276546681
0.008474741953009568
0.6500202131578069
0.44009942077985187
0.7224320263643224
0.6280800383409025
0.15137413084428097
0.4117098943596781
0.6865661698757399
0.85996252460215
0.08668803346598852
0.10046511247763878
0.7524456465479524
0.5895739177615131
0.3840319093431207
0.9632487105532641
0.31450366818216935
0.1398301888092337
0.2769676569448454
0.08424871599798667
0.5533966317847301
0.6000078672258529
0.6075930989155233
0.7789696525132599
0.6904760750146538
0.847892104439959
0.6584053700851439
0.3016493335771986
0.5177491277972375
0.5095225661147126
0.7478436409812496
0.2955420512420667
0.05456913101525296
0.8979125603569896
0.9546715113471528
0.49488771994326686
0.11274366260380853
0.49958254127265755
0.5939297681377231
0.5282865009361842
0.9776969478433356
0.9868825328431889
0.9339244016742159
0.13198288073270203
0.8608140039367475
0.5683803887729609
0.3654124628480987
0.6829420490024262
0.7627259378955857
0.9544529839408864
0.7703670492246139
0.016689401770856205
0.06753256927276718
0.2621852771620671
0.03982686193718976
0.06046885958820569
0.7892899989930914
0.506610604274927
0.628570696060576
0.5010489655070751
0.4154319943754019
0.7018106386235163
0.08242781192464588
0.5365648160700154
0.616047055666748
0.2774677357345601
0.3099068856166419
0.5113046982953314
0.20319749395782782
0.8080600809706533
0.5363901728894583
0.3907315029683497
0.6342942473532567
0.8345264691847527
0.6810556847092104
0.06611508362121499
0.6986758816054913
0.7299583774315415
0.8464681151407762
0.05790594402313043
0.08621279839148932
0.4344835886060191
0.45337184229714267
0.6088324044274436
0.3092900638735262
0.7416935090575543
0.7406581802341782
0.11944300690788745
0.7079006071180983
0.7014996112238661
0.16383263093540756
0.9530162017546976
0.5230053627284083
0.7829871015437458
0.720765518093459
0.16696295419238083
0.12693060748112484
0.7811239799369876
0.26876448640924566
0.886414759740656
0.7714302904896246
0.029356251172803494
0.8071078466573698
0.27198059502135374
0.06387198912314807
0.7123232482004954
0.576651674714184
0.07707003128638534
0.4551977776794275
0.3601238955217533
0.49961000576138326
0.5668861282384499
0.3676877778568117
0.2551160810390781
0.1029049150218696
0.5739123051920565
0.7227783733258665
0.22840442315325105
0.5088248849106468
0.04403790726280954
0.8629284949026113
0.24455145035670345
0.47176458957773815
0.3829794743673991
0.15008466824115008
0.9311600771571855
0.8574851977479724
0.5528647884958645
0.913947669521129
0.7406658281065769
0.4193693043627985
0.32180201447206125
0.41625659850131536
0.7202879214281971
0.27125795800981667
0.07788706996691197
0.3728081667378613
0.5020409425595828
0.9019410092582714
0.17934435027230566
0.8043380194587567
0.981413863941495
0.9540794074604276
0.0689264377727451
0.4650941779168861
0.28230687062090243
0.844846504261328
0.3273009217261189
0.5530913953240676
0.007969173557455522
0.20067115345295583
0.5638067408241869
0.30390930726808296
0.6227175238921046
0.4639266905804993
0.5916909349848162
0.49336067585488486
0.7726132629505243
0.1954224238728235
0.9004432972264232
0.7604822203216965
0.24512687437658287
0.006377882751804065
0.4100361095660199
0.23299774185974298
0.3464236977394062
0.8395740068961739
0.877198614251575
0.9509902621434433
0.0014620405355777466
0.6573038501759978
0.8490059877789218
0.7272150390409725
0.10394901935155965
0.5298144890600125
0.23816759452086567
0.4920288768498976
0.05989507565318963
0.9969592701075485
0.7116524747001027
0.09302663835808822
0.9212744029721064
0.8972874719314592
0.519759218492037
0.7008469096986796
0.37249197407408075
0.9745547901682511
0.08490241751648953
0.09557700533738556
0.13351385025095697
0.819962891894216
0.07483048432987749
0.5678207282892083
0.4349828784349853
0.9642182747327408
0.2367717347418965
0.26099093892361
0.3150089154097583
0.8008168219994952
0.7007256063215421
0.735352868782368
0.3180577192661006
0.2719558718324544
0.07468743580247972
0.2027126262792337
0.7799369824688629
0.5847080358041289
0.1554105513219367
0.1643749806997682
0.46605511243666176
0.40651255190921376
0.5359245490900236
0.9646347222502287
0.20763622561035355
0.3083077182125046
0.2650079269147082
0.11991355635539358
0.1576153770655162
0.6860548429505152
0.8263866879396498
0.6968779832370764
0.04032980810866338
0.8359247509879862
0.32779365888479195
0.09121290379134861
0.24821878946125508
0.3557427555042837
0.5134596753787295
0.6771833769890718
0.2601667927212239
0.9906766204079072
0.031082093358759555
0.40439222644717465
0.4522011694010627
0.7480784472087092
0.24985262822155108
0.46204324887623893
0.8038967534438501
0.13979303927312237
0.011956923169412992
0.830372331894636
0.9825672374836216
0.13071523754397796
0.8236734151883558
0.37223974381599767
0.6302975486038245
0.6446850157085018
0.5823238014140631
0.25882065234652585
0.8127470916136144
0.021800182738612728
0.06447203604690976
0.9024960819332815
0.4434313238359888
0.1287915489970045
0.9050779703801529
0.829356177217418
0.33154989125227674
0.04269631909043081
0.4609949220019407
0.16798920872905643
0.5738841998067228
0.8216854015322838
0.3949986882219194
0.029482293000291482
0.6832129167516828
0.17280721183078918
0.21471610597002666
0.18715111371116167
0.2798545542807238
0.8834237988936261
0.03464944373150591
0.6191765488458958
0.24578477924524544
0.29510516299971645
0.41199220629616506
0.5506886652039805
0.06097906893284277
0.27977598743897136
0.1372360171320648
0.19945780666658663
0.884652516224965
0.5258140582527797
0.6307543888247554
0.8021680827711275
0.7948462443018702
0.9894036157615339
0.781915766845425
0.35911210983756503
0.5445178060340516
0.4846794854405083
0.912677016598367
0.5023932555437417
0.3883812745693004
0.17981587369786922
0.31887756732937955
0.21902018807309453
0.8957647816143137
0.7785382813284745
0.05859123027811852
0.9915313234305708
0.5294322919654316
0.7668421684502729
0.9996057468113461
0.9739798617335022
0.10013433730495758
0.6568644213762342
0.26652700106568306
0.8162851616087348
0.9172594825704405
0.05590865585244975
0.9963920485064571
0.21941158604392486
0.8465050904651331
0.7973906873794088
0.35480463456515987
0.8392222523059093
0.8452209023662808
0.17610036757999004
0.5925195091814127
0.8062102253593884
0.69762656359958
0.9139800041285343
0.02820656972715907
0.7005608033514182
0.9475587350700152
0.5636064867831937
0.5631088908640184
0.18823366490525628
0.9880062104046431
0.8816263598977603
0.4922267238954052
0.3090530721512196
0.49043642012747923
0.09025737685090285
0.23262335808323908
0.21880894169157727
0.5264485141485109
0.0006834963838308061
0.9178961859206465
0.20146438335214112
0.13048954561918258
0.7169376326908161
0.918780787307206
0.8442840864376507
0.3235888113048372
0.02191289624357229
0.5866091750912095
0.9172241474811186
0.774366498819892
0.8464808875791346
0.8606694665915507
0.9605587502757579
0.3735907800833732
0.9419232134680416
0.3955955623538543
0.10103217018068633
0.3017651537254691
0.13645166885749005
0.15750388601684584
0.9486935320263234
0.7918425249998717
0.9606621003687382
0.649180265644814
0.17420267095553066
0.9687428963331677
0.693560398292543
0.9288452089854253
0.7869917925955768
0.22323721398064245
0.5889501557831036
0.1753516299902208
0.306823229297958
0.6884984395989572
0.1273483647235355
0.728830955935999
0.9487881042212877
0.9486981598499029
0.39160142727760194
0.9942831305476306
0.965183940287551
0.03238274292708743
0.6023886674509712
0.9210382164180794
0.9675316856159355
0.22089525043701208
0.5655502461203205
0.9366877935542542
0.14064336814856837
0.7453433281019824
0.23799592514939694
0.9823796549403568
0.16788741675158414
0.8853202533951373
0.08872601257012636
0.7089658131452244
0.639102687904879
0.8866535152178218
0.44662993409779383
0.2652124405628762
0.2495408631352788
0.06779478006423378
0.2566579415427148
0.10803460121462927
0.001281157494689933
0.3859370979534099
0.7325844944987686
0.9691018251056852
0.8845519975872275
0.4930819934738476
0.378712574774259
0.5460239676784543
0.10142855963712161
0.4794892503971605
0.8640507204685769
0.6509695631134773
0.6871604042171144
0.16265651174848839
0.07370938956137418
0.8457624840245603
0.29490861311613015
0.3187169079566575
0.9516621314341206
0.07420040176665932
0.1701052031511907
0.37545788407999636
0.7319850852713169
0.5470462586122314
0.8981241731199735
0.09310468538068661
0.5940305440520949
0.6136447257788938
0.4827367864884782
0.030993204052174983
0.9424422581019638
0.1649971947619141
0.8897532704040436
0.15710377733078407
0.10125781097333564
0.20555047671793714
0.18998425758838544
0.6971967038073571
0.7220381045756756
0.7299740056702899
0.26526476934997656
0.2815230734452653
0.23754828494724567
0.04963544303850986
0.5717698078577416
0.839854504845651
0.1535899345167342
0.36082892122727306
0.4276059574457135
0.2945494489662148
0.6620202260098677
0.6002155280137688
0.19967480076094635
0.025735692731685744
0.17083219169222308
0.2918114660461075
0.08193609471299235
0.8437690743469366
0.3083534001177294
0.39746734850812293
0.48909681212065725
0.6610400547460049
0.09113687755067923
0.5441260292196803
0.18488122054204725
0.8854926927495389
0.36940166493194504
0.4457752707944581
0.26329596668288424
0.4650579561546505
0.2262422802826669
0.2685619932729496
0.06163936966009931
0.7522351421152871
0.6674684591345684
0.08570731183991709
0.3437913865460467
0.5414490060060221
0.9707055371735758
0.5897264423036035
0.5536019061579088
0.8407971664302505
0.8184052148653735
0.41863207493445054
0.5355144119789297
0.8668940137055623
0.47482438812191996
0.8816538694176228
0.4762622810814686
0.07895504977408319
0.9027772013391541
0.7143056991303599
0.5021014703156048
0.9004550614715918
0.8004503367206857
0.6775348855760303
0.620273114349303
0.12028187475543328
0.7571887556391934
0.17287897280649445
0.9843679902491329
0.9721648783377569
0.8084607213193631
0.12618599863853974
0.42337489931559946
0.9882799363369157
0.43539324553250724
0.9972692267787756
0.6272262122323978
0.8341081186760042
0.25788635998777654
0.9108044857315942
0.9141739368985866
0.0670119530486124
0.38809915301475073
0.3973549943570359
0.32612680536973604
0.2762008199072493
0.45815718112261516
0.8734662533727571
0.7865506388277718
0.6230579285888082
0.5225620104498092
0.41959383422522867
0.4144423987689787
0.1481997412934446
0.587934133281388
0.758377387857673
0.9396499849871098
0.9249281667592735
0.5626837594773225
0.10099044282544867
0.2860928540488724
0.5356334811459167
0.34386917857746446
0.41089003729922047
0.38304347287705287
0.48558479228633067
0.6089621519524352
0.03746567049771343
0.2754141420347538
0.14385267062667373
0.608655264085627
0.693661253167092
0.038782532481795085
0.8895742139142575
0.3314940757342707
0.23757929391630717
0.7457498198391361
0.9208349829061653
0.8970313621494226
0.02023288859327188
0.8173859253052775
0.30305495344809663
0.2803466531846416
0.491619213359317
0.6961828446749748
0.09821739027274123
0.8689000250991986
0.13438552096844048
0.9742194246033105
0.44311061333142887
0.8258233317797505
0.26941998100876363
0.41677272770538276
0.6455548114276443
0.18793569089261142
0.2113905021058976
0.8239694342551407
0.740944798920008
0.7594932952262566
0.8671889705502257
0.8210173923984603
0.5152697026095568
0.15897244263900046
0.31112309328890886
0.5067952752365554
0.1356498210170598
0.8512953409871922
0.879332591359856
0.028948159320185685
0.19276344683155822
0.8329299330765513
0.836976677608695
0.24949026132427932
0.45644866712808063
0.9180310693411162
0.7046339452200365
0.2739774984743589
0.8235062916891162
0.5051263749371638
0.635409809075844
0.12387285889069999
0.030563192381993565
0.3724667615353072
0.5940435934521513
0.17758369416386166
0.8704807719184628
0.5868802484224268
0.34975990164465454
0.16351361451785085
0.8944919203121954
0.7489611344849333
0.6888505376159543
0.28506937643476193
0.3865656707409847
0.1629074055986205
0.5722580610203007
0.9649176092022551
0.8571111874383023
0.647379891761482
0.6776952460909708
0.2690835792689571
0.4095071964955421
0.020052357499524387
0.7803036642606433
0.7675727284118513
0.008897986070045771
0.9115154380523718
0.6473715541750241
0.6011419504945338
0.008463727114871311
0.2523904413606515
0.8050855691954864
0.3054596983845568
0.9670244433683767
0.642740311290164
0.42380680065961907
0.37647545227100077
0.3487091992720813
0.25199870927787604
0.4666980154972157
0.6771961563873133
0.8243108214706636
0.3971525399721202
0.10231210296860016
0.5115137174683018
0.6623554525262523
0.8432839500857772
0.3742297631610715
0.6473421200645904
0.6090501046380168
0.29847592625329744
0.10810453058584346
0.06383705389710992
0.9883609658217671
0.6405947456146558
0.8614916002518306
0.26114690792649686
0.7110937755717918
0.8923737976809327
0.29879111191898644
0.14992929635415653
0.7654743883036231
0.8996870447454949
0.8054298226335298
0.8023637444528116
0.6000333011455716
0.660530323681129
0.6807557503873818
0.7212831975926106
0.6554005704624416
0.9974690995782959
0.2594262727119889
0.4185656860813416
0.38827492100545835
0.03531900482642425
0.7080689593758711
0.5720424340368412
0.1899151604113507
0.7265498765809035
0.2223631939762689
0.5346351015442131
0.784897055296117
0.9065265055050548
0.6718684759624088
0.5073148556068153
0.8454192442445952
0.8406386945964
0.8764947843421105
0.18113585780400077
0.09760306381270933
0.12794413969605334
0.2586518505602079
0.8083438691424701
0.7629182183193025
0.18306835701259505
0.6797123692899283
0.33563246320511875
0.0892998220194392
0.3552833961198324
0.744209929342808
0.30708527133220853
0.7880904368075993
0.33131713697077647
0.2605592354057036
0.29405112165034275
0.8512138882114102
0.4705365676706802
0.8663933696925397
0.5835746197425805
0.944300984000077
0.07121573740407583
0.8894260614703878
0.5004773744927044
0.86749775469823
0.3816692198055871
0.29835575381746327
0.05406197064257512
0.8542397704033438
0.13736525917312392
0.2002965907951435
0.40919184675210407
0.5694035879734539
0.9066209345061276
0.45757143306154124
0.3163834576487089
0.715668456110036
0.7789411774338145
0.48758084574810745
0.6310327722626952
0.17682426656346073
0.634498969152671
0.004713501423993849
0.2735278622014996
0.7611932812149992
0.16860575658290766
0.7644837361457579
0.4895770906300164
0.7635691671054993
0.0880413437590446
0.6144797387250618
0.6334875407025942
0.4033934803979504
0.9653278401300331
0.38331642005346067
0.037725318474937986
0.19941425122811696