9.713573
8.173777
8.254640
7.285794
9.622598
9.232841
9.251261
8.465315
7.778017
8.812667
9.156684
8.940582
8.845393
7.747739
8.869499
7.892115
8.751743
8.235888
9.452618
9.344990
10.846176
8.355137
7.817095
6.943824
11.102966
8.760074
9.126525
8.789942
8.605680
9.497661
9.703810
7.956820
9.713573
8.173777
8.254640
7.285794
9.622598
9.232841
9.251261
8.465315
7.778017
8.812667
9.156684
8.940582
8.845393
7.747739
8.869499
7.892115
8.751743
8.235888
9.452618
9.344990
10.846176
8.355137
7.817095
6.943824
11.102966
8.760074
9.126525
8.789942
8.605680
9.497661
9.703810
7.956820
10.186897
8.482448
8.817134
8.479255
9.418108
10.578177
9.530540
8.356371
8.715490
10.549520
10.183740
9.598173
8.707552
9.477788
8.758316
7.987389
8.487244
9.551503
13.070404
10.017216
11.804663
9.233849
7.853505
8.100286
11.241550
8.716948
10.124180
10.320893
9.778205
10.027463
9.835747
9.115294
10.186898
8.482449
8.817135
8.479256
9.418108
10.578178
9.530540
8.356371
8.715491
10.549521
10.183741
9.598174
8.707552
9.477789
8.758316
7.987390
8.487244
9.551503
13.070404
10.017216
11.804663
9.233849
7.853505
8.100286
11.241550
8.716948
10.124180
10.320893
9.778205
10.027463
9.835747
9.115294
10.186897
8.482449
8.817134
8.479255
9.418108
10.578177
9.530540
8.356371
8.715490
10.549520
10.183740
9.598173
8.707552
9.477788
8.758316
7.987389
8.487244
9.551503
13.070404
10.017216
11.804663
9.233849
7.853505
8.100286
11.241550
8.716948
10.124180
10.320893
9.778205
10.027463
9.835747
9.115294
10.186898
8.482449
8.817135
8.479256
9.418108
10.578178
9.530540
8.356371
8.715491
10.549521
10.183741
9.598174
8.707552
9.477789
8.758316
7.987390
8.487244
9.551503
13.070404
10.017216
11.804663
9.233849
7.853505
8.100286
11.241550
8.716948
10.124180
10.320893
9.778205
10.027463
9.835747
9.115294
10.186898
8.482449
8.817135
8.479256
9.418108
10.578178
9.530540
8.356371
8.715491
10.549521
10.183741
9.598174
8.707552
9.477789
8.758316
7.987390
8.487244
9.551503
13.070404
10.017216
11.804663
9.233849
7.853505
8.100286
11.241550
8.716948
10.124180
10.320893
9.778205
10.027463
9.835747
9.115294
10.186897
8.482448
8.817134
8.479255
9.418108
10.578177
9.530540
8.356371
8.715490
10.549520
10.183740
9.598173
8.707552
9.477788
8.758316
7.987389
8.487244
9.551503
13.070404
10.017216
11.804663
9.233849
7.853505
8.100286
11.241550
8.716948
10.124180
10.320893
9.778205
10.027463
9.835747
9.115294