0.373101405427371
0.014077118724632132
0.32221313384806904
0.833228666566564
0.19057670994040454
0.6767481416771101
0.6266869286716226
0.24882312287588193
0.6935247471703971
0.3443497740633209
0.12893080042830274
0.3835504763076937
0.5886706881680719
0.16702018726830936
0.8238438296744104
0.29820225349413876
0.2908277918094866
0.7278319114468128
0.5963699186155024
0.33783515120793295
0.8879740438370417
0.9954724098279284
0.34273283925755993
0.9013837761445245
0.3592508863666324
0.18842603389086943
0.9480843537069427
0.9182054088414334
0.4033916445011253
0.2284182848358255
0.7271688281363213
0.13120577641718256
0.7340766193115209
0.5896928347992416
0.16898474189014712
0.3665914513998485
0.6505403801212247
0.037363427692595264
0.8765441375994762
0.2557891739252929
0.5347334341938405
0.048586961581737254
0.9946802336570648
0.6619699158378947
0.6535676184007526
0.019741766514145165
0.6897497483774261
0.41677556517954384
0.3802537629276146
0.5472823847289255
0.4743963383277372
0.15312709812443637
0.6951920292209091
0.6303113401629369
0.3011164547567923
0.661664576090722
0.6624829658888968
0.2699771495371891
0.6056343369240041
0.13716352297980894
0.8306527204708898
0.10491423690009694
0.7187662245161679
0.11773456843723928
0.11401255268424793
0.10626370830639498
0.1986466617062822
0.1997493861463585
0.26299391561373187
0.5231461075925806
0.20167318998218942
0.7034367502462583
0.29535120100061296
0.039405707628568654
0.49635471336809267
0.207693984271615
0.9331243446518774
0.3306036161967014
0.0027379990573926927
0.6716331324652048
0.9068800442697921
0.8352321652632412
0.66902193050164
0.1491444926667661
0.09008267357592448
0.5117053469646589
0.7235636168984789
0.10129047859295737
0.2558921027506649
0.23116028649174591
0.9886659307576041
0.29602217871043845
0.4642773572361484
0.09980891505761746
0.1747018089453909
0.03944451996869358
0.29056717723767944
0.8015961026904473
0.31270710696276427
0.7385401957921762
0.09499847033058029
0.7582040048412383
0.045889087093415215
0.8519987250744882
0.663355027490844
0.17051227635637534
0.3575274042377443
0.43771451678193474
0.6218070333325072
0.8784755373974736
0.0929513154374223
0.8149642895364964
0.18286942030364273
0.4007775142807529
0.962309930149754
0.27183309075019013
0.38571548975931425
0.850671578036584
0.7998990969489501
0.6488464838722637
0.7969095570354069
0.11305655637764611
0.6961698735237949
0.058646395665177375
0.9424669879999
0.1593953974821649
0.41602771663089655
0.5907503029903385
0.8022647840450959
0.6783931362492055
0.1812605605373021
0.3797507791158876
0.3585989148270966
0.02881622957122154
0.6844641333814728
0.8385364765471117
0.9734445802253693
0.13065532954841586
0.9203979856381027
0.11293747937376741
0.41128426373517424
0.04597232537967
0.26161286722848986
0.3142379448738709
0.7045681764806231
0.6779289210201643
0.7675287182899103
0.5766490081233795
0.5650122256873914
0.9778955575507985
0.6698443582143154
0.3383006417684232
0.523103175224674
0.7005801842975543
0.09524213845169471
0.661713262845963
0.2485769948507076
0.34574948745750367
0.6762955683574412
0.3848766174067143
0.8390330212297873
0.5583442367021879
0.9877916247614772
0.05456611522767585
0.6433987165568129
0.15692737330174122
0.8488455747760008
0.8518711514460662
0.8694156346127679
0.07486524247698478
0.49164796114440124
0.24089181669723114
0.9701450487834001
0.05035071452654394
0.22270652316879902
0.6433173148232518
0.40327699346172285
0.23499999999128718
0.4590945947482352
0.8012612877267221
0.44809858566537386
0.8565892241780172
0.447068119913798
0.11870685205363285
0.497373348066501
0.6533730031383718
0.10264332148015243
0.41233854767554945
0.5571310114048331
0.00016971547833644074
0.09089554691153223
0.6042032760617975
0.6190661537463823
0.30459795810364854
0.5083377403194649
0.20685124884989836
0.6714743707791561
0.9503551299933657
0.363342477569811
0.05427521330556784
0.2229181143963146
0.45445998260358433
0.5601508451060682
0.6197579696770843
0.4731336810935889
0.6571672064311396
0.7159135002831553
0.11402335835573829
0.7593199510791171
0.22174710782019003
0.3413571145768387
0.8298838856344012
0.96443368345434
0.2919835638082815
0.5219850866041359
0.7020960532599854
0.04577810985503428
0.16415536770539085
0.14044918732224887
0.7168561126478827
0.7215590954513159
0.106961505519519
0.6108517661386837
0.18754340053160334
0.9302162591531453
0.39289648991517345
0.4570460082929889
0.7814204036487546
0.716787914469343
0.107765747287492
0.41447034512833025
0.9266265305373107
0.837466237486465
0.5888111078979014
0.7721451736372288
0.45050459695896405
0.6584566950002027
0.956190321625751
0.13463601443063278
0.49882864210261124
0.5303643475190842
0.04857160563190521
0.9353082808316526
0.8388161106789165
0.48293196353592627
0.5083328990718833
0.9211623140438011
0.17720243850214557
0.5785543857041766
0.7304946617427778
0.1283817820515778
0.387405579220666
0.6005460218054113
0.882695863558678
0.5041101193531644
0.3846626387437041