-5.639133120936901
6.408496570108131
-7.954631176319738
5.734498022082821
-5.684992314871872
-5.920125896905011
-3.9895328523500186
-5.2080460655777046
2.576922281557069
-7.587517603420826
-7.762234764308658
4.639754627756062
-4.193094302552591
-2.819656608607641
-5.212060777501165
-7.161615714221176
3.867488911266392
0.41736842556587384
3.9306444005439314
-0.3800645532279958
4.448272629027244
0.21180732174706662
-6.255135839938472
0.06141903657314174
7.1266502875217
-7.306159409613253
4.5316319356860735
5.871694524157412
0.3432194354093454
-0.6713196464370874
7.424418929952459
-7.026793480087907
-0.33628942402618733
-1.5741239277990324
2.977559936995723
-0.1556983336923956
6.555213265843669
-6.824148547736792
-6.707352361427329
1.7327587781350395
-6.949084266878177
-3.599744007072749
2.1292275888162475
0.7737029447737687
-2.797032906901313
7.914044093774777
0.48890939890119256
-0.740553318792454
1.686828664565006
-6.413144613135328
3.228470696737059
5.6446837967292005
2.4146666381008863
4.303403681675817
3.5334386665215867
-4.5596309387600495
-0.7751213445554956
-4.34410281016665
-2.577094098637197
-0.7440175534808429
-1.3441655958160759
-6.478626571589906
-1.171775899824672
2.6417258089649422
-2.0111836250314106
-5.55777720370042
6.76776057175015
-6.925867069813636
5.308350215597672
-6.5083183727411615
-6.45496907894743
3.820735975819451
4.988308564438277
0.9019317698456017
1.3834413238316312
0.9853826238731589
-2.7256642973407192
-6.044299434327051
-2.3424307258597175
2.645448320046647
4.004548004023652
5.889474381905039
3.536970859938391
7.4943780049835915
1.6065614595948325
-2.3736610289096163
1.2466962942376778
-4.5961791092479025
2.5077808478104338
-4.412082094278951
-6.268505889163734
5.525974697621521
-2.1190231901543974
4.201690110989595
1.185600069303403
4.91554193843751
5.52248258125373
7.592745634011331
5.094829752650714
1.8171724885674365
2.283186621277302
-7.579938696742666
6.865348655918982
5.271372639354608
-3.72083639753423
-5.1133428486263295
3.2431803658496747
-3.0562449787214376
-2.562805491563866
-7.902307369541461
5.9178033045830105
1.0611375161820202
-1.587450496007751
-5.7300055335797015
2.130752202488221
-7.509486425905505
3.9377881920913076
-4.557873919463825
-1.2826800997679495
-2.5456642916906755
-2.0791505203679375
3.5455354838827713
4.429369919467856
1.081496905830356
-6.640687360365131
-7.1582587771916515
-5.48144164628555
1.8854109108164891
2.7834993698098085
-3.646354503260497
2.5910190849321797
-0.22941272174406002
-0.9272930128355341
-3.6293304901636887
4.079090298693931
-6.178919870236772
-1.1213818656337544
-3.4680564787128105
2.8557800761621284
-0.2138759461719868
2.6741209397815933
-7.27332219832916
-1.6757856625979368
1.5891993111112068
-7.877006625601874
-3.1772902077050116
-4.6202563324750034
-5.804243115882768
-3.9116879356566514
-2.750042304994542
-7.876321494891009
3.952225974876285
-5.188883169986523
-1.9166808685562202
3.258740214122618
0.004197544899410488
5.333667238718052
4.8992029850682215
-6.846792054525475
5.788229792361417
-7.323163814995338
-7.700135414629669
6.738598952038599
5.7937602177930625
1.2121465717892974
1.1743948941734885
3.3519833851029475
-1.316896642504311
-6.157226037379228
-7.666295055604019
-2.8037091288717786
4.821154468967235
1.8900042128678436
5.312414609147314
6.716316027862154
-6.589921899233845
5.511749757035151
-4.106936402836261
1.4219406128465906
0.38340068801010574
-1.6677328502506725
-3.0356070106262187
-2.5677875016245775
-2.6709020401098886
-5.309876671269015
0.16773255267437293
-6.175573762583159
0.15923299716755146
6.494763705280807
-2.4099957524419153
3.6380656907824687
5.103177624397631
5.040592092000226
-4.219698416852411
-5.65689250755689
-4.843651154816268
1.6383837643706531
4.163444728750273
2.4881441682998258
-5.165661936844334
4.365569427960963
-0.09412759972178186
4.0711332039517725
4.158034393723975
-0.8175158880789919
6.7864681341705495
1.0318685344447882
2.1647731049694947
1.9923484710703168
5.8279499973026585
2.0354785103963486
-5.58468157771077
-6.9074198640679025
-0.9246709786194423
-3.1548730377757934
-3.605221320221453
-7.101246076590751
0.11739016463645058
-3.033474390299025
-0.7693781807890847
-7.089759186656762
5.3071461066099435
-6.77230398122472
5.828000542803826
5.684693943297445
1.8401342146491775
0.11308507734328188
-0.5966134571636434
0.8690619414128626
4.669084756245736
6.334028248908842
-0.8042607415854999
4.957054683167538
2.429399274377758
-2.855571793913146
-0.3899355529108881
-5.5862227728697835
-7.010020798382389
-6.343969963673734
6.3860293432923765
-2.504995586587718
3.4290487866794024
0.07278402401531814
-5.239057417018161
-4.036100422427452
-0.9958676110522724
-0.9692513317980112
0.36396856424872936
-5.460060672295338
-2.0343682863787667
-3.473702742169314
-1.459689644042875
-2.586125650537287
1.5661737981278314
4.627630905018636
2.3568857115089106
-6.945410331524521
-6.487904839758491
2.854069517441296
-3.4536484179501805
3.5797384800393885
2.5050253825676467
6.501483154618835
5.972474592968622
-2.6662074230310946
1.3238322333827135
-5.737145910650915
-2.4028673994264924
7.483144123083914
3.1756794049900954
-1.7286722506342347
1.5206596504251966
7.008035193052173
-3.046689801344625
-1.9731311030991971
4.666591325816697
5.0109565410368155
2.72186239991556
5.263343566311432
3.8203947540717245
2.96663104444122
0.42229343574678424
2.336397131735806
-1.2254981388463406
-2.2107504584514466
-2.19843729628729
-5.115793233970486
-4.572917420657594
7.16269228054955
-0.2196652660363636
-4.375311255457804
-5.798954349166731
-6.765358651185979
5.510854218974133
-6.381747781313694
4.333995525809616
5.361917226152896
6.138914647880986
-7.39604012227902
-2.611770048571495
4.260921671155865
-5.903215337127872
-1.9724820668396053
-5.404044606584792
5.301520907026008
4.337565019695814
4.944699514228818
-5.351373348095061
-0.9972255177864522
-1.4262622160554645
2.8218067550165262
-4.199516776849199
-0.8928206431155896
-3.441153078986268
3.976584289526981
-0.8171525914665541
0.5441783951721781
-3.048513654995366
4.937981937452582
-0.49575031948395676
5.361814283611318
-2.114544668399475
7.154082723905967
7.751036696505237
-0.6131203449441731
-3.491652276739593
-1.8900410529486322
0.4393566153837227
7.4602904512951564
5.070259833299842
4.820147586424762
-5.785623446345101
-3.999948614575887
2.2588645792711546
5.985871120835792
0.8726519267908994
-6.35856429202545
5.534276427735016
5.618656769356461
-3.438991775050745
4.209869284667054
-3.635339206538294
6.484899343651859
-5.642421504134331
-1.0004390368803069
7.14261220818817
-4.44739188948831
-0.7819521564686571
-2.4066387497816173
-7.5732769471529835
-7.147889805262809
0.03211383509176713
-4.227550818185078
7.9124056198126596
-2.001397225315719
-7.548999271549599
6.893214475999249
5.426820601785691
2.399370948706906
4.662090199714816
-5.798406596386053
-3.4099296429877093
5.276185330445161
3.137151817215738
-5.779316930909021
3.2885788046252866
-0.8223764162840546
-7.915980827110113
-6.7323876596684595
-3.905217145007285
5.359409588518096
0.780867927101367
3.6357565651989088
0.44434409418758847
-6.221010234812185
-3.3903747513723115
-3.1815808866204804
-7.23600885409838
-1.2827912999449111
4.70238573823101
-0.6861821338168212
-6.22627367535976
6.482350170591976
1.5478246851031514
-7.737034364705689
0.24601168335049728
-4.128989849264107
-5.702770556059839
-1.1321777103466601
1.8369533244152105
-4.150972179095303
-1.334918476663363
2.6299408278721454
-6.630176720203812
7.594471855235547
-6.917130833458463
0.41695112515472843
0.11724314527658564
7.813303769543479
0.8664312386911277
-1.7527402790389743
-0.4778387494642242
2.1707326634980806
7.696630760824965
-3.9415958228925962
-7.740124302256838
4.616320260472245
-2.4831601093857394
3.7270563432102666
2.052111399610503
4.344021985757745
3.76299175699698
-2.679702266048242
-7.290628987276669
0.7362199233230644
5.01614184889741
-5.198573967172665
4.466281495652504
-0.5660336040473961
3.126228031937023
2.1077735641334048
4.983962909561702
-6.990391407484406
4.419046395254748
-0.6771267608423486
-3.3049188611995
-7.2990995894540305
-4.808482660556987
-7.329504929113888
6.933935679206357
0.24613742807198058
7.825963236737975
0.6884911624669741
-3.9469797567581217
4.052654701101838
-4.942345108257426
-2.2884131834341854
4.4934650716548
5.852772433248921
-2.6892050178984874
-6.008399868089866
-2.1116932109652318
6.231784272196503
3.8929232883139395
6.314199919280853
-1.8136837078289254
7.5795773490449445
-0.06074837540763767
-0.03962572010196297
6.788967466031417
0.3084136565590718
4.818369398428381
3.6333011894821716
-6.737167903112514
1.639252781283636
5.157460472638187
0.7275903575141918
-2.8606171485664955
-6.718897422800076
2.5747075433301863
-3.0960663025479604
1.6419460436895967
-1.1821428338712732
3.0362369351277803
-2.375248259648126
-7.322317394397928
5.920594800902274
-2.359051035064283
7.970409564368785
-3.6071142388022785
7.680436467108466
7.166470057649381
-6.799341360189452
2.200200606132773
-2.187021909584283
4.817535608994719
2.870569725035038
7.244630340473725
-5.715528506199204
1.7211664531336854
4.500991515895464
-7.443216547223328
-6.924266191006259
4.456245976109846
-2.138744430285623
-1.8743295729795566
1.0759142675859117
1.681517261676568
2.864992910614319
7.181176468248903
-2.0477859444690605
4.209351548777272
1.182748453342331
0.4713581045806343
-1.6314552647608007
2.3929717872965046
-4.006213550505633
-6.184822198639711
3.770797751670843
-0.015296635896531185
-1.8082019193717844
0.9867633721543534
-3.811573174600067
-3.835363661761546
-0.8596302015101411
7.941841794476172
-3.4307699568294723
6.663662552670102
-0.14079687593241452
-6.037801249536466
5.645220646149163
-0.7673170360736421
6.378864492579686
-0.8782209161207195
-6.595348142324303
2.9108681640101945
5.528339503595191
-2.886595646400478
-2.4411952841829674
-6.960974746942862
0.674741779608997
6.261306917662223
5.621792812050014
3.3889456641154023
6.837191307570844
2.20320036102426
4.699142141520044
0.14009192278881244
-6.05820071874469
-4.784314061157028
-5.777970047386148
4.645968972923987
-7.579455571067749
0.8643429961535212
-2.0974213519804685
4.858587620617383
0.8263509428228399
1.791173801928334
-6.620552293569077
-3.0513485195446055
7.993520702950191
3.501914558251512
0.4111304772848019
4.306632805995168
5.17343039213425
-6.819988593420176
7.558075704220254
2.2774174301821013
-0.8004080693920628
2.8817438503932955
-2.487763508756805
6.047362426406588
4.484206861412934
2.2367028698666083
-5.088589815165802
7.460233822945709
-1.0781074162884021
6.571396335150197
-7.113394399715567
-6.013422069775805
-5.55175253103679
-5.365486721758014
-2.83742798152711
3.349314120467934
-2.463630682530031
7.054464878904556
6.318814669137991
5.53493929849385
-3.990315056288015
2.1609134622039345
0.8134626477302351
-5.997275277969557
-3.154806302257983
0.5356484762940887
0.04117031586020303
-5.301825572036691
7.065711805897534
-5.532891729926989
2.539725974140069
3.5301242949963676
1.6822225257896868
5.480480065814223
1.0178885509007323
5.203780277226112
-7.546024193617958
-7.272611147338528
2.2632597411897617
1.2283397036380652
2.418079639769598
4.271344014660977
-1.3346114613880609
2.2238590753419274
-0.03139103782214292
2.0346241647693493
-3.3652534911743075
7.30640271927048
-0.2728829091932887
4.8750104674517285
2.9598534591308265
-3.241058057124123
-6.832431591914467
-7.041391473045296
-0.9663120012734243
-0.2519819182822527
-4.735631782985621
1.7065642051301815
-2.9986800120490713
3.493806161799
3.747196076872749
5.772437852069205
7.605986046638083
-5.9077415751618165
-2.07135683119534
0.9864194519739069
-2.894145817549484
-0.5364389273498169
-3.7204532087330815
-4.03329787959127
-6.451013559030857
-3.3566079204815757
-1.8536026639743035
1.8460391066234987
-4.0276755139010145
5.844920027531483
-5.444805405917425
-2.761026867180881
1.242992606297543
-2.9965612662036314
4.209942002218057
-0.027751327041459106
0.2355974277037518
-0.01984466563753351
-3.063352287129131
-7.6291792285383835
7.123724865107796
0.08711140838034481
7.466986088839606
-4.557689239580142
-2.3536785782983145
-7.19135352595373
-0.08169274359717882
6.1174316218912175
2.4681605902338735
-0.4706103461088684
0.5870519886228323
5.554757846295486
-1.1051556904393518
6.119291694697486
3.64012901375027
4.221708226591833
-2.1450023597189922
-1.5906940637638947
1.124506302096469
-4.885515169796495
0.851566825938427
-6.823492004114531
0.06808846597127527
4.230465835315833
-3.524469158016288
7.825451209931561
2.886378241901772
-6.099023684422567
7.601325046620545
-1.6975405963422858
4.718355654095133
-2.574635200758955
7.023177071286007
4.079442756684703
-4.8150738951608005
0.14596025960291392
0.0012464571303016925
-7.275146360526804
-5.8074180229196735
-2.671348714355725
-0.42009359367695964
-0.6881830514740166
1.700168358460866
0.2480917143560628
-2.75254643781558
1.809089937034848
-5.39996726596897
7.849851800978241
3.8291097691776663
-3.2122505195469078
-2.6180247655731463
5.252630175318014
0.5174372780140217
3.339836902967006
-3.2033509642013804
5.051981331901187
-2.1062750421476863
2.7809022795682647
7.67836849886659
1.3392342695805812
4.748077022882354
3.605187400829685
3.0086984192443467
-7.573645520578669
-0.4065565746390316
7.473131138752814
4.526463862902743
4.418592402753154
1.2421503338269257
3.542401796740908
1.3363724327622393
-5.271807012053451
2.064403858325818
1.9157728880174307
5.458673999332229
-5.635588667194691
2.8916303208108616
-7.49487178652641
7.171282732548821
-6.2416716586608505
-7.697002119894199
-2.9809202648663167
-5.577099870090473
3.0480041746964073
-1.433961450836719
4.399556828913456
6.728335198355371
5.965083342597126
3.773396340298902
-7.003499423769089
-5.790680227436637
-4.682532720460085
-2.7992074491831236
2.595628795429585
0.4076344224005659
-2.979958420194926
-5.229081218282756
6.593986574784166
-2.5227677170904617
-2.3314081816829955
4.351836546379852
3.5347929812366825
2.292945599991384
3.093012960477134
1.7612252812600246
-4.9237732938125855
-4.055693831562234
0.9293864129184666
-4.402127392114933
7.566570041449104
-3.238166955569474
-3.375933801543601
-4.683555282325756
3.279812155843148
-2.9273480797048315
-2.419149212779095
6.939205996332809
4.7264856960373365
-3.624679411913231
-6.050014308276559
2.8259559325207313
-1.9248930340098802
7.682568597141795
5.094039362088997
7.273741814263381
4.873853343305125
-3.352757568113031
-3.3979145341737613
3.4262605999743254
-2.458183774470136
-0.9219822101626338
-3.8968963924242868
-0.3347317917362691
-4.766911884790456
0.6172467793384442
6.928382940532924
3.1387408103491623
-5.803632723185233
1.8508325506318766
1.3892879771330424
-4.120671385435411
2.7173434382896637
0.496663835724787
2.207113174538202
-7.160142290568595
-1.387178143227862
3.477728900003898
-6.391281523562434
4.332256929572466
-7.9170968574859195
0.8056410524738666
6.865594882719645
-1.4894807752498647
6.960513577538425
6.054393944227652
-0.3608236729456564
-4.808704405318373
7.422624622254972
-2.861316766093333
2.3343666862443175
6.526991339769959
-6.568628471815739
1.1861336508059726
0.5624364302976748
3.5698828518787735
6.9867100760100165
6.61167561071764
-5.19896359230459
6.115919570637331
-5.187380679378199
6.714156989614944
7.954748849416159
-1.6480868115472056
-0.07385764285187513
6.985739916444205
7.394102081333479
6.816635166343088
6.027890686686774
-7.851725304318403
1.0873898986319261
-6.283188947623392
7.727902213936103
-3.4470135623992597
7.8255915214195735
0.6928077369115986
-0.09740127453089364
7.016968027853958
5.616955817247947
-0.5116676958993587
-4.915017627619044
-6.197651823677528
-5.400091799364182
-0.6573684634822214
-3.8837619163276944
-5.0208148939509165
3.7858863278761117
4.652282630804091
1.084499558735029
4.116524004120979
-5.1920813785845645
5.698344068375324
6.352684188543602
5.231837204420954
0.2444905433567346
-6.6121956824263055
2.708093654559267
-5.0435007832425605
-5.750209989851225
-2.8223732786386755
-4.03124666132568
-3.8274355669528983
-4.2316599551754575
4.060106428503312
7.264557162478601
-3.1688665649341647
3.566120454415959
-7.817028252893312
2.458933873123179
3.084297446763822
-7.006010691191422
-6.108402435136439
-3.0910985279420835
-1.5133341925056438
0.04032753981423376
6.321893917060066
3.2569125616360957
-3.024352825845435
-6.121348066483579
6.658086173610165
-3.279398397500051
1.834007170301584
-4.493942385034497
-5.862899484851134
-5.549030964973133
3.9637573944137046
1.6918231694251098
-1.3464701531004053
0.7877521410938364
-0.46675076993101605
0.6002830030912136
2.6255110294346213
-4.505414037482785
-4.040553131062756
4.0758327955978455
5.970160935803733
-6.690075096427602
-0.8520323600562669
3.260258002493961
-6.750356445640957
1.026699556375597
-7.011871239093059
0.7623879793749033
0.08779289748153296
1.1632267876458346
-5.602361897881371
-2.7501177961246963
0.3254646589565926
-6.140159645045372
-4.713576231370215
1.330362855056281
-6.5449336887729945
0.16600566452535226
4.939073330835795
-0.7450831971234884
0.2119654912262643
-0.6912243886099834
-7.076211505079604
-0.601947108177221
4.91064564087028
3.572481277200037
-1.6648206407478803
5.063251614930088
3.9328717253090506
1.2529802409445665
-7.275363156354739
-2.487538135005847
-6.979841406206669
7.905978567630722
6.953324782159143
-6.895693661434979
6.940409001358891
-7.492242063630735
-1.4581290268920277
4.3035530013357235
4.253242926779388
7.653332558785616
2.3340930895546155
-1.2742089778827541
7.885705577294063
-1.8803260983780472
5.913924564971335
6.508276984393161
-1.989671459168198
2.923685665624662
2.58868061000749
0.6288042227017634
2.4565455746992324
-2.435681805773596
-5.144421935934213
0.5961357823680196
0.4614806327041485
3.6457302544980497
-4.436956544539736
-7.9444272808814755
-7.6362347628485345
-3.2261921807522906
2.775997724425073
0.7111254244003327
0.51093773594814
5.17376699801255
-4.039807383939591
-2.461444240197972
-3.589604355277963
6.998565778161069
3.600383134542694
-6.194485779736363
4.951650936627111
-1.2921504241319663
4.256855480222454
6.140105949525992
-7.749667258183207
-4.702694050396573
-6.3856525905198875
-7.462779587931507
1.5645583477048426
3.252580269838859
-7.221178860100014
3.848657255677786
-1.563754387025499
-4.250571544199014
-4.5236926371591455
5.819683882720902
-7.096895439608625
0.06233358305495251
-3.3717847783372985
5.0525801082130695
3.7042797298562924
-2.8975408580929276
1.5666827884361982
2.7605104229906186
-2.8693581537122697
-3.171769037692748
-5.707833053386741
2.563398780971891
-4.463316152863479
-3.1919847398812866
-7.024677806291805
7.176324080427541
6.0754222554221275
6.585242649928711
2.0158902023732796
-1.164790683287304
-0.07006740011166457
7.556643765498974
7.065382557310588
2.741480395931557
4.572873535688288
-2.9002486829390044
-1.3388058652568855
-5.612518274797381
-1.9766369838858875
4.070657555810005
-0.4236988734044811
5.589454916160648
-3.1882172992776354
3.321228759807555
4.892418558958191
6.635858781054488
0.9981751933905461
7.484579016746027
0.9165881311883695
-5.8545159830547515
-4.114263742566628
-4.74661227103913
2.347293624767115
6.755617672179557
5.55413417471379
-6.5205760555701815
3.5933553969152303
-4.952294105108187
-3.704614594320301
2.7787507301532557
1.6467527198252139
5.977927335832634
-4.989387297075915
4.187142680595359
3.588883837634386
0.9416076203604362
-0.32969269646536326
5.911581624392607