2.34393406
-1.75721931
-1.71003902
-1.73712373
3.97536874
2.97053337
6.59301567
-1.75572908
-1.25401795
-1.75714934
-1.73860359
0.0900289118
-1.75719762
-1.7438972
2.51973963
0.75552094
-1.73803318
1.50066471
5.20190239
-1.75744486
5.14119339
3.33096433
-1.62164414
-1.75100231
7.68630791
-1.62939703
-1.75549817
-1.75532758
5.84180307
1.7437607
5.1631999
3.8620708
0.609038293
7.95365143
-1.50632358
0.874866366
5.53769302
1.9924612
6.0807333
1.30038357
3.43910146
-1.75687158
-1.73549008
-1.69762635
-1.75598514
-1.73364902
-1.75513089
-1.70772064
2.28102064
-1.55588996
-1.53782272
-1.7412535
-1.71584809
7.3406949
2.48865509
1.83462501
-1.74898171
3.8519001
-1.75004315
-1.50258577
8.22948265
2.35356641
0.957394421
3.10359025
5.76375771
4.63989401
-1.73507023
-1.7571137
-1.66633368
-1.71532917
-1.74085104
7.44585085
6.32719755
-1.66746485
2.61311293
-1.42710578
6.96904945
-0.847941339
-1.7172426
-1.72759008
1.03167295
-1.71861696
1.42199337
6.68788671
-1.4065336
-1.73838937
8.36421204
0.160148591
-1.75557351
-1.75684595
-1.75469053
2.14252305
4.91020918
-1.25209343
-1.75646961
-1.49358451
8.34040356
0.489447564
7.91940022
6.06514549
-1.75739062
3.71060228
3.05477214
0.621516228
-1.7159512
2.36973929
-1.75458503
-1.13902056
-0.919638515
7.62919807
6.31854534
-1.71820581
0.00985327363
-1.74781704
6.93677616
6.22886753
-1.68819654
2.33591008
1.83192182
-1.75129592
4.41312599
0.662009418
4.68405008
0.510282159
-1.75750411
-1.65262306
-1.75729394
7.2136693
6.36677504
5.57570076
-1.67728007
-1.75660932
6.35480118
7.5137639
-1.75577724
-0.3530384
-1.7563144
4.38103962
4.46899986
-1.75349832
-0.574273527
0.837258995
-1.71712708
6.26105213
-1.24411345
-1.74062455
0.660615087
3.86542106
-1.74336159
-1.67165947
8.32406235
2.51963234
-1.10509098
0.295471281
-1.75401127
-1.73661876
-1.62628984
1.48457706
-1.73467386
-1.73810458
-1.75626278
2.20400023
-1.73510933
6.81560326
6.04590893
-1.75626671
-1.73152184
2.84072208
-1.7399292
-1.75320053
7.32152414
1.19432092
-0.622716665
4.78479862
5.16939831
-1.74568868
-1.75531816
-1.17473757
-1.24047673
-0.720792234
3.8510437
2.914469
8.1394062
-1.75525105
-1.3879416
-1.623698
6.08015537
-1.72658348
-1.74572861
-0.985465407
-1.25434184
-1.70725787
-1.72599816
7.11560965
-1.05035663
6.074718
0.846029699
-1.75677431
8.3935461
5.64903259
7.88439751
7.1677475
5.86199951
-1.74965942
-0.360869944
-1.74007094
-1.39718771
-1.75659227
-1.50454998
8.15863228
-1.71703088
4.7755723
-0.902225971
-1.24518526
7.68806601
8.3286581
0.937533319
3.67170882
-1.75107944
-1.69011247
7.87957478
1.33111703
0.709352672
4.16877079
-1.75662732
1.41512764
0.0479184017
5.92965078
-1.75077713
7.74625349
-1.75597441
-1.74656653
1.59765577
2.94553614
-1.73268664
-1.75408375
6.56120443
-1.72779059
1.58898199
2.00694847
-1.2753067
1.40663302
0.383005142
7.30794096
-1.74261034
3.6344471
-1.7312305
-1.42628944
2.88632154
-1.68643868
-1.66526437
4.2341485
-1.75621665
-0.856151283
8.37962532
8.33998489
-1.75619495
-1.74024117
-1.71703267
7.28361702
6.40279007
6.37599421
-1.54011524
-1.75074017
5.61065865
3.42175364
1.87743914
8.19098091
2.58852935
-1.75743091
5.33090639
-1.68714416
2.74676299
7.37894726
-1.75304294
-1.7543602
-1.75483
0.894754112
-1.71205699
1.76231682
3.65832567
-1.74277341
2.25670338
-1.71782434
-0.294727921
6.81419945
5.8184247
-1.75551689
-1.24050021
-1.70875251
-1.75747514
4.55784416
2.30504274
-1.71911061
4.05538511
0.868810713
-1.20530879
-1.75741088
-1.75613356
6.44048405
6.79053068
0.766428232
5.62494946
1.38708627
-1.75179338
-1.75356758
-1.67631197
6.70736408
4.97817612
6.06384897
6.7064085
-1.74109936
-1.72614002
-1.75504458
4.70909452
6.45777178
-1.36501396
2.0284667
-1.75110686
7.22682238
6.1294651
8.00560284
5.22445107
6.41207027
-1.75722241
3.97693658
-1.63816369
7.24253893
5.08094025
6.12035942
5.22407389
-1.71596432
4.83111477
-1.75477421
6.25657654
6.02838898
-1.73738289
5.32220602
-0.826558232
-1.68022919
4.96511698
-1.73559928
-1.75723803
-1.74513674
-1.64546132
6.12521601
7.84897375
-1.70678401
2.3784802
-1.40496707
8.08871078
0.608830512
7.38411093
-1.75436544
7.90800619
-1.74783087
7.77576447
-1.71685755
-1.75475776
-1.14101315
3.84212041
-1.6689043
1.78550005
0.192035526
-1.47800803
1.28753817
-1.72337115
3.50993443
-1.75749326
7.15443611
0.64642483
3.68888521
4.06747532
2.86847258
-1.5578562
-1.75629246
2.7610352
-1.64191365
-1.66856349
5.85056019
3.69433641
-1.68606484
-1.67495787
-1.35213101
-1.38924754
-1.69124794
-1.7535789
-1.26577878
7.40304899
2.98093033
6.77165127
1.94194627
-1.6853379
0.805882871
-1.75750566
-1.69997358
-1.18549263
1.34464157
2.60078979
-0.754046798
-1.06126666
-1.74008417
-0.613319576
6.74433756
4.97653627
-1.74919045
-1.75580895
0.259767085
2.23489761
-1.63226068
5.35308552
4.22193766
2.90490532
-1.73663831
-1.74383068
-1.75722754
-1.72844911
-0.577036381
5.87951612
-1.75620806
-1.31088197
2.18151379
-1.74486315
3.30095387
-0.151261762
-1.72885346
2.62352514
-1.75745487
4.21901798
4.53980446
-1.75485337
-1.22732997
-1.74826205
7.69896603
0.301891625
-1.75678217
-1.72630906
5.85595751
-0.882089138
5.06717968
2.8171854
8.20206547
1.60466957
7.56571293
6.58034611
1.89382255
3.68626189
0.0803267658
5.55727005
0.804785728
6.67755127
4.0961442
-0.585732937
-1.72079706
-1.7272898
2.31425619
4.46865129
0.358075768
2.13079548
-1.71036994
-1.75606191
-1.70106578
-1.71252108
-1.65986633
0.675007701
-1.75270164
-1.73424006
3.26053238
3.47015691
-1.75645113
-1.35725296
0.716345131
-1.30123961
-1.74195874
-1.26815832
6.80582714
1.41347718
3.28697944
5.9970994
4.46496773
-1.49877357
-1.75745118
-1.59405625
4.26122522
5.94188976
7.62271547
-1.27687716
4.16103935
0.775540292
1.73580158
-1.73800159
-1.73835754
-1.12832344
-1.7571609
-1.63035107
3.01159286
-1.37776315
-1.7498287
-0.714708626
-1.75355434
2.05528831
-1.7571913
-1.43553174
1.08250761
-1.75718939
2.39979529
-1.75292766
-0.805529237
-1.75678074
-1.50401902
-1.74066305
-1.64798474
4.39158869
-1.50392818
4.23659134
5.58005095
-1.72470677
-1.75591242
-1.75729501
0.662682116
8.40405846
-1.59870934
2.52410483
4.72786951
2.55118036
4.27396965
7.55851984
-1.74377787
-1.75728214
-1.75134552
-1.75365543
2.84880948
1.07540643
-1.73881257
3.35324883
4.48688173
-1.74945748
1.80296087
4.16793203
-1.75441337
5.36784124
7.81252146
-1.75477397
-1.7572099
-1.67132556
2.98142362
7.70244265
-1.421646
3.61465883
-1.75610971
3.20446014
2.1390996
-1.75508797
4.58073473
5.88885546
1.68804145
-1.75400794
8.13401222
4.75144434
-1.60558641
-1.19916236
-1.53644419
0.100208119
-1.61948609
5.87679148
5.41877508
-1.75490737
7.7463994
2.27935052
5.52596951
3.48511052
-1.13182855
3.93038344
7.82517958
-1.71369624
5.18120384
0.641732991
-0.407979518
-1.13095272
3.88383174
-1.71487868
5.91272593
5.55999041
-1.75573945
6.4156847
-1.72890997
-0.758530378
1.85481024
-1.5044843
-1.75716579
5.89994383
-1.74727905
-1.74053442
5.00692463
-1.62145102
6.39364147
3.3821435
-1.70907652
-1.75740552
7.5324769
-1.75577879
3.69972277
-0.293650687
4.34006166
3.20437479
2.45280528
-0.240128204
4.92455769
-1.75548542
-1.73765862
3.22417521
-1.67895401
1.37104857
-0.611957788
0.519835234
-1.22428429
4.1344738
-1.64080942
3.4102385
-1.71309984
-1.72516716
-1.75403404
-1.74524939
-1.75410497
0.602916896
4.40772581
-1.74669051
-1.73929393
-0.392749518
3.77554703
8.01234341
0.414175719
-1.70350289
-1.75515342
-1.74493027
-1.73563969
-1.74768639
-1.75735974
0.57385236
-1.71058786
7.9734745
0.897029161
3.31882644
-1.75365126
6.19428062
-0.238734379
6.265872
1.24510956
-0.68066299
-1.07986736
-1.74683309
-1.7567575
7.41481543
-0.527008951
5.41515589
-1.3991046
-1.75616968
2.17613959
-1.75670874
-1.75168109
1.05641007
-1.68189967
8.30336475
-1.75417495
4.44561625
1.78732908
4.88770676
-1.73627591
0.379471779
-0.961604953
-1.05498135
6.05483961
8.23802185
-1.67999291
2.03461647
1.84302902
4.03619337
7.52453566
-1.74171054
-1.74083936
2.69699216
-1.75082099
-1.74858308
-1.75613916
-1.75748372
-0.961742222
1.57708025
-1.69578838
-1.73415792
3.47917938
3.41246772
-0.915501475
3.15016842
7.12646008
4.8387394
2.10237718
2.70968294
7.29049444
-1.22739136
0.749147773
2.48191929
6.86589336
5.49106693
-1.7562505
-1.74971175
-1.67715371
4.18528223
1.16345465
-1.69837391
-1.75378621
3.17190671
3.35776615
7.441926
0.00793787185
-0.166153908
-1.75596309
-1.75698328
-1.16554224
-1.65567398
-1.72570848
-1.7555567
7.76528788
5.64787292
1.26418853
7.57826567
8.39842033
2.89626288
-1.71410036
-1.75697672
4.30819082
-0.661464274
2.54705882
6.99468946
-1.74733949
1.43449473
2.26589489
-0.218001187
-1.75556004
-1.60372722
-1.63598919
2.86015129
6.01392841
-1.64264822
3.25588989
-1.69874811
7.48424482
5.2714262
0.842184901
-0.904720902
-1.66769755
-1.65410161
7.90437698
-1.37862408
0.245380759
8.2058773
2.65046287
0.716050148
-1.31934059
-1.74623775
-1.56552958
4.31112099
2.10827351
4.3707571
-1.74278295
0.82744199
7.18969965
-1.10492373
3.33282399
-1.75398362
7.95417356
1.83026516
-1.73096645
-1.75066543
0.854665518
0.878409743
-1.75547886
8.27544117
6.941854
-0.809340239
-1.75423634
5.58373117
-0.0451076552
3.64136529
0.149149373
-1.71125698
5.62711668
8.07349682
-1.72897184
0.861828268
-1.48512852
7.09211683
0.138539419
6.37693596
6.11973572
-1.70909309
4.87535667
-1.30727971
7.30024338
0.130079746
5.38882685
-1.70364225
-1.6880722
1.4615289
8.38715458
-0.26854226
-1.7517426
0.648586452
-1.61057818
0.872794986
0.730112195
-0.897608936
-1.65656197
-1.74603283
3.32018876
1.20700562
-1.73334527
4.63223743
-1.75691366
4.11379147
3.45013022
5.23516273
-1.47402143
2.75180817
5.3921566
8.08313751
-0.126612544
-1.75703287
0.0385170206
1.51604271
6.21511173
6.29059505
-1.0816294
0.436269343
-0.875529647
3.73955131
-1.34169936
2.60206246
-1.7511282
-0.679047346
7.88788366
-1.62528288
3.23959875
2.5189364
5.91360283
5.92328644
6.04097939
-1.5003109
-1.66454268
3.67690587
4.36085987
6.26021147
-1.75705183
-1.75633681
2.20497632
7.07633018
8.36233425
4.14844275
-1.1468333
-1.7552501
2.24846363
6.26351023
-1.04412615
3.26139569
6.78204918
-1.75686836
4.97853184
-1.69365036
-1.52077055
-1.75204289
0.523943722
1.10833097
4.91760826
-1.74914873
-1.7560128
6.23426485
2.01247692
-1.73029292
6.94015789
-1.75227594
-0.813852847
-1.72378278
-1.72303391
-1.75741386
5.12125254
6.74481821
2.9858551
-1.75071323
-1.06604457
-1.60953188
1.4721868
2.33572841
-1.23439276
-1.72584796
5.80497885
-1.74381077
-1.48024952
-0.414217621
-1.73185945
1.20910788
1.25767946
8.28275299
-1.69170034
8.03482819
2.66003561
-1.71045923
1.10834694
3.12351561
4.11318064
-1.75680661
1.78882265
-0.0896912515
6.79434204
-1.70063901
5.02420235
1.7998929
-1.592574
2.29671288
2.03232741
2.9884367
3.71407461
2.67603517
5.68785858
2.15600681
6.78170681
2.46016359
-1.67542458
-1.07601058
1.33773243
3.90625024
-1.75560474
-1.69182813
4.16045427
-1.74830079
-1.75321245
0.662492394
7.9263134
0.51866591
6.95121908
5.5556469
-1.72209966
5.45843077
-0.443149447
5.15244436
4.14496279
-1.62495518
-1.7543757
7.78179932
-1.75249183
7.84243631
6.0544014
3.76935577
8.06841278
7.85537291
5.12048864
-1.55281639
4.88671732
-1.75736248
0.614824951
-0.905265212
2.90545511
2.89725828
1.4215579
5.42022657
7.40184212
-1.75476074
-1.73324227
-1.7572192
6.45945501
1.03233278
6.98095703
-1.73773336
-1.75647771
5.44440222
6.88230419
-1.68387949
-1.35276091
-1.75257909
7.50219917
-1.68125188
-0.195692897
-1.75530648
6.51030016
-1.75293064
-0.920710325
2.86608052
4.08748102
7.49736691
-1.2760644
4.07283688
-1.7511102
-1.30769706
-1.75522351
-0.275516301
-1.35392642
7.59062576
-1.75710392
-1.53658915
-1.04749346
7.5743804
5.9755497
-1.75520813
3.12151122
0.747525215
8.03311443
-1.57486415
-1.41355491
-1.74580753
-1.75393498
5.85086107
-0.906201601
2.73634052
2.38222456
1.63314176
-1.75726926
4.82136631
-1.72904718
-1.75367653
1.08563435
-1.75633144
4.45761776
-1.74187505
-1.73942387
6.21502972
-1.64492357
-1.75184762
6.7334137
-1.75748217
6.02524281
-1.75212777
-1.75337899
-1.72555971
-1.74847841
2.70757484
-1.75720835
-1.75735116
4.87499523
-1.73155296
-1.65327013
-1.74851692
-1.75673532
4.06357431
0.438529432
4.1299324
-0.555880666
4.67380476
0.222546175
-1.75472271
0.0645330474
7.48797894
-1.75691891
4.76139021
6.16939545
0.360621005
-0.859651208
7.80084467
-1.75653851
-0.502084672
-1.39384055
3.1285255
-0.253487587
6.88756943
-1.75618792
-1.75595105
1.82061136
-1.75641239
-1.71004927
2.23718166
0.812930465
-1.65087152
8.31529427
0.513697624
-0.919749677
1.77235258
-1.75521636
3.39215755
5.9308753
2.53709269
4.52159071
3.71258759
-1.73969924
-0.948234618
-1.73527372
-1.62449348
-0.922648966
-1.29966223
-1.75539911
-1.21341157
2.77566409
-1.5228126
-1.75131774
7.11089325
-1.75637281
5.5774889
-1.75547802
-1.75533438
4.01445103
5.24122095
0.947660625
1.45358324
1.03534257
-1.64293921
-1.75393021
-1.58915687
2.77957511
4.20758295
6.18807697
3.71629882
7.87435055
1.6880157
-1.59435153
1.30990517
-1.74035954
2.63492775
-1.73677373
-1.75476754
5.8061471
-1.54686546
4.41472006
1.24571121
5.16476536
5.80247784
7.97770596
5.35314274
1.90930498
2.39894652
-1.75720167
7.21342897
5.53863668
-1.7155292
-1.74752271
3.4076128
-1.67535603
-1.62257063
-1.75744903
6.2178421
1.11493826
-1.39866257
-1.75239062
2.23878336
-1.75713611
4.1374383
-1.73966682
-1.27059054
-1.62022758
-1.53827298
3.72529793
4.65394354
1.13633001
-1.75580299
-1.75673079
-1.75077975
1.98100317
2.92462564
-1.71223748
2.72238636
-0.360409796
-1.06255448
-1.71144998
4.28590393
-1.75445533
-1.18525922
-1.70328605
3.00057101
-0.33852464
2.80970168
-1.75687957
-1.42905152
1.66977334
-1.75743234
-1.68478918
-1.74078155
-1.75279915
-1.72292554
-1.64571261
-1.75743186
4.15260792
-1.74829221
-1.49949276
3.42396164
0.00441036467
5.60408974
5.14759731
-1.75623071
6.08169889
-1.75693882
-1.75730336
7.08025265
6.08750963
1.27360356
1.23393786
3.52193236
-1.28698921
-1.75437546
-1.75727582
-1.65158498
5.06559229
1.98582935
5.58175945
7.05684042
-1.75568342
5.79120111
-1.72916436
1.49403441
0.402839482
-1.42639112
-1.67363048
-1.62324417
-1.63645685
-1.74940979
0.176236764
-1.75444317
0.167306274
6.82405519
-1.60019445
3.8225193
5.36191368
5.29615545
-1.73224986
-1.75195765
-1.74424863
1.72145152
4.37453556
2.61429572
-1.74806178
4.58690834
-0.157936007
4.27754354
4.36885071
-0.981850863
7.13054895
1.08418536
2.27452922
2.09336257
6.12343311
2.1386795
-1.75149775
-1.75634062
-1.06072831
-1.68312728
-1.71031165
-1.75665045
0.123341963
-1.67345023
-0.943570018
-1.75663376
5.57622385
-1.75608623
6.12348604
5.97291374
1.93343091
0.118818603
-0.78996098
0.913124263
4.90581179
6.65516996
-0.971493006
5.20838213
2.55257225
-1.65696836
-0.567689419
-1.75150788
-1.75651217
-1.75500977
6.7098074
-1.61450493
3.60290504
0.0764742494
-1.74877214
-1.72704029
-1.10865259
-1.09113443
0.382422119
-1.75062168
-1.52820492
-1.70359468
-1.34967816
-1.62569463
1.64558041
4.86225653
2.47638226
-1.75640619
-1.75542402
2.99877381
-1.70249057
3.76123476
2.63203263
6.83111477
6.27528524
-1.6358844
1.39095187
-1.75243127
-1.59906483
7.8625474
3.33668971
-1.44600165
1.59775865
7.36334991
-1.67456162
-1.51368678
4.90319204
5.26501751
2.85986352
5.5302
4.01409245
3.11704206
0.443704128
2.45485497
-1.24190128
-1.56537938
-1.56299174
-1.74754858
-1.73994207
7.52584791
-0.346719086
-1.73597503
-1.75277102
-1.75607216
5.79026031
-1.75512433
4.55373335
5.6337719
6.45016384
-1.75702035
-1.62904692
4.47695446
-1.75329852
-1.51352811
-1.75019073
5.57031345
4.55748415
5.19540071
-1.74976313
-1.10953391
-1.33579493
2.96487522
-1.73172283
-1.03815937
-1.70179141
4.1782012
-0.981568754
0.571768761
-1.67471373
5.18834305
-0.687216938
5.63366413
-1.54591751
7.51680231
8.14402199
-0.80581069
-1.70456433
-1.49251103
0.46163246
7.83853483
5.32732725
5.06453371
-1.75269949
-1.72589695
2.37339139
6.289361
0.916896284
-1.75505447
5.81486988
5.90352821
-1.70166957
4.42331409
-1.71172941
6.81369066
-1.75186813
-1.1116147
7.50474977
-1.73751354
-0.953747749
-1.5996635
-1.75719559
-1.75671649
0.0337420404
-1.73245203
8.31357288
-1.52049851
-1.75717342
7.24270773
5.70196629
2.52102137
4.89846325
-1.75276804
-1.70000553
5.54369354
3.29620862
-1.7526654
3.45531297
-0.985614657
-1.75745785
-1.75600421
-1.72269714
5.63113737
0.82045871
3.82009315
0.466872811
-1.75460553
-1.69885826
-1.68510306
-1.75683308
-1.27064455
4.94080162
-0.872905672
-1.75462389
6.81101227
1.62630105
-1.75733209
0.258484721
-1.72979546
-1.75223303
-1.19141006
1.93008864
-1.73041081
-1.29540336
2.76328135
-1.75577867
7.97951937
-1.75635755
0.43809098
0.123187497
8.20944691
0.910360157
-1.4534235
-0.667862892
2.28079104
8.0868578
-1.72396195
-1.75733459
4.85037231
-1.61133492
3.91602182
2.15615559
4.56426811
3.95377922
-1.63752258
-1.75690055
0.773547053
5.27046537
-1.74838674
4.69272661
-0.759898007
3.28473115
2.2146399
5.23665524
-1.75648057
4.64309645
-0.864853561
-1.69357324
-1.75691056
-1.74375284
-1.75694621
7.28549337
0.258616835
8.2227478
0.723398387
-1.72414529
4.25812864
-1.74555027
-1.5797801
4.7212882
6.14951372
-1.63866293
-1.75377786
-1.54531145
6.54774237
4.09029865
6.63433647
-1.4714371
7.96386957
-0.103622362
-0.068303749
7.13317537
0.324050546
5.06266546
3.81751323
-1.75601423
1.72236454
5.41894913
0.764479935
-1.65747726
-1.75597572
2.70524788
-1.67858624
1.72519445
-1.21902907
3.1901772
-1.59461117
-1.75693786
6.22077513
-1.5919416
8.37451744
-1.71040201
8.06984234
7.52981758
-1.75613999
2.31175303
-1.5607518
5.06178951
3.01611042
7.61194038
-1.75230742
1.80843139
4.72919607
-1.75707018
-1.75637007
4.68218231
-1.55099046
-1.48830521
1.1304642
1.76677191
3.01025081
7.54526949
-1.53126895
4.42277002
1.242715
0.495256424
-1.41413653
2.51429796
-1.72609806
-1.75447679
3.96198106
-0.0266882479
-1.46986127
1.03679323
-1.71922183
-1.72013581
-1.01386321
8.3445015
-1.7012037
7.00151682
-0.230898753
-1.75390303
5.9314394
-0.941889405
6.70227909
-1.0275712
-1.75569642
3.05845213
5.8086319
-1.66005754
-1.60504484
-1.75643229
0.70895189
6.57876158
5.90682364
3.5607686
7.18384361
2.31490493
4.93739319
0.147194728
-1.75398779
-1.74340189
-1.75265801
4.88152409
-1.75720131
0.908166051
-1.5422529
5.10492325
0.868247747
1.88198817
-1.75575626
-1.67494988
8.39880085
3.67946506
0.431975216
4.52498388
5.43572855
-1.75617993
7.94127798
2.39288473
-0.968456626
3.02785134
-1.61200893
6.35396957
4.71156073
2.350106
-1.74725771
7.83847523
-1.15992546
6.90457296
-1.75666797
-1.75379956
-1.75127673
-1.74987984
-1.65511668
3.51912785
-1.60844052
7.41213322
6.63918495
5.81556654
-1.72558522
2.27047396
0.854706049
-1.75372958
-1.68312228
0.562806368
0.0432576947
-1.74933958
7.42395067
-1.75114691
2.66849279
3.70910501
1.76751292
5.75834608
1.06949651
5.46761703
-1.75717068
-1.75687873
2.37800932
1.2906177
2.54067874
4.4879055
-1.29526126
2.33661103
-0.0543314554
2.13778162
-1.69735134
7.6768446
-0.419866055
5.12217855
3.10992098
-1.68931818
-1.75620365
-1.75656104
-1.08917117
-0.391601235
-1.74266863
1.79308879
-1.67045307
3.67094564
3.93718266
6.06510639
7.9916172
-1.75332022
-1.53655291
1.03643191
-1.66079497
-0.729915142
-1.71551287
-1.72695315
-1.75532341
-1.69682384
-1.48265493
1.93963516
-1.72677755
6.14126348
-1.75050664
-1.64694023
1.30601358
-1.67026711
4.42339039
-0.0481189266
0.247542456
-0.0345450491
-1.67594206
-1.75724471
7.48490524
0.0915280432
7.84557009
-1.73966348
-1.59104645
-1.75677538
-0.137913927
6.4275918
2.59329891
-0.659953713
0.616816103
5.83639002
-1.1758883
6.42954636
3.82468724
4.43575335
-1.55228257
-1.39982665
1.18151999
-1.74481642
0.894742131
-1.75618672
0.0715406165
4.44495487
-1.70629263
8.22220993
3.03272057
-1.7541523
7.98672009
-1.43613267
4.95758104
-1.62416446
7.37925959
4.28627491
-1.74384701
0.15336059
0.00130965374
-1.75688171
-1.75281584
-1.63651109
-0.603053808
-0.874675035
1.78636861
0.260670215
-1.64599359
1.90081263
-1.75015843
8.24784756
4.02324963
-1.68730783
-1.62985158
5.51894379
0.543671906
3.50917006
-1.68667507
5.30812216
-1.54415548
2.92189693
8.06766987
1.40713477
4.98880911
3.78797412
3.16124249
-1.75719607
-0.587311745
7.85202646
4.75596046
4.64261961
1.30512857
3.72200513
1.40412784
-1.74907267
2.1690712
2.01290464
5.73543453
-1.75182533
3.038239
-1.75712192
7.53487396
-1.75467694
-1.75730085
-1.66888261
-1.75144756
3.20254111
-1.33903384
4.62261868
7.06946898
6.267519
3.96471119
-1.75650179
-1.75272667
-1.74182713
-1.65110445
2.72722983
0.42830193
-1.66879678
-1.74867857
6.92830849
-1.61703432
-1.58728456
4.57247925
3.71401048
2.40920019
3.24983191
1.85052109
-1.74531507
-1.72764301
0.976507306
-1.73656034
7.95020247
-1.68911898
-1.69799662
-1.7418437
3.4461019
-1.66397274
-1.60163319
7.29103088
4.96612358
-1.71123254
-1.75395405
2.9692347
-1.50160778
8.07208252
5.35231256
7.64252806
5.12096262
-1.69658732
-1.69930339
3.59997559
-1.60762322
-1.05885065
-1.72240138
-0.500126541
-1.74314392
0.648541868
7.27965879
3.29787803
-1.75279582
1.94467163
1.45972621
-1.72955894
2.85511541
0.521845222
2.31901622
-1.75673342
-1.31896269
3.65405321
-1.75515258
4.55190659
-1.75745857
0.84648788
7.21368742
-1.36166596
7.31341887
6.36135769
-0.532524824
-1.74375594
7.79895926
-1.65754759
2.4527216
6.85791636
-1.75563145
1.24627185
0.590952516
3.75087953
7.34094334
6.94689465
-1.74839056
6.42600298
-1.74827743
7.05457163
8.35806274
-1.41980994
-0.125169784
7.33992386
7.76899052
7.16224527
6.33351088
-1.75741529
1.14252174
-1.75481617
8.11971474
-1.70212042
8.2223568
0.727933824
-0.163165912
7.3727355
5.90174103
-0.70412755
-1.74520254
-1.75452304
-1.75015938
-0.847028911
-1.72192943
-1.74649739
3.9778347
4.88815832
1.13948488
4.32523632
-1.74832356
5.98725605
6.67477179
5.49709654
0.256886482
-1.75573659
2.84539676
-1.74675763
-1.75250483
-1.65355456
-1.72688925
-1.71983361
-1.73255718
4.26595783
7.63287783
-1.68416905
3.74692631
-1.7573911
2.58360434
3.2406745
-1.75650573
-1.75418913
-1.67819023
-1.37101042
0.0423721895
6.64242029
3.42204118
-1.67267466
-1.75423944
6.99565792
-1.69190538
1.92699313
-1.73844993
-1.75310111
-1.75125813
4.16472387
1.77760029
-1.30071747
0.827691972
-0.655707061
0.630717993
2.75862694
-1.73867404
-1.72717834
4.28248167
6.27285433
-1.75591373
-1.00818717
3.42555642
-1.75604153
1.07875431
-1.75651515
0.801041842
0.0922440886
1.22220361
-1.75161338
-1.64572108
0.341966063
-1.75431132
-1.74232447
1.39781356
-1.75557232
0.174422324
5.18948984
-0.923538625
0.222712353
-0.877357781
-1.75661385
-0.795110822
5.15962029
3.7536099
-1.42542362
5.31996346
4.13227224
1.31650758
-1.75688207
-1.61197603
-1.75646353
8.30681992
7.30586529
-1.75631988
7.29229498
-1.75711942
-1.34904039
4.52174759
4.46888685
8.04136467
2.45243406
-1.26644325
8.28551865
-1.48991823
6.21376657
6.83825302
-1.51769626
3.07191944
2.71992922
0.660685241
2.58109498
-1.60419869
-1.74784636
0.626360476
0.484878182
3.83057261
-1.73729765
-1.75747585
-1.75725079
-1.68828797
2.91674352
0.747180223
0.536842823
5.43608236
-1.72715521
-1.60811293
-1.70955956
7.35340023
3.78292608
-1.75451171
5.20270491
-1.27518547
4.47268248
6.45141554
-1.75734174
-1.74215198
-1.75513589
-1.75709009
1.64388311
3.41748929
-1.75681424
4.04378843
-1.39004362
-1.7330358
-1.73902595
6.114748
-1.75664425
0.0654939637
-1.69774663
5.30875063
3.89209032
-1.66112494
1.64611518
2.90047121
-1.65835297
-1.68438327
-1.75226271
2.69336581
-1.73783886
-1.68585861
-1.75653517
7.54017067
6.38345242
6.91912127
2.11809778
-1.20959342
-0.118968882
7.93977356
7.42360449
2.88047624
4.80472279
-1.66138709
-1.29719865
-1.75167894
-1.51454222
4.2770443
-0.607210577
5.87284613
-1.68558586
3.48961854
5.14046907
6.97230387
1.04878366
7.86405468
0.963060081
-1.75305903
-1.72937548
-1.74283719
2.46630383
7.09813452
5.83573484
-1.75550997
3.77554226
-1.74567449
-1.71483302
2.91963625
1.73024476
6.28101444
-1.74612701
4.39943504
3.77084398
0.989348054
-0.493771493
6.21130466