2.23082876
-0.99949944
-0.972663462
-0.988069177
3.78353953
2.82719183
6.27487326
-0.998651803
-0.713280499
-0.999459624
-0.988910913
0.0856846124
-0.999487102
-0.991921902
2.39815092
0.719063699
-0.988586426
1.42825091
4.9508872
-0.999627769
4.89310789
3.17023039
-0.922384799
-0.995963275
7.31540918
-0.926794648
-0.998520494
-0.998423457
5.55990982
1.65961647
4.91405249
3.67570853
0.579649448
7.56985235
-0.85679096
0.832650125
5.27047443
1.89631605
5.7873106
1.2376343
3.27314949
-0.999301672
-0.98713994
-0.965603232
-0.998797476
-0.986092746
-0.998311579
-0.971344829
2.17095113
-0.884984136
-0.87470752
-0.990418196
-0.975967646
6.98647356
2.36856627
1.74609613
-0.994813919
3.66602874
-0.995417714
-0.854664862
7.83237362
2.23999619
0.911195874
2.9538281
5.48563051
4.41599846
-0.986901164
-0.999439359
-0.947804093
-0.975672483
-0.990189254
7.08655548
6.02188206
-0.948447466
2.48701859
-0.811732173
6.63276148
-0.482305706
-0.976760864
-0.982646465
0.981890142
-0.977542579
1.35337579
6.36516619
-0.800030828
-0.988789082
7.96060181
0.1524207
-0.998563349
-0.999287069
-0.998061061
2.03913665
4.67326975
-0.71218586
-0.999073029
-0.849545002
7.93794203
0.465829521
7.53725386
5.77247524
-0.999596894
3.53154922
2.9073658
0.591525316
-0.976026297
2.25538874
-0.998001099
-0.647870421
-0.523086786
7.26105499
6.01364708
-0.97730875
0.00937780924
-0.994151473
6.60204554
5.92829704
-0.960239589
2.22319198
1.74352336
-0.996130288
4.2001729
0.630064487
4.45802355
0.485658765
-0.999661446
-0.940005541
-0.999541879
6.8655777
6.05954981
5.30664825
-0.954030335
-0.999152482
6.0481534
7.15119123
-0.998679221
-0.200806856
-0.998984754
4.16963482
4.25335073
-0.997382998
-0.32664454
0.796857476
-0.97669518
5.95892859
-0.707646847
-0.990060389
0.62873745
3.67889714
-0.991617262
-0.950833321
7.92238951
2.39804888
-0.628571391
0.281213462
-0.997674763
-0.987781942
-0.925027311
1.41293955
-0.98667568
-0.988627076
-0.998955369
2.09764743
-0.986923397
6.48672009
5.7541666
-0.998957634
-0.984882832
2.70364451
-0.989664912
-0.997213602
6.96822786
1.13668954
-0.354198813
4.55391073
4.91995192
-0.992940903
-0.998418093
-0.668186128
-0.705578268
-0.409983814
3.66521358
2.7738328
7.74664354
-0.998379946
-0.789455771
-0.92355305
5.78676081
-0.982073903
-0.992963612
-0.560528874
-0.713464737
-0.971081614
-0.981741011
6.7722497
-0.597438753
5.78158569
0.805204988
-0.999246359
7.98851967
5.37644148
7.50394011
6.82187176
5.5791316
-0.995199442
-0.205261409
-0.989745557
-0.794714868
-0.999142766
-0.855782151
7.76494169
-0.976640463
4.54512978
-0.51318258
-0.708256483
7.31708241
7.92676306
0.892293155
3.49453235
-0.996007144
-0.961329341
7.49935007
1.26688468
0.675123215
3.96760893
-0.999162734
1.34684145
0.0456061251
5.64351845
-0.995835185
7.37246227
-0.998791337
-0.993440211
1.5205617
2.80340075
-0.985545337
-0.99771595
6.24459696
-0.982760549
1.51230645
1.91010416
-0.725389421
1.33875668
0.364523441
6.95530033
-0.991189897
3.45906878
-0.984717131
-0.811267853
2.74704361
-0.959239721
-0.947195828
4.02983189
-0.998929143
-0.486975491
7.97527122
7.93754339
-0.998916805
-0.989842355
-0.976641476
6.93214989
6.09382677
6.06832409
-0.876011491
-0.995814145
5.33991909
3.25663877
1.78684425
7.79572916
2.46362114
-0.999619782
5.0736661
-0.95964098
2.61421943
7.02288008
-0.997123957
-0.997873187
-0.998140454
0.851578236
-0.973811328
1.67727721
3.48179507
-0.991282701
2.14780736
-0.97709173
-0.16764009
6.48538399
5.53765965
-0.998531103
-0.705591679
-0.971931756
-0.999644935
4.33790779
2.19381404
-0.977823377
3.85969448
0.826886714
-0.685574889
-0.999608397
-0.998881876
6.12970209
6.46285725
0.729444623
5.35352039
1.32015312
-0.996413231
-0.997422338
-0.953479707
6.38370371
4.737957
5.77124119
6.38279438
-0.990330458
-0.981821656
-0.998262465
4.48185968
6.14615536
-0.776414573
1.93058419
-0.996022701
6.8780961
5.83369112
7.61929655
4.97234774
6.10265923
-0.999501228
3.78503156
-0.931781054
6.89305401
4.83576202
5.8250246
4.97198915
-0.976033747
4.59799194
-0.998108685
5.95466852
5.73749208
-0.988216579
5.06538582
-0.47014308
-0.955707788
4.72552776
-0.987202048
-0.999510109
-0.992626965
-0.935931921
5.82964706
7.47022581
-0.970812082
2.26370788
-0.799139738
7.69839478
0.57945174
7.02779436
-0.997876167
7.52640963
-0.994159341
7.40054893
-0.976541877
-0.998099327
-0.649003804
3.65672088
-0.949266195
1.69934165
0.182768956
-0.840685189
1.22540867
-0.980246782
3.34056449
-0.999655306
6.80920267
0.615231931
3.51087999
3.87120128
2.73005605
-0.886102498
-0.998972297
2.62780285
-0.933914065
-0.949072361
5.56824446
3.51606822
-0.959027052
-0.952709496
-0.769086838
-0.790198565
-0.961975217
-0.997428834
-0.719969988
7.04581881
2.83708715
6.44488859
1.84823871
-0.958613575
0.76699543
-0.99966234
-0.966938317
-0.674303532
1.27975655
2.47529006
-0.428898871
-0.603644311
-0.989753067
-0.348853767
6.41889334
4.73639631
-0.994932652
-0.998697221
0.247232154
2.12705374
-0.928423464
5.0947752
4.01821041
2.76473069
-0.987793028
-0.991884053
-0.999504149
-0.983135104
-0.328216016
5.59580326
-0.998924255
-0.745624542
2.07624602
-0.992471337
3.14166808
-0.0860370994
-0.983365059
2.49692822
-0.999633431
4.0154314
4.32073879
-0.998153746
-0.698100448
-0.994404614
7.32745647
0.287324011
-0.999250829
-0.981917799
5.57338142
-0.501728833
4.82266569
2.68124366
7.80627918
1.52723706
7.20063353
6.262815
1.80243719
3.50838327
0.0764506385
5.28910685
0.765951216
6.35532951
3.89848709
-0.333162606
-0.978782654
-0.982475638
2.20258307
4.25301886
0.340797007
2.02797508
-0.972851694
-0.998841107
-0.967559576
-0.974075258
-0.944125473
0.642435551
-0.996929824
-0.986428976
3.1031971
3.30270624
-0.999062538
-0.772000134
0.681778252
-0.740140021
-0.990819275
-0.72132349
6.47741556
1.34527063
3.1283679
5.70771265
4.24951315
-0.852496505
-0.999631345
-0.906692922
4.05560207
5.6551671
7.2548852
-0.726282716
3.96025062
0.73811698
1.65204144
-0.988568485
-0.988770962
-0.64178592
-0.99946624
-0.927337289
2.86627007
-0.783666313
-0.995295703
-0.406523466
-0.997414827
1.95611143
-0.999483526
-0.816524804
1.03027177
-0.999482453
2.28399444
-0.997058392
-0.458181858
-0.999249995
-0.855480134
-0.990082324
-0.93736726
4.1796751
-0.855428457
4.03215694
5.31078863
-0.981006444
-0.998756111
-0.999542534
0.630704761
7.99852514
-0.909339607
2.4023056
4.49972868
2.4280746
4.06773138
7.19378757
-0.991854012
-0.999535203
-0.996158481
-0.997472346
2.71134162
1.02351332
-0.989029765
3.19143963
4.27036953
-0.995084584
1.71595991
3.96681046
-0.997903466
5.10881901
7.43553257
-0.998108566
-0.999494076
-0.95064342
2.8375566
7.33076525
-0.808626652
3.44023538
-0.998868346
3.04983068
2.03587842
-0.998287141
4.359694
5.60469198
1.60658586
-0.997672856
7.74150944
4.52216578
-0.913251281
-0.682078838
-0.873923421
0.0953726321
-0.92115736
5.59321022
5.15729475
-0.998184443
7.37260103
2.16936159
5.25931692
3.3169384
-0.643779635
3.7407248
7.44757986
-0.974743724
4.93118763
0.61076653
-0.232057154
-0.64328146
3.69641948
-0.975416303
5.62741041
5.29169607
-0.998657703
6.10609913
-0.983397245
-0.431449115
1.76530731
-0.855744779
-0.999469042
5.61524534
-0.993845463
-0.990009129
4.76531792
-0.922275007
6.08511972
3.21894002
-0.972115993
-0.999605358
7.1690011
-0.998680115
3.5211947
-0.167027354
4.13063431
3.04974937
2.33444643
-0.136583984
4.68692589
-0.998513222
-0.988373399
3.06859446
-0.95498246
1.30488932
-0.348079205
0.494750887
-0.696368098
3.93496704
-0.933285952
3.24567914
-0.974404454
-0.981268346
-0.997687697
-0.99269104
-0.99772805
0.573823452
4.19503355
-0.993510723
-0.989303589
-0.223394394
3.59335995
7.62571239
0.394189894
-0.968945801
-0.998324394
-0.992509484
-0.987225056
-0.994077146
-0.99957931
0.546161413
-0.972975671
7.58871889
0.853743494
3.15867829
-0.997469962
5.89537907
-0.135791183
5.96351576
1.18502748
-0.387158453
-0.614224315
-0.993591845
-0.999236763
7.05701733
-0.29976064
5.15385056
-0.795805216
-0.99890244
2.07113123
-0.999209046
-0.996349335
1.00543356
-0.956657946
7.90268993
-0.997767806
4.23109531
1.70108247
4.65185308
-0.987586915
0.361160576
-0.546957135
-0.600069284
5.7626667
7.84050035
-0.95557338
1.93643713
1.7540946
3.841429
7.16144323
-0.990678132
-0.990182579
2.56685019
-0.9958601
-0.994587183
-0.998885095
-0.999649882
-0.547035217
1.50097907
-0.964557767
-0.986382246
3.31129336
3.24780083
-0.520733654
2.99815869
6.78257656
4.60524845
2.00092816
2.57892871
6.93869543
-0.698135376
0.712998033
2.36215568
6.53458309
5.22609854
-0.998948395
-0.995229185
-0.953958452
3.98332357
1.1073128
-0.966028392
-0.997546732
3.01884794
3.19573903
7.08281994
0.00755483378
-0.0945076942
-0.9987849
-0.999365211
-0.66295588
-0.94174087
-0.981576204
-0.998553753
7.39057779
5.3753376
1.2031858
7.21258068
7.99315882
2.75650525
-0.974973559
-0.999361455
4.10030127
-0.376238286
2.4241519
6.65716457
-0.993879855
1.36527395
2.15655541
-0.123998225
-0.99855566
-0.912193775
-0.930544257
2.72213626
5.72372961
-0.934331894
3.09877872
-0.966241241
7.12309647
5.01705647
0.801545739
-0.514601707
-0.948579848
-0.940846503
7.52295542
-0.784155965
0.233540043
7.80990744
2.52256608
0.681497514
-0.75043577
-0.993253171
-0.890467107
4.10309029
2.00653982
4.15984869
-0.991288126
0.78751421
6.84276438
-0.628476262
3.17200041
-0.997659028
7.57034922
1.7419467
-0.984566927
-0.995771646
0.81342411
0.836022556
-0.998509526
7.87611437
6.60687828
-0.46034956
-0.997802734
5.314291
-0.0256570578
3.46565318
0.141952246
-0.973356247
5.35558319
7.68391418
-0.983432412
0.820241213
-0.844735265
6.74989033
0.131854266
6.06922007
5.82443094
-0.972125471
4.64009905
-0.743575573
6.94797421
0.123802811
5.12879181
-0.969025016
-0.960168839
1.39100361
7.98243713
-0.152745783
-0.996384323
0.617289245
-0.916090548
0.830678701
0.694881022
-0.510556459
-0.94224596
-0.993136644
3.15997481
1.14876223
-0.985920012
4.40871143
-0.999325573
3.91528249
3.28364611
4.98254251
-0.83841759
2.61902118
5.13196087
7.69309044
-0.072016716
-0.999393404
0.0366584025
1.44288683
5.915205
5.98704576
-0.615226567
0.4152174
-0.49799782
3.55910134
-0.763153315
2.47650123
-0.996034861
-0.386239469
7.50725794
-0.92445451
3.08327365
2.39738655
5.62824488
5.63746119
5.749475
-0.853370965
-0.946785331
3.49947882
4.15042877
5.95812845
-0.999404192
-0.998997509
2.09857631
6.73486567
7.95881462
3.94826198
-0.652314305
-0.99837935
2.1399653
5.96126795
-0.593894839
3.10401869
6.45478487
-0.999299824
4.73829556
-0.963341713
-0.865008354
-0.99655515
0.498661101
1.05484903
4.68031168
-0.994908929
-0.998813212
5.93343353
1.91536593
-0.984183848
6.60526419
-0.99668771
-0.462916315
-0.980480909
-0.980054915
-0.999610126
4.8741293
6.41935062
2.84177423
-0.995798826
-0.606361985
-0.915495455
1.40114725
2.22301912
-0.702117741
-0.981655538
5.52486277
-0.991872728
-0.841960132
-0.235605359
-0.985074878
1.15076303
1.19699085
7.88307285
-0.96223253
7.64711189
2.53167701
-0.972902477
1.05486429
2.97279191
3.91470146
-0.999264717
1.70250392
-0.0510160327
6.46648455
-0.967316806
4.78176212
1.71303999
-0.905849874
2.18588614
1.93425858
2.84423137
3.53485394
2.54690456
5.41339397
2.05196977
6.45445919
2.34144974
-0.952974916
-0.612030625
1.27318084
3.71775627
-0.998581111
-0.962305188
3.95969391
-0.994426668
-0.997220397
0.630524158
7.54383326
0.493637979
6.6157918
5.28756189
-0.97952354
5.19503689
-0.252061665
4.90381575
3.94494963
-0.924268126
-0.997882009
7.40629292
-0.996810496
7.46400356
5.76224947
3.58746743
7.67907572
7.47631598
4.87340212
-0.883235872
4.65091133
-0.99958086
0.585156918
-0.514911294
2.76525402
2.75745273
1.35296142
5.15867662
7.0446701
-0.998101056
-0.985861421
-0.999499381
6.14775753
0.982518137
6.64409447
-0.988415956
-0.999077618
5.18168545
6.55020237
-0.957784057
-0.769445121
-0.996860087
7.1401844
-0.95628947
-0.11130935
-0.998411417
6.19614887
-0.997060061
-0.523696423
2.72777939
3.89024186
7.13558531
-0.725820422
3.87630415
-0.996024609
-0.743812978
-0.99836427
-0.156712592
-0.770108044
7.22434425
-0.999433815
-0.874005914
-0.595810175
7.20888281
5.68720293
-0.998355508
2.97088432
0.711453795
7.64548063
-0.89577657
-0.804024518
-0.993008494
-0.997631371
5.56853104
-0.515443921
2.60429978
2.26727152
1.55433536
-0.999527872
4.58871365
-0.983475268
-0.997484326
1.03324759
-0.99899447
4.24251795
-0.990771711
-0.989377499
5.9151268
-0.93562609