0.03277261790735553
0.661444755711666
0.7310611779148839
0.05666790214670692
0.3052856794244334
0.7286710289883385
0.5352393010110601
-0.5610549606519519
0.2737224251132928
0.5399683431228783
-0.4647734464899813
0.40340068094938997
0.10703040605343972
-0.6227867239639524
0.1672214144392301
0.34364605472438114
0.909874090282393
0.5114963839408286
0.13544753906386187
0.6828201775840648
0.7472820563285769
0.12139252537133283
0.4158531308071429
0.742927983744871
0.22206750567485956
0.19895023388742095
0.5879469758826297
0.8372096483481091
0.8097528697159131
-0.42925463432664235
0.5445290871175257
0.009295285488579719
0.6560402805850565
0.9293814518991148
-0.6552906861549788
0.10406419231354369
0.6570867417648298
0.9704477939172047
0.3867690642882926
-0.9876816328305684
0.7605297183548829
-0.723756914049138
0.22973285348989636
-0.9804163483814177
-0.28192799049497275
-0.312187941636042
-0.8119713120185752
-0.3652771191392665
-0.8203889002202249
0.43628026877975357
0.5971432327216002
0.42010532623956287
0.7719548820750011
-0.5482479287540494
0.21683997857229187
0.8451944274400751
0.5041666474121085
0.20999329514303344
0.3554770370978555
0.3549398302159168
0.6872123401018764
0.6894892424907864
-0.39333115705994404
0.8148082302872768
0.6842577772450453
0.13162895045177647
-0.668187902163071
-0.5935654992486179
-0.02257803162299843
-0.8349385180491815
-0.7283028033863257
-0.6135031892436733
0.6560513535210952
-0.455093179423941
-0.7267099559867469
-0.9180056067882361
-0.6184877428701938
-0.7010850746380695
-0.6779284374969725
0.08753710161940575
-0.7899257049400532
-0.8747743797332492
0.31893662979384096
-0.76048548174417
-0.7621714544612201
0.8814086233115781
0.07587307492410544
-0.6970804410939198
0.6188647341929281
0.1125389760621065
0.5411839901745836
0.8938686473496584
-0.3248334685153693
-0.138353367457847
-0.38741621388531344
0.20946218106183423
-0.07911602617917546
-0.6563465165310931
-0.724469564072171
0.2981611032696483
-0.1477611052660064
0.9272081346365504
0.22869613494219343
0.3522499283765228
-0.33595058878021566
0.48569428293378425
0.13388026415045062
0.06664407419001916
-0.25156168538316015
0.9508879371997201
-0.9286463784104733
0.2682160354396743
-0.49588036462564533
0.6276707049752206
0.6148632822424311
0.045002974551591635
-0.42586374387948767
0.3218305125189882
-0.12355343881774794
-0.9264075676808592
-0.5814376047492535
0.7179486507991928
0.7679741451696696
-0.49351180063519373
-0.9949107446223726
-0.1994950307040131
-0.1139245000260265
0.5060608724904117
0.995814520891491
0.4079867572625826
-0.9113854285158915
-0.8294321193216763
-0.8383014927476589
-0.8368127813994453
-0.3044306152410732
-0.3380773273988027
0.9001768580756617
0.10746287505266716
-0.48703365415084443
0.8860997250320597
-0.8611735178536837
-0.6623021990168734
0.23197751786963994
0.5987508078430785
-0.32625655213388294
-0.19960035165370194
0.22619307148372103
0.7003583513973279
-0.9057154984770459
0.1566385802097805
0.412260717048885
0.919716454620332
-0.8610315935493076
-0.9423945727953023
0.6327811819939326
-0.37744157685636726
0.5688802502138184
0.808091589454832
0.34298075220500146
0.32382675600597066
-0.4144859439595996
-0.6270396237156408
0.5362098268174968
-0.06773908558100672
-0.7449412760925744
0.5552093525996309
-0.74032511211004
0.7209888485688574
-0.9968861277176744
0.07659882428494202
0.7887653356468343
-0.9493693860322072
0.04433798596638594
-0.3993424631997977
-0.4689822465154374
0.951308634263442
0.25830642313851904
0.03466264632374205
-0.5082261893042814
0.8939952163752729
-0.6665287792485
-0.513140328543563
0.4243091081985155
-0.5501337240520909
0.29357142927595725
-0.01482635748310468
0.8720879904727221
-0.4395619555970611
0.2400116724267709
-0.28609295215883024
-0.8498400509953579
-0.2479653171959859
-0.7959526761246349
0.3509506334417327
-0.7183808665494285
0.6721879746793242
-0.5698746979626101
0.7890916536393209
-0.7980417278165424
0.0925672105093367
-0.9650619658836821
-0.3209986105348126
0.47152886986603315
0.3306478628451035
-0.4189532439460415
-0.7178550389830964
0.004369338698406944
-0.5025526045656428
0.05307005138829535
-0.32160415627471584
-0.12280715446944934
0.99625005525614
0.7814256364189565
0.9958164560528813
-0.6591701167277684
0.7112872442412801
0.47334840510991305
0.6240973175733746
-0.1437546878078957
-0.2641284094630163
0.6055242455076935
-0.945548619271259
0.6770414726473086
-0.9940009030757178
-0.4952539904631508
-0.12481970373649842
-0.5636130149234699
0.9841105571715694
-0.6767802059291164
0.1915476575443278
0.292230931353749
0.8365149891376968
0.05015673841280455
0.6296500790454389
0.9911502658257165
-0.982145223222084
-0.8231717217289658
0.23005757092449253
-0.3665356164797082
0.8352743736485073
-0.6238136947645603
0.7885009154698834
0.7297097379786983
-0.31905526796864625
-0.5600315003764811
0.18167401668117877
0.4606509267405512
0.5716165610747119
0.22828988909037373
0.5967700741173001
0.34156543413271834
0.8161731981081799
0.8980583881719411
0.749163482307492
0.31859533757309055
-0.5462567443093616
0.605329106014705
0.9125069554322385
-0.8474387325913786
0.1269983640858534
-0.7999551536435718
-0.18191865690996178
-0.16183672915894554
0.542762306372762
-0.6766622410235388
-0.9821735195291321
0.6606489051343685
0.8708672469821264
0.6907975655492635
-0.8494106092606857
-0.7518336965089956
-0.5105414341484771
-0.1740920227834093
0.8157039251679539
0.8087923640548218
-0.9674701061998308
0.9964807553413435
-0.9482433994127948
-0.7988101521154296
-0.6210335056495013
0.06531356926054221
0.09924466335108884
0.9647461491080145
0.4050455157029236
-0.10754598435922413
0.6120459025887548
0.5422430050462186
-0.920061987126269
0.11802957893046129
-0.33896510307087646
-0.4540577648861579
-0.638947899291596
0.25731797072169327
-0.9389582728656967
0.4289536658076858
-0.7618410884119795
-0.3201475075014528
0.9208042853638176
0.9499038042337813
0.2223662339731165
-0.1308377680065953
0.3044267093299131
0.6855594583061684
0.3560519683986998
0.7188194820361324
-0.37323921684128925
-0.5304588331874109
-0.9100521060807369
0.5069921246774067
0.33094615311859266
0.7414401503886963
0.8163407522433148
0.2766336297920009
0.3695431219861549
-0.6780718311109131
-0.22980084498952436
-0.9460492651824057
-0.9387010351460365
-0.07848839575458011
-0.6059570563710162
-0.4243515828868285
-0.030545635502189805
0.017408461634614847
-0.9577523820016958
-0.44190178776341216
-0.7427052487097008
-0.3807023104826248
0.7100549431879755
-0.16792005618458505
0.7743471641691555
-0.5090568710330257
0.8077638471075566
-0.8401703243153584
-0.668462393756067
0.48526791523356416
0.8120097255698453
0.9652872851309895
-0.1027798149874295
0.550213831111567
0.5534086080934726
0.26779738076901904
-0.5071572776793922
0.2117458425852894
-0.8839330700858548
0.20373779590673946
0.006875931997172735
-0.6960395505372055
0.7908261603211715
-0.4095480159659264
0.7388346268313271
0.07571733198670749
-0.678873449531767
-0.8801282598203033
-0.5297741063367387
0.5708834239940661
0.23397847607925693
0.5121641272925017
0.2576615809312879
0.8011165575665173
0.48018158132302013
-0.341937265638935
0.007821582540231242
0.8740685391330136
0.15016842504342365
0.22900214726301726
-0.7967727469339672
-0.7318553102028611
-0.7947736112415045
-0.41875992586948363
0.6811072062888792
0.770258389342034
-0.79016059681843
0.30320502896216217
-0.6126881893377396
0.11544960488778622
0.43044707444512387
-0.917332417058971
0.9158695548482978
0.9974831371468587
-0.8730353972239389
0.802384085492448
-0.3502494022390852
0.1539785542151637
0.7040102130221786
-0.8936100971201573
0.27578771978451555
0.49307422541749735
0.4409825182121576
-0.38696923710676523
0.18973849972155432
0.37174930808664586
0.3580125572192334
-0.1885147922750252
0.46925875642439063
0.6052626331377144
-0.013966738178342597
-0.5233602764880836
-0.745073093950682
0.9766541919433946
0.2492639567522703
-0.657992259131686
-0.3868470091077114
-0.2687751721146756
0.3411557592506973
0.6049938445988028
-0.13121687705808194
-0.18956752168305213
0.6769161056303175
0.39769458197923235
-0.31586165852718584
0.28258142655945084
-0.6167285095971482
-0.9983725841707423
0.9390370221699731
0.9231555503164226
-0.22909595494158252
0.4562089682612569
0.744022032913896
0.45385264864946406
0.6370752436524718
0.5532919580814104
-0.34535232945852545
0.8853786879150727
-0.8356997869989806
-0.03766523219344253
-0.7659354760177217
0.8415169470276864
-0.052216776065502124
-0.5277746207466685
-0.4585471256510434
0.9084529843383322
-0.2610523717688369
-0.12918177730368074
-0.9900413465491757
0.013937099587694624
0.66297369934879
-0.4670039486517634
0.29273121044175965
0.4614801192898146
0.016687347805206088
-0.20057058232898162
-0.37042813808959485
-0.7401034238309248
0.2167091408470334
-0.10747093326069557
0.4500972186280383
0.8669273220091465
0.5543116119770632
0.1545033345977711
-0.6790836493012822
-0.3808796769432532
-0.34665000523176737
-0.3951199420246534
0.8770439121032705
0.143749626659035
0.17741732643206332
-0.041500365802067396
-0.4916424837403881
-0.5733323996088813
0.5358434124895599
0.8599247449679561
0.5377138073460304
-0.35957427991322666
0.36661834241581537
0.2317246882425339
-0.24013637842560276
0.5540122639672393
0.2484397791221098
0.3637165352697178
-0.20106914480894766
0.13428702794185776
0.8538194862163264
0.8024666024458409
0.32194695787967675
-0.41605028414966694
-0.7955598549308351
0.3659489274236829
-0.0069940477165812975
-0.7761263586820881
0.7677938104853186
-0.08397564101656174
0.8650235748941999
0.8590175543018352
0.36833968856109434
-0.7849400332728629
-0.505624511427627
-0.7401598226863915
-0.032336529809207315
-0.5835117803649423
-0.019153444534162345
-0.8268815680531314
0.8514545130498072
-0.015518884121254128
-0.5170818252270017
-0.8259707382328358
-0.8170933776721767
0.010437746209126963
-0.6225967484308568
0.9871473311331753
-0.238558679781244
-0.10937752963254921
-0.8816624455678579
0.9740272792307723
-0.9515593521561845
0.17284815843489088
0.2902503907369336
-0.43551550541102113
0.6473765795021147
-0.06100340730507692
0.8715488598053274
-0.3905865948824967
-0.2492956825705135
0.26071204050237995
0.8781470419391846
-0.9139889658378766
0.04750812641366586
0.8536329700515346
-0.40399664117809064
0.777494020883237
0.9251527140975251
0.7579882076035434
-0.518578747869185
0.07854981325803756
0.03136851638814653
-0.6611356506872677
-0.11652904869479364
0.543445690034726
0.30267918785106085
-0.9048663677503925
-0.9347919382917662
0.5283846737477631
0.5599239374137159
0.12239506558914659
0.6679451622947155
-0.7296571692095088
0.23505530663483643
-0.7147999590979617
-0.16414283794943052
-0.7355462863662092
-0.7477386142116691
0.02761070504342511
0.7542086223876332
-0.17992272164747636
-0.7782675024827252
-0.6194086654578352
0.694823401248879
0.37790816039794284
0.8025365516792955
-0.6315939994107405
0.24502082143967052
0.48805285815484845
-0.45069807177146504
-0.048660757897135865
0.9939132344795174
0.6849371451350761
-0.5875486261880738
0.008421807854561258
0.41778396251174743
0.8073002543940184
-0.6086824431652842
-0.1408309642201011
0.12401609352858745
-0.5844238726610174
0.6722050640035409
0.5379904508844946
-0.5273346136832346
0.27718100163744075
0.8447524390889172
-0.6404841612029573
-0.036675690834165886
0.47339153433149317
-0.27191382715067514
-0.06265122620760155
-0.5734864594580316
0.8979884483085188
0.2725128883697068
0.14106798826560385
-0.4758683178503158
0.5552039748628073
-0.34805931236965004
-0.63543328341806
-0.1412079172815992
0.18639139525824633
-0.13398778528815192
0.9292613616038403
0.3599148074383456
0.6391433027283306
-0.5287760083317692
0.726815455350531
0.8493078372053284
0.067120281129601
0.19723427615681977
0.21665735029922772
-0.5824618555805909
-0.17902892535214598
-0.9197917956274779
0.8273084575110203
0.3092597383653377
-0.7458756657087584
-0.8684062449368104
0.37659583702651367
0.7028178556463507
0.7830178674897226
0.28151868308869754
-0.1518363640680942
-0.48880650726461905
0.1869669065987496
-0.6599313147961243
0.7362426702822216
0.6868794145689707
0.18756754690176813
0.9262957502934572
-0.32537987403655544
-0.932870170680669
0.1681413659185904
-0.23965898975037914
0.4568825447152638
0.34409097484660567
-0.45396486558339055
-0.6096307328119892
-0.14614782707041574
-0.712222946852932
0.016651592929502357
0.42765959670334097
0.9755437720211475
0.32940850038318015
0.14740212894981886
0.4142065821800889
-0.20305341848725034
-0.8405706042492203
-0.29993277864663015
0.14338481809534298
0.6293289473886976
0.0870502595242233
0.10378418099449527
0.14595697361578175
0.726160945432301
-0.7088412361248395
-0.30522172851736107
0.7978848601352599
0.00800860996292685
-0.48020068825282625
-0.9634236994649128
-0.3733207709420021
-0.032666182229863505
-0.20155060580589002
-0.7912963396631536
0.5604682132818304
0.4794718262713866
0.5102668673505992
-0.6265981294965426
0.8612401430584076
0.2047395459342094
-0.564134677813557
-0.516059185105711
-0.32318901506694697
0.016313023707487107
-0.28120336444631433
0.12171350743405784
0.2998372154314437
0.3042546774293551
0.5714979874571482
0.16982235293070636
0.1674681357020562
0.35931412470628477
0.7757633891386908
0.4046683601475607
-0.0622094861847311
0.23565565025207413
0.8976436564059738
-0.3533430765420993
-0.28760839608215494
0.6831207484123494
-0.2619701673161805
0.11674368930483436
-0.403101057441863
-0.8548113946417633
0.785360160915006
0.8315305882321407
0.4787492284220154
-0.6860179213991615
-0.45347335758925666
0.0010141059367503313
0.09040123754400708
0.43619448780473813
-0.38241385237953973
0.1169262942099647
0.7961192996509381
0.05357408365293148
-0.3811563584455335
0.10991799174884265
0.18175962557064906
0.01415188597475292
-0.4886373954026466
-0.10539635170835115
0.9207264419270687
-0.5205479766247034
-0.9608181109586191
0.6234543325101594
0.02752555336402307
0.7141314445037092
-0.6853567216173695
-0.3915469985453104
-0.2650320111324631
-0.07666660295430971
-0.1930964312558192
0.6942786576188045
0.7117384389132664
-0.5991202029414842
-0.8173704472149952
-0.35498902434440227
-0.21191610756620616
0.6723832375710732
0.19908640999677973
-0.7364126148973389
-0.6102889988671072
0.1357508653843047
-0.7504581321884136
-0.8631777259644329
0.36592559213704057
0.34317833786502927
-0.797821502638649
0.5881667764706193
0.40429786129558964
-0.18727731347792087
-0.11680513708923401
0.7470544955407876
-0.49841930385243116
0.3841713200078771
0.016496847157289496
-0.11451242822092023
0.09385085782024438
-0.5591751206502575
-0.17456436781362927
0.22128366426851143
0.185855551167601
0.3294100366050732
-0.5948595660501379
0.8093036126428861
0.5322053493724004
-0.3576699121034064
0.4578629446983671
0.8138879000397938
-0.5459382241790303
0.7671774367181516
0.5861690108409652
0.7166214101760342
0.7667997348153537
-0.7288806152284164
-0.5818883067777945
-0.46945403720028533
0.4205589780496972
-0.15178945403644173
-0.5606323194127656
-0.5496562299987442
0.36262594158022265
0.27462179988259994
-0.02649869267425986
-0.9754623103115108
-0.50625839119476
0.5242683016551775
0.881538942433294
0.8765103934794749
0.15758115118132388
0.21514992268114685
0.2060757865944327
0.25488435934198406
0.5897503136737585
-0.9466463303029147
0.7502902155095361
-0.22108001112617504
0.09603067406130772
0.9533949773441157
-0.2677451299055795
-0.6692125188818647
-0.8586106073325641
-0.403522894469454
0.8406272719698342
0.45686599447010656
-0.7055163364611792
-0.7162471154918368
0.9013054281607913
-0.9264028029516451
-0.9750642265948488
0.3829874592303071
0.4828016106281363
0.31437281503795256
-0.1994325234430503
-0.700899162544945
0.43685567173565043
-0.8288457239512748
0.1976262208211983
-0.666542180316624
-0.28648805525640597
0.9934645463735414
-0.021172164537990534
0.17830789013506787
0.7252666535452157
0.1257477785514447
-0.40157241021605383
0.8303584719192612
0.2989580310664517
0.8312660175186506
-0.38349363785955703
0.09531701648533919
0.4793584980356962
0.572027172608877
0.3909019698606644
-0.061821994259906754
0.3377770296651921
-0.7067135225690133
0.8451048682324154
0.5569900145371474
-0.3957713922700601
-0.8026286139312591
0.25156716712582994
-0.3901869117481558
-0.48147227426964
-0.49764888732164825
0.3084845756399446
0.9614321445657215
0.09833888051212769
-0.014335407398168964
0.10085360008104782
0.7021710885883063
-0.5573901207779968
0.9751305423372194
0.7508980968539762
0.1825229472466774
0.19647068169933402
0.42673582257468445
0.7182826170321954
0.3751695851853454
-0.544591685783238
0.6005609194877821
0.3557287088730925
0.07368831441146906
0.6235711685887939
-0.34294467881188617
-0.9122279879249258
-0.2666785681725703
-0.14914558428330382
0.35297250960317594
-0.46145955160125673
-0.9847026037194886
-0.29610640925799325
-0.7729661637334377
-0.7181656159192229
0.10012604598108465
-0.1734425976546552
0.2873951487581654
-0.8007603462735062
0.8510330604712459
0.21761109290760694
0.9157416769768643
-0.4367991122113548
0.12101180424319846
-0.6364112851549508
-0.7130714813875216
0.8531117499295462
-0.16360796749904338
0.5113708663877434
0.18543983468206116
0.33711817152699286
0.33503627267189584
0.2917566920913841
0.875376407449012
-0.7121307883152599
-0.5761231461210028
-0.6019013505517508
-0.5249125366316634
0.987031807862623
-0.5278498121427495
0.4443809007309949
0.05598416420490193
-0.751821568285753
-0.07911686358446945
0.5189640170587124
0.8623294575106724
0.497572955931153
0.17575281394099762
-0.8239354482439192
0.8622168477878787
0.36528368472934125
0.8118468689032803
0.6344189868320598
-0.14572232660860918
-0.019013535486821942
-0.268526486920561
-0.6627934137803502
0.6285213041758535
-0.5826447910798
-0.9381735036018355
-0.21953806563653777
-0.13611933416019495
0.6516408367554911
-0.3634444943223807
0.9061347359270755
-0.9335859006293921
-0.37400761941847804
0.8096549260829646
-0.3493517562332893
-0.8648291604876637
0.7988265249424347
0.9330955838310828
0.5642510424772027
-0.06730685273377679
-0.20154865657732013
-0.2868297639994921
0.17317041196091543
0.6209658428946552
-0.8032865031149043
-0.7133133672127936
0.9812924909224343
-0.6871967084671695
-0.2512027620180086
0.5518921554768705
-0.6824031754794055
-0.40659551668434823
-0.06905081565227555
-0.9432473471987708
0.1561343875787855
0.7231065519765982
0.6058100429817308
0.16558999407521013
-0.5593752060537778
0.8635018264463368
0.33602889731647245
0.9789018949489581
0.8143950723626441
0.9745135360976729
0.744917382932824
0.3186177093468283
0.6506168635172891
0.5724811437923762
0.462684699128578
0.937326321493452
-0.04559160325888456
-0.7116607481930928
-0.9574077520443771
-0.6949780028212849
0.17138232575910606
0.3787024336764435
-0.3612862748513661
-0.004588455372771083
-0.8579889192634427
0.7951563432693567
0.5919774957975834
-0.9609255884329877
-0.41575850552573534
0.20212691525911852
0.2532980541777894
0.21685332770614396
-0.812169633763324
0.5208998925059529
-0.13701974384725646
-0.8212032936704681
0.960795896836385
0.11284514018441305
-0.7261091058919862
0.5267768748053108
-0.05495628002587427
0.722260242741152
0.17403573812875983
-0.8118773492134679
-0.9789438302376858
-0.22283238825523521
-0.8530242159593509
-0.15254260046896007
-0.6338705600674328
0.3960535852363991
0.010390239701771664
0.5951039834871323
-0.49107691019012023
-0.39621118324886395
0.4003842158305231
-0.035949807101244735
-0.6505017732148826
0.01047991951869287
0.2777785841995377
0.8925572755138131
-0.8830656408697903
0.7078761017340991
0.5140705249165751
0.5589775407596338
0.44767581189533145
-0.2836372143153896
0.9759905347863538
0.9502067179277334
0.6999699989533945
0.2509813631501059
0.9474422176369104
0.429415443468115
-0.38754792435417396
0.7075642345049942
0.12620276270327713
-0.9256297158477751
0.8341220910587526
0.577868103106463
-0.6617020367384701
-0.512363904702736
-0.0513652925136161
-0.015592807466661363
-0.8204528035957039
-0.8050429609515872
0.9268615593501894
-0.013338001456984161
0.5893067250886124
0.13810420504229892
0.016757711600935643
0.576849399172825
0.43208637128322347
-0.633512299371424
-0.7771991843158392
-0.5731213444295329
-0.2694853251490408
-0.024165463494618455
-0.8639255357748248
-0.1397414486897326
0.47551376671775847
0.2819655227093678
0.04331334935361686
0.6540292268214767
-0.6209560524761151
-0.06731116461233433
-0.418699548891899
0.32619066760977944
-0.308140099235072
-0.09695049742973683
0.806997941047914
0.0830796425893765
-0.7743065113564198
-0.6858179605085559
-0.06376874494069384
-0.2830445360361946
-0.8020880970222177
-0.7713501365817332
0.13824991909889972
-0.9557144836885818
-0.18714764508913206
-0.3783034499105733
-0.1701017590911429
-0.12746903178391267
-0.8263007918317282
-0.8341717713419945
-0.4581500233985234
0.308315009984949
-0.14518762824550868
0.3281092618600383
0.3540498947256021
0.13574626154964275
0.5031999556371825
-0.31284523090586536
0.2957536255929476
0.3652449538170135
0.4462381017838415
-0.5066371613187071
-0.31543729353762995
0.7902901183282773
0.24696512751543342
-0.7736810171955659
0.7535026861225764
0.18321677348888898
0.42525433387721345
0.20483718191961175
0.13972002337145062
0.145995244681703
-0.3806418734885504
0.16638390555014348
-0.7099526250655188
0.6119885162823528
-0.5575113912177005
-0.6755881309029781
-0.8213902514730547
0.5883684536376463
-0.8879885479663896
0.5877664686003339
-0.1371257029149282
-0.8074621971285003
0.36183110680686936
0.540186360771278
0.19912817294185836
0.37910310449528617
0.8508551145801686
-0.24716501833493054
-0.5792310236948142
0.03302284476080608
0.6117050558427579
0.6350429287192823
-0.1649556331277009
-0.9600402436274642
-0.3097511057652118
-0.8631916794527936
-0.5238134026909955
-0.2875803575816762
-0.5624589512990166
0.029400201368173118
0.8389630168999358
0.11217806667709129
-0.1399696472521441
0.11516002949143034
0.6592875594412464
-0.6718820513366854
0.9624261514323733
0.590171004725135
-0.5186020326610239
0.5716176832572784
-0.12747521986474752
-0.31044119912159673
0.9864765007836589
0.031650248148319626
0.1501039819135288
-0.2570769643522628
0.8985289931004585
0.6473648816239808
0.9976156069964188
-0.21762554603354567
-0.25052811951314524
0.7300828007469855
-0.42205190655921965
-0.13538822513558002
0.9159075303149851
0.19567119056587012
-0.3867455788431666
0.4334731753689871
-0.14489060663298292
-0.6839362363237036
-0.2744641774385417
0.6412193589131798
-0.5439745765814437
0.49348278330251727
0.17059778977460982
-0.8950221991503873
-0.5518378990212482
0.054041001601460525
0.5778464247206008
0.5744213028074168
0.6447254798924698
0.44931512432748466
-0.6769463002014802
0.12934118151649554
0.41816634001323627
-0.031203580323220015
-0.9001875400052499
0.45699012389998384
0.84952416312104
-0.936715452582275
-0.7074643672022554
0.6526041428633451
-0.5880397409074061
-0.5120367831497135
0.16860465999984964
-0.9371453595892281
0.23737970437385014
0.5595120830721474
0.7732572239906434
-0.22229373504434768
0.2965050761293522
-0.42038573689854464
0.8808739783791739
0.5399523050816843
-0.9440536356489815
0.5233307210975082
-0.08054003820389877
0.7007911615099927
-0.43508113103783574
0.9964364911085104
-0.7525214560606737
-0.21678879080547753
0.23221106580008
0.2567597316454078
-0.5313565723478575
-0.6564835181114708
0.3223434652624264
-0.39447879659099194
-0.48477186126773164
0.6751371870868861
0.15853474973633808
0.857545630181475
-0.03092685406150597
-0.9423327967938158
-0.8235909416486553
-0.29180755222511956
-0.9523660482638443
-0.3811014968631832
-0.3420488927094274
0.5956817393991143
0.04709078971063896
-0.5145050035370393
0.8302216495315689
-0.05340301490860022
0.07917748900391075
0.05189629916645888
0.6606167329280783
0.5684010525390257
-0.5301212002303117
0.885323374856047
-0.9238649328937689
-0.42027414067204183
0.37424381735942314
-0.4960220383418634
-0.501670395994908
0.22868906014963253
-0.3455993825807133
0.08115559503889136
0.6424351269573492
-0.14241465507522788
-0.9402564980075061
0.4091247644717335
-0.7531721826539686
-0.757707749509448
-0.3118235893096808
0.14567563983019638
-0.8276511159161415
0.30630274001054003
-0.5554685871850797
-0.0272289948122153
-0.5068240485231239
-0.1222088394502614
-0.09052594635975364
0.8745288128203332
-0.8128799435140615
0.1099676107387848
0.08287197342198138
0.8103318486834499
-0.8807731445285927
-0.2598603128532986
-0.8163413559604245
0.6037683449539548
0.16559064673419677
0.43377170414709565
-0.014981657138895876
0.6768058879790786
0.36939510601658987
0.9064884538984757
-0.9625110998645356
0.7550015704029938
0.18826635920388646
-0.44279434687535235
0.1179418989413823
-0.9481010143190725
0.7216219034577431
0.8189733650182143
0.36317588063435413
-0.5833046081158901
0.11578883644737292
0.7023018344209604
0.011185986015604943
-0.34211060190040077
0.8577873685346737
-0.5795289453243264
-0.6815554008119984
-0.7584828532492751
0.39714455909648083
0.6096710964458272
0.7876951095080551
0.2629671193279388
-0.567539761669011
-0.3174972987024929
0.061951011019631075
0.003339059333724359
0.7731190095492642
0.4370378333435079
-0.43227732067152336
0.49429389234390353
-0.9192494341483843
-0.7366015443289418
0.5774016428877666
0.1362465847149925
0.1519724808751528
-0.6493601078034734
-0.1282182468497417
-0.3264123085565913
0.9966181431223144
-0.6332424845634721
0.06817164331007874
-0.08736529913848479
-0.7681826931381053
0.6062987743950015
0.37653054480928305
0.7995125123392279
-0.3852804755980008
0.9374168977214101
-0.8288815203672524
0.4414371628942204
-0.767030088079331
0.4587462513887981
-0.8537440705417334
-0.3288447511375001
-0.11476024799619333
0.5715714456895828
0.5236802402503342
0.2851304782686417
0.8161171844824255
0.47204331881471795
0.44888692143642017
0.8050783583042844
0.0022109374153675976
-0.43860916423258445
-0.7237332937895258
-0.8543987114344354
0.23533954310930572
0.41302326679899903
-0.49815407684575086
0.6900449516298202
0.8379279607469903
-0.04044173640589577
0.9727645999799481
0.14872178256537683
-0.7748844087924032
0.5854975491222449
0.8292605261846526
-0.4207729815464756
-0.26535537552956945
-0.08223589245835705
-0.0788954136871125
-0.6182511223893223
-0.8337798771277807
-0.25474422873622693
0.03690290106174521
0.7638668736256731
-0.39103446751334237
-0.25580664322947944
0.07780827436071447
0.1991017896250995
0.2281706754071593
-0.729242329256645
0.772018119039789
0.8302889781606326
0.03043941240513348
-0.12634355577687684
-0.1381419886102635
-0.16934445015535293
-0.6211220214475424
0.9587156128135466
-0.5697393181304604
0.7480607052671295
0.6374905941806386
-0.33584612023601523
-0.4585013542360925
-0.8661814124250329
-0.27893200377948757
-0.8044725481450774
0.3166119739737243
0.83501215158308
-0.8018358120030391
-0.1589439826706489
0.3620578855148482
-0.6418718108312702
0.34117327648657825
-0.11194933085845982
0.9724849071730612
-0.3638126074715382
0.1346831243766946
-0.41918107636081325
0.1322812008665426
0.017357055219724193
0.0105019709760521
-0.04179317675833372
-0.8494678398019235
0.34695839675448426
0.547677077256246
-0.16231018892468074
-0.825313061559565
-0.07841853411934951
-0.8405375125714061
0.44857039437814406
-0.9934910869920093
0.7163860886965678
-0.123463284502213
-0.6922240890620261
0.6823172056595384
0.994187841963476
-0.30183359863310355
0.6760437316818515
-0.17343451413305488
-0.06306972624406293
0.7528169926783861
0.3911110295817215
-0.3780325904047306
0.7560680312794246
0.2938615019469484
0.41027613014075537
-0.07391541293167325
-0.11891581372855953
-0.37157404353838275
-0.5576204769984747
-0.03790890666842661
-0.3050555786125906
0.9356238917845194
0.41581316916102673
0.8880710910076721
-0.8491529140143683
-0.18401591508204485
0.5970444130309946
0.36052132806856196
0.6526935532432849
0.9937300964638847
0.3737240431159716
-0.3631863817407597
0.3329620087595986
0.07198046950003589
-0.002942076347331124
0.46909796478888266
-0.2770601706035112
0.8992759442864813
-0.6736056308198153
0.3083627668835258
0.45682448186590685
-0.3978725166748449
0.6217680638789949
0.2642857400523875
-0.03154544639119061
0.4634863299149803
-0.9203080173821621
0.12921018287494168
0.28514843136414325
-0.9497318235018546
0.6881936273911784
0.692352203140993
0.24567881101497369
0.1490670958280942
0.0939491155779082
-0.8208501361650884
0.8136264465717791
-0.9234072679336207
-0.8973116173713971
-0.7458719146121657
-0.3249228744023982
0.6708721374280109
0.43872413568294566
0.09339507993454932
-0.05309493984231106
0.11388278176862898
-0.7730513785207564
0.4474985517842498
-0.5117475184909799
-0.7957997295052004
-0.6754793687920235
-0.3384314806941766
-0.7981179269906531
0.5664414975949146
0.22541153143976644
0.22945832497426588
-0.2870256758247218
-0.8306209192796457
0.2459030083250433
-0.37617287483016204
0.2080001418797821
0.7665473518443482
0.8439866999909327
0.6356984740330363
0.4660043279566113
0.03793565369092344
0.608181691508991
-0.8089799598239531
0.8492342472025234
-0.5934295697782617
-0.9294849664331228
-0.6459779165332065
0.7367121471499267
0.8819125270191777
0.7223165573135759
-0.19431089335071405
-0.7880534740148544
0.5219089692069458
-0.1099638879939373
0.9859850908809298
-0.07863943700790155
0.05222637250254136
-0.3766952727246424
0.345926686217203
-0.5280179378224517
-0.0966368658826704
-0.43500168431023645
0.29598881725126214
0.14811938001738212
0.4402655424246489
0.18885403948780866
0.3036080090216615
-0.7649993165455229
0.4241558794950775
0.47333566240691005
-0.6669551873964317
0.46627894133652936
0.30227190258959125
-0.12425968946195765
-0.5194590402393628
0.45116510294548595
0.6557161403818026
0.5549691814816793
0.26415076338390664
0.47680238592754387
0.4290961027306488
0.3550829119020191
-0.13697415285525905
-0.9121193894664457
0.29479037997891533
-0.8366233458749182
0.524702865256492
-0.9239261515524253
0.31862442620184117
0.3467263965636611
0.06575996021843844
0.27507827901090254
-0.6094503990550415
0.5670350966020745
0.9657091520023011
-0.43532223898531175
-0.8719392513124733
0.13942591958409856
0.1734596244031561
-0.8567481790108871
0.31640573573376973
0.9841022450971748
0.28656638287639313
-0.6425758461461604
0.8229947376773761
0.9614279851796699
-0.7987543801929418
0.9237824443067559
0.6775018199517058
-0.36119383314424414
-0.45539675673085966
0.4960769858652747
-0.2405640527519881
-0.23310527445028906
-0.7957556334326352
-0.27353926949699936
0.3241945345583317
0.6977577236370842
-0.6477201824034002
-0.7393015645203538
0.20464456308814216
0.9098015058858155
-0.7830973577032476
-0.8665194101317639
-0.37029107514182735
0.6876324526894508
0.49631273834689016
-0.13188690803545788
-0.05370633388513091
0.6873996149843034
0.9002279716189252
0.9450639444581135
-0.3953885728798796
0.9639124474232899
-0.40927106511829425
0.945676577393892
-0.40259554525835406
-0.5961678612959758
-0.41686594233942276
0.4097036132883731
-0.5794945447823052
0.5439044489574005
0.6758696981055745
-0.6572621037125908
0.6003757643811236
-0.20229762941887963
0.2052466732041538
-0.7543250221096007
-0.8566130437841053
0.5386009004542995
0.8002811160380616
0.19243606127509416
0.07459576925769085
0.47805774712430305
-0.4531474708215528
-0.9563222812659855
0.9124466749123585
-0.4169556574815978
0.061140961183107745
0.6544882449180638
0.47071085228453113
0.1618925371407247
0.6536604996402435
0.3273769538240614
-0.01883634604896134
-0.48486283253418194
-0.6614248796460407
-0.22719645593776305
-0.9287338582494991
-0.16200122077503498
-0.9961783184620745
0.5866761399814411
-0.9237413077298253
-0.8850011928680126
0.2297494695851101
0.16587475533525753
-0.6658329784207535
0.4886784661262089
-0.8513422724410049
0.22489781904207007
-0.5332925162689504
0.39503193708127693
0.776788927283274
-0.2547118192665254
-0.7842851918655376
-0.7919942209398834
-0.03620145889291737
0.8943003222140797
0.21872960153685383
0.7832948423737494
0.832218935527989
0.974838225947384
0.46729502156708524
-0.9761892743806377
-0.4822433122444001
0.3647946904350998
-0.9647688045587139
0.7567464794309937
0.21913671203042817
0.8083212869661622
0.3362455214756348
0.6556720141080865
0.8421185363495607
-0.20752509798401175
0.8418988666127281
-0.32394726161239773
0.7617480619249049
0.9797962687326838
0.2732416176665524
0.3296986392675314
0.19958625989821632
0.3796526954132122
0.17340752979577512
0.9381634383168087
0.3562286637136727
-0.9408258227941424
-0.314712699730072
0.7344879850103332
-0.9363451447107489
-0.2808596361123512
0.5930327320729869
-0.4539970031093925
0.6744893322666627
0.6429455703349356
0.6899174591894335
-0.8274207053796245
0.5231243170057973
0.6477782310971274
0.19339106555440888
0.39727232558571846
-0.23498383233531062
0.3789539374297688
0.007152864825747951
-0.21784365446749532
-0.2770829854126031
0.3113906525044874
0.9025639688234695
-0.08776637369044393
-0.12713556045299024
-0.9946925431644096
-0.7924884253871556
0.007304532388394014
0.46911235796683015
0.8010695943655128
-0.2558528217990381
0.3212833722015578
-0.9833469129278836
-0.5305404302671337
0.5350572525509891
0.6201048087670811
0.20675012329991027
-0.014030742131994067
-0.9609107779406125
-0.5768379531170402
-0.7941911149558347
-0.8953683177778868
-0.6232431541368759
-0.726048490677889
-0.8453940710861687
-0.06754067022757893
-0.6459465883163762
-0.8218185349658556
-0.5440227301298668
0.3780341671270737
0.08457264868404346
0.841462830333972
-0.10612455016314781
0.0785062877607019
-0.5044080108909241
-0.022577907430279875
-0.12992093966099683
0.24831123293722568
0.8942180946748544
0.030856364258296853
0.5389119939563798
0.25631826769103094
0.19724214717077637
-0.8957254096905762
-0.35087338400381984
-0.5592180778206282
0.26677433757570945
-0.12135621483373438
0.8645417851102459
-0.7639892444977563
0.4322021226542292
-0.5191355929534036
-0.058324983204185
-0.1571474668857531
-0.04521791550658261
0.8516364016018136
-0.0016391874430781161
0.8810766216354307
0.08480850877497859
-0.2512377736006124
-0.7595229839860171
0.00576019527167948
0.1083477463764233
0.8885606824843904
0.022247747259695583
-0.7629142656772321
0.13271872264133355
0.3835267025620641
0.3927442633946725
0.1116866701159196
0.2543045608274066
0.11166257219273623
-0.26142474900503987
-0.6285341250384799
0.6198704344935728
0.4983078751368042
-0.10022689331103063
0.40782485375056554
-0.44162099410130673
0.5077142383303623
-0.7687794153070395
-0.3447109051331667
-0.4438015797949624
-0.6282771386096748
0.4748572255680612
0.7736828048830897
0.21552434725249436
-0.37199824550762695
0.5329436117077366
-0.5439074470128187
-0.5478151278033472
0.8975780525571333
0.8106163402399571
0.8560818610232246
0.8809983997885522
0.3571974324069189
-0.7509922840920207
0.3129027001783866
0.49484151109510566
0.14053548193057397
-0.4879945192786619
0.2746264825525937
0.36659959560348265
0.20541365624387664
-0.7027882360348359
-0.7836722831940879
-0.8974201279640703
0.42846890916787705
0.6248299834808939
0.39523302534287397
-0.9892214858790065
-0.9927773836031057
0.7230258593144756
-0.9421246965978565
0.6200776974645557
-0.8077833151137672
0.5063805498074345
0.28262024704863165
-0.8183026619359302
0.5185270037988832
-0.7762150138001784
-0.08679492961139723
-0.4058246239288201
0.9400865396949438
0.5452644270357063
-0.0662698570697664
0.07805151046236913
0.48291804840419794
0.7791078825925832
-0.9170187573232471
-0.8322870223695413
0.7757355258134306
0.17780494793079904
0.884210026286887
-0.21705089105501174
-0.48656371046462943
0.10798551895286579
0.4092342066410739
0.8691821697601665
-0.989095310659935
-0.3736974555424861
0.9906658403351052
0.22318342781107803
-0.9240446812129026
0.25503207759588653
-0.6316087790707912
-0.5713752284187961
-0.5943544472536031
-0.5972147712183853
0.8834518084468055
-0.8223190189434477
-0.8873451741936544
-0.35541341353259526
0.0677081512376505
-0.6991768830128244
0.0350278585659165
0.6231187108009242
0.9460859265656725
-0.7200588081855144
-0.856056087506728
0.9384624788135483
0.47904861058552073
0.03090527945305488
0.9405302137640847
0.6992833228355297
-0.4589113357595205
0.7481660279921167
-0.03686227813839782
0.12949480076736997
0.3933038754746234
0.6520714726925296
0.9305616244840687
-0.028587299477040418
0.8374811933275295
0.8085249881919117
0.4844159075223651
-0.30836398048854274
-0.15480448498388344
-0.2794790517326564
0.7835898439063831
0.13563323767347035
-0.5390954991091179
0.5302002008512949
0.014644071452086127
-0.2864283521111852
-0.162135332275414
0.12836797807648326
-0.07396377396363762
0.6388103729998564
-0.2232330409229677
0.4556565500322789
-0.34735854216840845
0.9859140830596884
-0.24984751178789355
0.23352126261227202
0.8395051259461537
0.2772373448965961
0.5882628505397587
-0.991899586810288
0.3171557319919025
0.25403967514756376
-0.619360986108138
0.2874443256421957
-0.36237493536838206
0.44269240093460116
0.6659215211476242
0.296808761621713
0.5317685699402588
-0.4990262015900446
-0.5053503910981278
-0.6962837767364569
-0.7694539661351789
0.9939988709525653
0.4721339734222463
-0.12196914872969011
0.752611093985494
0.637800156074652
-0.25637622439889496
-0.715758576287463
-0.6148608289758724
-0.00776561678479637
-0.818649713576802
0.5892883654862084
-0.5798746454546573
-0.726291832968111
0.24141975404103033
0.7381480478957503
-0.67503623673952
-0.39222379039991573
-0.04758660868084097
0.678874229954848
0.9052561645422785
0.5703787030096563
-0.5131426313697782
-0.707544628919631
-0.8777248673778657
0.3329823638238454
-0.9550082264252795
0.19080983219713965
0.6673911095812324
-0.2645700760155858
-0.6432424306216706
0.6695412142060668
0.36480994407997946
0.16543440674499799
-0.3887533753765513
0.9030451163626825
-0.8663606257366665
0.15212870037672865
0.4250023632512323
0.6582574722926537
0.23037439872243803
-0.1868506635553948
-0.3068462110658252
0.08078334679640564
-0.7044323337501432
0.16562335067979972
-0.5043131468404121
0.4379205657238552
-0.9527043934757427
-0.7495338509839686
0.8138832751267095
0.3451569889985111
0.23329511347498455
0.8110707177007663
0.9823394765667892
-0.19286619241661507
0.1872399143609591
-0.33625392137342747
0.686289156204682
0.3342217438627151
-0.18577388774412817
0.25210787035827
0.019612910701929165
0.8893249055437393
-0.7087610351934621
-0.23101011850001463
-0.6587319168126433
0.1300124875696469
0.19147419738519367
0.5122983337810421
0.42071967983104086
0.0819417628969592
0.27580595345258563
-0.6218963452297264
-0.895788010003463
-0.013990000364764388
0.06165603967621136
0.7538013194964135
-0.3364376370403517
-0.9482142215979199
-0.3172453813488574
0.8343859500345516
-0.8963471233697178
0.15986972110707653
0.6534161512741203
0.3202185997118048
-0.1962343267614024
-0.30854302703679903
-0.19450835079560047
0.3379843995081253
0.5906854564083419
-0.9260133973566569
0.17655917615067174
0.6449258416818662
-0.5678665141184536
0.02879268829460635
-0.2595234864049414
-0.4785955363599612
0.8464104973028546
0.2928133451392514
0.00021158686944566796
0.833865021573543
-0.3335456502267111
-0.14077927989511574
-0.5360491298168164
-0.8507297964596845
-0.8382160327039971
-0.48894561470854025
-0.3804135205637511
-0.15803390663630035
0.497774066994793
0.411759048087623
-0.9177988546594142
-0.002247635390981051
-0.3634573780284929
0.9677248223047972
-0.5625541459950454
0.8010367130642797
0.367467085328683
-0.5929616291551871
0.28164109887458344
-0.7764402733414326
-0.34200018697222023
-0.6572333132150319
0.6228748459881825
-0.7224934427727101
0.11573185580251777
-0.00848422268682314
0.6184406349524956
-0.3126391658920933
-0.4306926159674247
-0.4612590093316542
-0.35189095161443107
0.9531180822790484
-0.4612879624029471
-0.8414799834313185
-0.7761253876307861
-0.8400337902490267
-0.9622309125728719
-0.8916760798316286
0.6164511864213214
0.5591922631904438
-0.8508467372936248
-0.5556628806304902
-0.7023302359410142
0.28182192473258394
0.14867872378013747
-0.06221583947881837
-0.9649703975044375
0.15015581055076876
0.5873881421965885
0.15055147533781765
-0.7595621059686748
-0.6447271507841441
-0.8002746442149069
-0.30264097719857674
0.720033572846835
-0.7162737667146146
0.7818018502514676
-0.1280273388635318
-0.44255317582136966
0.5505400019118718
-0.4714320134944219
0.042787151581026306
-0.12278236325829406
0.6929309377287343
-0.21389275413270603
-0.8632570155348873
-0.7152322324158729
-0.3577096308907599
0.21029447960503078
-0.5985044214831214
-0.5866102381822764
0.9354205314243127
-0.30247675600041024
0.28033919130237717
-0.034930310726610125
0.3506464258441042
-0.8405784124198727
-0.2762244822182547
-0.7364397065145474
-0.7685439674164984
-0.12776599386819254
0.8138447672605598
-0.8824219898779448
-0.1862754561714699
-0.3090960146333199
0.579317919188028
0.03548390485984165
0.8627223319803403