2.20246053
-0
-0.000413328205
-7.65503682e-06
3.78334999
2.82101488
6.27487326
-0
-0.13237752
-0
-5.09822712e-06
0.0457676835
-0
-7.18027025e-07
2.37878871
0.549267828
-5.99869327e-06
1.31860268
4.95088673
-0
4.89310741
3.16815853
-0.0130758835
-0
7.31540918
-0.0112143178
-0
-0
5.55990982
1.57897639
4.91405201
3.67540717
0.416694969
7.56985235
-0.0504433848
0.663926482
5.27047443
1.84141004
5.7873106
1.10384023
3.27170491
-0
-1.1677339e-05
-0.00101452006
-0
-1.77107177e-05
-0
-0.000500343682
2.13870072
-0.0328152329
-0.0390841477
-2.0777677e-06
-0.000240672132
6.98647356
2.34779882
1.67545509
-1.56813314e-07
3.66571498
-1.60502196e-07
-0.0518133901
7.83237362
2.21219063
0.74606055
2.94962096
5.48563051
4.41598988
-1.27907952e-05
-0
-0.00422139233
-0.000253617007
-2.4806543e-06
7.08655548
6.02188206
-0.00406079646
2.47143531
-0.0794207081
6.63276148
-0.168028414
-0.000208083351
-5.41262052e-05
0.821620107
-0.000179090508
1.23408878
6.36516619
-0.0866850615
-5.48737034e-06
7.96060181
0.0854426697
-0
-0
-0
1.99702132
4.67326784
-0.13284345
-0
-0.0551224649
7.93794203
0.316439241
7.53725386
5.77247524
-0
3.53100538
2.90250945
0.427591622
-0.000238161301
2.22850895
-0
-0.154955983
-0.170009315
7.26105499
6.01364708
-0.000187514976
0.00472398847
-1.53230729e-07
6.60204554
5.92829704
-0.00171400816
2.19434881
1.67259407
-0
4.20014668
0.463483006
4.45801735
0.333338499
-0
-0.00643045781
-0
6.8655777
6.05954981
5.30664825
-0.00280860299
-0
6.0481534
7.15119123
-0
-0.0921990797
-0
4.1696043
4.25333118
-0
-0.136940315
0.627229571
-0.000210727929
5.95892859
-0.134743646
-2.6110813e-06
0.462233961
3.67859983
-8.55013639e-07
-0.00349462288
7.92238951
2.37868214
-0.159593269
0.171742618
-0
-8.79539402e-06
-0.0119455941
1.30131626
-1.40273542e-05
-5.87007298e-06
-0
2.0601387
-1.26665609e-05
6.48672009
5.7541666
-0
-2.71096214e-05
2.69484639
-3.40656288e-06
-0
6.96822786
0.991184652
-0.144727305
4.55390692
4.91995144
-4.42872135e-07
-0
-0.149088338
-0.135592639
-0.157715097
3.66489887
2.76661825
7.74664354
-0
-0.0930757001
-0.0125708058
5.78676081
-6.32808005e-05
-4.43159706e-07
-0.169038475
-0.132298812
-0.000519013731
-6.91949244e-05
6.7722497
-0.165210485
5.78158569
0.635743916
-0
7.98851967
5.37644148
7.50394011
6.82187176
5.5791316
-1.5911526e-07
-0.0939989313
-3.13940632e-06
-0.0899201035
-0
-0.0510930717
7.76494169
-0.000212835788
4.54512596
-0.169807628
-0.134491429
7.31708241
7.92676306
0.726106644
3.49390292
-0
-0.00155380741
7.49935007
1.13667822
0.506429195
3.96752715
-0
1.22671807
0.0236325413
5.64351845
-0
7.37246227
-0
-2.99620666e-07
1.42275238
2.79677773
-2.15912514e-05
-0
6.24459696
-5.2399042e-05
1.41344726
1.85652792
-0.127025887
1.21760035
0.234115869
6.95530033
-1.26918189e-06
3.45834589
-2.86589748e-05
-0.0797123313
2.73925543
-0.00186922902
-0.00437627872
4.02977085
-0
-0.168405712
7.97527122
7.93754339
-0
-3.00913098e-06
-0.000212838175
6.93214989
6.09382677
6.06832409
-0.0382761247
-0
5.33991909
3.25510693
1.72068894
7.79572916
2.44710493
-0
5.0736661
-0.00180593866
2.60299706
7.02288008
-0
-0
-0
0.683525681
-0.000346283545
1.5987283
3.48113346
-1.13068654e-06
2.11395788
-0.000195484143
-0.0783886686
6.48538399
5.53765965
-0
-0.135587156
-0.000460237527
-0
4.33789492
2.16308904
-0.000169354797
3.85955977
0.657984674
-0.14324896
-0
-0
6.12970209
6.46285725
0.55951947
5.35352039
1.19662941
-0
-0
-0.00292080804
6.38370371
4.73795605
5.77124119
6.38279438
-2.21194045e-06
-6.77188073e-05
-0
4.48185396
6.14615536
-0.100688756
1.87894607
-0
6.8780961
5.83369112
7.61929655
4.97234726
6.10265923
-0
3.78484344
-0.00926321931
6.89305401
4.83576155
5.8250246
4.97198868
-0.000237847606
4.59798908
-0
5.95466852
5.73749208
-7.14711177e-06
5.06538582
-0.166871771
-0.0024820806
4.72552681
-1.13006563e-05
-0
-4.38981374e-07
-0.00777138164
5.82964706
7.47022581
-0.000538508408
2.23731852
-0.0872303769
7.69839478
0.416514218
7.02779436
-0
7.52640963
-1.53270804e-07
7.40054893
-0.000216846805
-0
-0.154655516
3.65639472
-0.00386131788
1.62337124
0.104636759
-0.060864836
1.09013665
-0.000100232515
3.33943391
-0
6.80920267
0.449575126
3.51028967
3.87107348
2.72188473
-0.0321483687
-0
2.61698055
-0.00848112442
-0.00390802091
5.56824446
3.51548982
-0.00190332311
-0.0030818712
-0.104822762
-0.0926328152
-0.00146324432
-0
-0.129465669
7.04581881
2.83108807
6.44488859
1.7885412
-0.00197051978
0.596999764
-0
-0.000874230522
-0.147120401
1.15114927
2.45924449
-0.16117841
-0.164270043
-3.13990972e-06
-0.143283054
6.41889334
4.73639536
-1.57503422e-07
-0
0.147753596
2.09172249
-0.0105585037
5.0947752
4.01814604
2.75732541
-8.79720483e-06
-7.17330124e-07
-0
-4.7085734e-05
-0.137406722
5.59580326
-0
-0.117289849
2.03709507
-5.82818529e-07
3.13938427
-0.0417580791
-4.39479845e-05
2.48172712
-0
4.01536608
4.32072496
-0
-0.138572305
-1.54549269e-07
7.32745647
0.176147014
-0
-6.60145524e-05
5.57338142
-0.169347018
4.82266521
2.67188334
7.80627918
1.43027472
7.20063353
6.262815
1.737957
3.50778699
0.0405547358
5.28910685
0.595949292
6.35532951
3.89837408
-0.138857603
-0.000138939969
-5.67675015e-05
2.17242885
4.25299931
0.21584712
1.9849391
-0.000401761412
-0
-0.000813397462
-0.000331898045
-0.0052035423
0.47517103
-0
-1.55054859e-05
3.10059834
3.30140781
-0
-0.103192173
0.512858152
-0.120024785
-1.67750716e-06
-0.128863037
6.47741556
1.22494638
3.12597919
5.70771265
4.24949312
-0.0532133542
-0
-0.0206073541
4.05554819
5.6551671
7.2548852
-0.12661685
3.96016598
0.568120956
1.57049727
-6.1298465e-06
-5.48539811e-06
-0.156515568
-0
-0.0109939184
2.86077046
-0.0964941382
-1.59719121e-07
-0.15702714
-0
1.9068265
-0
-0.0763961002
0.874082923
-0
2.25877357
-0
-0.165495738
-0
-0.0512877218
-2.61233072e-06
-0.00728466408
4.17964602
-0.0513210073
4.03209686
5.31078863
-8.33970553e-05
-0
-0
0.464085966
7.99852514
-0.0192476846
2.3831346
4.49972343
2.41005731
4.06768084
7.19378757
-7.1678005e-07
-0
-0
-0
2.70273018
0.866721451
-4.84145949e-06
3.18951368
4.27035141
-1.58410487e-07
1.64190519
3.96672821
-0
5.10881901
7.43553257
-0
-0
-0.00353794242
2.83156562
7.33076525
-0.0813662857
3.43945813
-0
3.04673243
1.9934957
-0
4.35968256
5.60469198
1.5195322
-0
7.74150944
4.52216101
-0.017300643
-0.144483894
-0.0395715795
0.0513095483
-0.0136155784
5.59321022
5.15729475
-0
7.37260103
2.13700294
5.25931692
3.31570554
-0.156014502
3.7404964
7.44757986
-0.000297435035
4.93118715
0.445410997
-0.104528219
-0.156140596
3.69614363
-0.000265271141
5.62741041
5.29169607
-0
6.10609913
-4.36023511e-05
-0.161605939
1.69680035
-0.051117111
-0
5.61524534
-1.5171058e-07
-2.74543913e-06
4.76531696
-0.0131237749
6.08511972
3.21718979
-0.000448070525
-0
7.1690011
-0
3.52062798
-0.078127034
4.13059759
3.04665041
2.31196141
-0.0648561269
4.68692398
-0
-6.63765923e-06
3.06568074
-0.00262041832
1.17943442
-0.143071055
0.341169596
-0.139242575
3.93487191
-0.00870808959
3.24408627
-0.000314598408
-7.81178387e-05
-0
-4.39761664e-07
-0
0.411378205
4.19500685
-3.00264503e-07
-4.19238859e-06
-0.101181559
3.59293604
7.62571239
0.257509112
-0.000687379681
-0
-5.83424423e-07
-1.11753698e-05
-1.52854184e-07
-0
0.386397839
-0.000394307746
7.58871889
0.685775876
3.15652299
-0
5.89537907
-0.0645036846
5.96351576
1.04498029
-0.152880028
-0.162462667
-3.01014268e-07
-0
7.05701733
-0.128568232
5.15385056
-0.0892601907
-0
2.03158045
-0
-0
0.847079873
-0.00230731466
7.90268993
-0
4.2310729
1.62531376
4.6518507
-9.5485866e-06
0.231502548
-0.16971609
-0.164822549
5.7626667
7.84050035
-0.00250741537
1.88534474
1.6843462
3.84128237
7.16144323
-1.81138864e-06
-2.4802905e-06
2.55413747
-0
-1.55537819e-07
-0
-0
-0.169713289
1.40067577
-0.00113360782
-1.57491795e-05
3.31003499
3.24622011
-0.169978186
2.99449992
6.78257656
4.60524559
1.95560575
2.56661057
6.93869543
-0.138558701
0.54330039
2.34107327
6.53458309
5.22609854
-0
-1.59300427e-07
-0.00282314024
3.98324752
0.95865649
-0.000968470296
-0
3.0154233
3.1938417
7.08281994
0.00380018656
-0.0457128212
-0
-0
-0.150696829
-0.00589753035
-7.22535478e-05
-0
7.39057779
5.3753376
1.06526423
7.21258068
7.99315882
2.74892378
-0.000286194467
-0
4.10025835
-0.150326699
2.40596247
6.65716457
-1.51877813e-07
1.24751282
2.12331676
-0.0592220426
-0
-0.0178193841
-0.00973131787
2.71378088
5.72372961
-0.00833171234
3.09614158
-0.000945831358
7.12309647
5.01705599
0.632008195
-0.169847861
-0.00402814429
-0.00616929494
7.52295542
-0.0962073952
0.138331592
7.80990744
2.50831914
0.512586534
-0.11483328
-2.97944496e-07
-0.0295797084
4.10304785
1.96169829
4.15981674
-1.13083559e-06
0.617732346
6.84276438
-0.159613937
3.16994119
-0
7.57034922
1.67084038
-3.0207977e-05
-0
0.644153833
0.667409003
-0
7.87611437
6.60687828
-0.16576229
-0
5.314291
-0.0127264746
3.46494865
0.0789879411
-0.00037187172
5.35558319
7.68391418
-4.3136115e-05
0.651148856
-0.0582389124
6.74989033
0.0728428215
6.06922007
5.82443094
-0.000447472761
4.64009666
-0.118319817
6.94797421
0.0680003837
5.12879181
-0.000680533471
-0.00172468647
1.27655232
7.98243713
-0.0719667003
-0
0.451497197
-0.0159371197
0.661892653
0.52557832
-0.169723347
-0.00574681815
-2.96924242e-07
3.15782905
1.00459051
-1.88030044e-05
4.40870285
-0
3.91517782
3.28225517
4.98254204
-0.0623344705
2.60794163
5.13196087
7.69309044
-0.0351442732
-0
0.018865196
1.33512557
5.915205
5.98704576
-0.162277982
0.27445361
-0.169145495
3.55861425
-0.108089209
2.46050382
-0
-0.152670979
7.50725794
-0.0121868579
3.08049726
2.37798905
5.62824488
5.63746119
5.749475
-0.0526484251
-0.00448251562
3.49886131
4.15039492
5.95812845
-0
-0
2.06113791
6.73486567
7.95881462
3.94817233
-0.153759688
-0
2.10556102
5.96126795
-0.165708333
3.10142708
6.45478487
-0
4.7382946
-0.00128246553
-0.0451837443
-0
0.344553232
0.900936127
4.68030977
-1.57364056e-07
-0
5.93343353
1.86229193
-3.4108627e-05
6.60526419
-0
-0.166068181
-9.47886947e-05
-0.000104769046
-0
4.87412882
6.41935062
2.83585763
-0
-0.163830489
-0.0162192956
1.28800333
2.19416523
-0.136988938
-7.07824947e-05
5.52486277
-7.17122589e-07
-0.0600382984
-0.105882578
-2.54379465e-05
1.00681436
1.05833995
7.88307285
-0.00142810575
7.64711189
2.51775718
-0.000398743985
0.900952756
2.96882749
3.9145968
-0
1.62689984
-0.0250883382
6.46648455
-0.00083681033
4.78176117
1.63865042
-0.0210472811
2.15463805
1.88296342
2.83835793
3.53431702
2.53351808
5.41339397
2.01089621
6.45445919
2.31932592
-0.00302587566
-0.162858725
1.1437552
3.71750426
-0
-0.00141829567
3.95960903
-1.54666864e-07
-0
0.463915855
7.54383326
0.340208292
6.6157918
5.28756189
-0.00011820341
5.19503689
-0.112035036
4.90381527
3.94485855
-0.0122658275
-0
7.40629292
-0
7.46400356
5.76224947
3.58703327
7.67907572
7.47631598
4.87340164
-0.0338642858
4.65090895
-0
0.421738565
-0.169856131
2.75785971
2.74989176
1.23362124
5.15867662
7.0446701
-0
-1.9292389e-05
-0
6.14775753
0.822297394
6.64409447
-6.51026085e-06
-0
5.18168545
6.55020237
-0.00210963003
-0.104623176
-0
7.1401844
-0.00237422809
-0.0534605309
-0
6.19614887
-0
-0.170015648
2.71955562
3.89012456
7.13558531
-0.12682879
3.87617922
-0
-0.118200988
-0
-0.073689647
-0.104253173
7.22434425
-0
-0.0395202562
-0.165442795
7.20888281
5.68720293
-0
2.96689582
0.541783869
7.64548063
-0.0265353825
-0.0842266828
-2.95821621e-07
-0
5.56853104
-0.169869944
2.59277773
2.2410903
1.46079242
-0
4.58871078
-4.25520047e-05
-0
0.877327383
-0
4.24249697
-1.67565895e-06
-3.92790344e-06
5.9151268
-0.00787702389