0.902983963
0.00050028722
0.0266091395
0.0117901815
0.977763653
0.944127619
0.998120487
0.00134639302
0.222829849
0.000540084729
0.0109674828
0.521408081
0.000512639643
0.00801337324
0.916686177
0.672400773
0.0112847956
0.806628644
0.992972612
0.000372083567
0.992557764
0.959698439
0.0720249936
0.0040204688
0.999335229
0.0682118535
0.00147729146
0.00157403445
0.996165633
0.840186536
0.992710829
0.975294352
0.6409868
0.99948442
0.125269324
0.696914971
0.994885147
0.869474053
0.996943176
0.775151968
0.963496149
0.000697848853
0.0126967942
0.0332529731
0.00120108458
0.0137164807
0.00168554916
0.0278569013
0.897610366
0.103151776
0.111342132
0.00949088018
0.023468338
0.999076486
0.91439873
0.851459682
0.00515930029
0.975060105
0.00456137164
0.126893103
0.99960345
0.903784156
0.713244855
0.950444102
0.995871246
0.988061786
0.012929488
0.000560345652
0.0496066436
0.0237497725
0.00971545186
0.999164462
0.997580767
0.0490251593
0.923226714
0.158438906
0.998685181
0.341105759
0.0227113497
0.0170575138
0.727483153
0.0219641607
0.794681013
0.998282552
0.166645274
0.0110866176
0.999651194
0.538031578
0.0014345774
0.000712414447
0.00193518726
0.884845316
0.99074477
0.223490432
0.000926141802
0.130778685
0.999643207
0.614396214
0.999467432
0.996897578
0.00040294652
0.97157222
0.948209345
0.643715024
0.0234124362
0.905114353
0.00199489878
0.260425925
0.322912157
0.999298096
0.997560859
0.0221877974
0.502344429
0.00581449363
0.998644292
0.997344077
0.0382399857
0.902312875
0.851134062
0.00385480886
0.985228539
0.652504086
0.988547444
0.619083166
0.000338431826
0.0565988459
0.000457913527
0.998957992
0.997669995
0.995065928
0.0439493135
0.000846801209
0.997643292
0.999216676
0.00131902215
0.4441953
0.00101424137
0.984777451
0.985982716
0.00261014374
0.402398318
0.689301848
0.0227740966
0.997424006
0.226217687
0.00984177366
0.652203143
0.975371122
0.00831303373
0.0468625873
0.999637604
0.916678369
0.270833343
0.569843709
0.00231984397
0.0120705534
0.0697438344
0.80422914
0.0131491171
0.0112450114
0.00104352133
0.890674353
0.0129078049
0.99847883
0.996840477
0.0010412595
0.0148920156
0.937241316
0.0102293603
0.00277864211
0.999059618
0.757071376
0.392393202
0.989583671
0.992753446
0.00700959424
0.00157943543
0.249144331
0.22745426
0.3710756
0.975040317
0.941245317
0.999568045
0.00161740428
0.173925281
0.071017839
0.996941507
0.0176103935
0.00698724389
0.305300415
0.222718537
0.0281056128
0.017931588
0.998856187
0.287018657
0.996925652
0.691086829
0.000753079308
0.99966073
0.995397031
0.999449432
0.9989115
0.996238351
0.00477762707
0.44281581
0.0101503655
0.170320809
0.000856470899
0.126040578
0.999575794
0.0228263009
0.989492774
0.32742247
0.225852549
0.999336302
0.999639153
0.709363163
0.970531762
0.00397696812
0.0372308902
0.999446809
0.780209005
0.662649333
0.981432617
0.000836576452
0.793612778
0.511399567
0.99647212
0.00414757105
0.999372065
0.00120723294
0.006517014
0.820621192
0.942859292
0.0142487111
0.00227882434
0.998062789
0.0169472937
0.819402754
0.871030867
0.215446636
0.792285442
0.590134978
0.999047339
0.0087331906
0.969500422
0.0150527917
0.158767596
0.939746141
0.0391639657
0.0501557402
0.982533216
0.00106969639
0.339072198
0.9996562
0.999643087
0.00108203571
0.0100554824
0.0228253584
0.999025106
0.997748315
0.99769032
0.110311165
0.00416837959
0.995226622
0.96291101
0.856539965
0.999588668
0.921551824
0.000380048994
0.99377948
0.0387933739
0.931771159
0.999109566
0.00286778831
0.00212227646
0.00185609155
0.700898111
0.025520321
0.842543662
0.970165312
0.00864198804
0.895463705
0.022395229
0.454255641
0.998476803
0.996079743
0.00146677042
0.227446273
0.0273019318
0.000354918011
0.987104654
0.899692595
0.0216955058
0.979360521
0.695696235
0.239211157
0.000391440757
0.00111688045
0.99782747
0.998442113
0.674683392
0.995290875
0.78920722
0.00357396435
0.00257103681
0.0444523692
0.998314023
0.991319478
0.996893764
0.998312473
0.00957692787
0.0178537965
0.00173449679
0.988814175
0.997862875
0.182729706
0.873314083
0.00396156451
0.998970985
0.99708122
0.999509335
0.99312073
0.997768044
0.000498495006
0.977796018
0.0638623461
0.998986185
0.992121935
0.997056007
0.993118286
0.0234053135
0.990028441
0.00188776874
0.99741298
0.996787548
0.0116462028
0.993728161
0.346344113
0.0424136259
0.991211832
0.0126362061
0.000489630969
0.00731908716
0.0602105297
0.997069538
0.999430478
0.0283601526
0.90582639
0.167263657
0.999546587
0.640941203
0.999113858
0.00211933372
0.999461591
0.00580672594
0.99938941
0.0229204576
0.00189704483
0.259805471
0.974832714
0.0482841544
0.845448732
0.545565486
0.137421533
0.773013949
0.0193705671
0.965794504
0.00034454561
0.998897672
0.649133384
0.970995724
0.979591787
0.938777089
0.102251314
0.00102665788
0.932629645
0.0619892962
0.0484596901
0.996197343
0.971141517
0.0393602252
0.045155108
0.187595025
0.173418075
0.0366318822
0.00256457389
0.218768314
0.999129713
0.944647312
0.99841392
0.863920212
0.0397416726
0.682870567
0.000337534584
0.032003589
0.245679483
0.782408297
0.922391236
0.363503754
0.283850074
0.0101429913
0.394360125
0.998372257
0.991306007
0.00504179811
0.00130106346
0.561495125
0.893504977
0.0667955428
0.993908644
0.982332647
0.94073993
0.0120597426
0.00805063546
0.000495625718
0.0165852122
0.401836544
0.99630034
0.00107458211
0.202790529
0.888572872
0.00747241825
0.958579183
0.477523863
0.0163627602
0.923926234
0.00036644956
0.982284307
0.986884236
0.00184283906
0.231891602
0.00556425191
0.999343216
0.571340859
0.000748638005
0.0177610386
0.996216714
0.332564086
0.992018878
0.935910702
0.99959296
0.821601748
0.999254405
0.998097718
0.858445346
0.970925391
0.519103408
0.994979084
0.682644367
0.998265564
0.980130196
0.400061458
0.0207765419
0.017222533
0.900481284
0.985978186
0.584384143
0.883703172
0.0264307521
0.0011575789
0.0314211249
0.0252696127
0.0529177599
0.655303776
0.00306079513
0.0133893471
0.957024395
0.964521587
0.000936580414
0.185667694
0.664135456
0.206261024
0.00909719802
0.217941359
0.998464584
0.793355346
0.958047926
0.99669075
0.985929668
0.128542945
0.000368514244
0.0853439048
0.982969999
0.99651283
0.999293804
0.214896441
0.981298089
0.676583946
0.83916676
0.0113023194
0.0111043258
0.263739049
0.000533454528
0.0677404851
0.9461537
0.177857175
0.00468224473
0.372441351
0.0025785265
0.876111507
0.000516180997
0.155030861
0.736968637
0.000517301494
0.907542706
0.00293295295
0.351415068
0.000749431434
0.126271188
0.0098202955
0.0589411072