0.871804774
0
0
0
1
0.971198618
1
0
0.291791528
0
0
0.514280736
0
0
0.89969182
0.61984396
0
0.738041818
1
0
1
1
0.0740013942
0
1
0.0642521381
0
0
1
0.776602745
1
1
0.596608222
1
0.176091671
0.638775051
1
0.816052675
1
0.706272364
1
0
0
0
0
0
0
0
0.861825168
0.139552474
0.15381591
0
0
1
0.894761086
0.791016042
0
1
0
0.178547844
1
0.873332679
0.651865959
0.992304623
1
1
0
0
0.00787480641
0
0
1
1
0.00580767775
0.914503098
0.221685067
1
0.390271574
0
0
0.663648367
0
0.725562632
1
0.231734678
0
1
0.52540344
0
0
0
0.839856148
1
0.292426586
0
0.18431811
1
0.577638268
1
1
0
1
0.984560966
0.598587573
0
0.875898123
0
0.326040655
0.37659654
1
1
0
0.501562953
0
1
1
0
0.870532036
0.790587246
0
1
0.605010748
1
0.580943108
0
0.0310828295
0
1
1
1
0
0
1
1
0
0.462641239
0
1
1
0
0.434086323
0.632809579
0
1
0.295034498
0
0.604789555
1
0
0
1
0.899674833
0.334933549
0.54686892
0
0
0.0682281628
0.735489905
0
0
0
0.849607944
0
1
1
0
0
0.950607479
0
0
1
0.689448297
0.427122742
1
1
0
0
0.316136479
0.296209663
0.412065774
1
0.962305486
1
0
0.240323424
0.0714735985
1
0
0
0.362969488
0.291684359
0
0
1
0.348348647
1
0.634200811
0
1
1
1
1
1
0
0.461709648
0
0.236107454
0
0.177261651
1
0
1
0.380022317
0.294686645
1
1
0.648715556
1
0
0
1
0.711147487
0.612520516
1
0
0.724473536
0.507601023
1
0
1
0
0
0.753426969
0.967233479
0
0
1
0
0.752051055
0.818350732
0.284599781
0.723126113
0.560753882
1
0
1
0
0.222095594
0.957840621
0
0.00980583858
1
0
0.388761401
1
1
0
0
0
1
1
1
0.152072236
0
1
1
0.797807395
1
0.910603523
0
1
0
0.935703278
1
0
0
0
0.641929686
0
0.779546201
1
0
0.857967854
0
0.469418287
1
1
0
0.296202064
0
0
1
0.865635693
0
1
0.637814462
0.307165116
0
0
1
1
0.621574104
1
0.720025539
0
0
0
1
1
1
1
0
0
0
1
1
0.250339717
0.821763992
0
1
1
1
1
1
0
1
0.0524945669
1
1
1
1
0
1
0
1
1
0
1
0.394141942
0
1
0
0
0
0.0420318842
1
1
0
0.877284706
0.232475698
1
0.59657532
1
0
1
0
1
0
0
0.325503349
1
0.00313949585
0.783223629
0.53046149
0.193854496
0.704234779
0
1
0
1
0.602538645
1
1
0.955009282
0.137923911
0
0.937967122
0.0472000837
0.00377504039
1
1
0
0
0.255714417
0.239734367
0
0
0.287856907
1
0.972847879
1
0.808039844
0
0.627832592
0
0
0.313035071
0.713292778
0.912548363
0.406635165
0.345759481
0
0.42849648
1
1
0
0
0.541205347
0.854508936
0.0605020113
1
1
0.960788429
0
0
0
0
0.433696896
1
0
0.271842688
0.846041024
0
1
0.485005766
0
0.916154683
0
1
1
0
0.300389856
0
1
0.547887325
0
0
1
0.383898169
1
0.946873963
1
0.75453949
1
1
0.800406218
1
0.512741745
1
0.627658546
1
1
0.432465166
0
0
0.867097199
1
0.556799471
0.837995827
0
0
0
0
0.0192255173
0.607072592
0
0
1
1
0
0.253598303
0.613629699
0.275397956
0
0.287049383
1
0.724211752
1
1
1
0.181016073
0
0.104690157
1
1
1
0.284056753
1
0.623019516
0.775340259
0
0
0.328895926
0
0.0630121231
0.977711678
0.244844452
0
0.4130404
0
0.826018572
0
0.217387363
0.671711922
0
0.880665779
0
0.397862524
0
0.177610293
0
0.0382554941
1
0.177669898
1
1
0
0
0
0.6051175
1
0.0998942479
0.900384247
1
0.90467912
1
1
0
0
0
0
0.95189029
0.670585573
0
1
1
0
0.785993338
1
0
1
1
0
0
0
0.97292614
1
0.224411845
1
0
1
0.83931303
0
1
1
0.76776433
0
1
1
0.0925433636
0.309008032
0.154855683
0.515895426
0.0766164884
1
1
0
1
0.861560285
1
1
0.327965707
1
1
0
1
0.601794422
0.455993325
0.328198642
1
0
1
1
0
1
0
0.405889243
0.794217885
0.177304804
0
1
0
0
1
0.0742369071
1
1
0
0
1
0
1
0.469540924
1
1
0.889074385
0.475523561
1
0
0
1
0
0.717481554
0.428694636
0.582458496
0.301343501
1
0.0487767868
1
0
0
0
0
0
0.595637262
1
0
0
0.457862884
1
1
0.565698326
0
0
0
0
0
0
0.591026902
0
1
0.642290592
1
0
1
0.475676537
1
0.69750458
0.418391854
0.341250151
0
0
1
0.440611154
1
0.235219836
0
0.845188558
0
0
0.66757226
0
1
0
1
0.783513725
1
0
0.560193419
0.368038565
0.347256035
1
1
0
0.822739542
0.7923491
1
1
0
0
0.927808344
0
0
0
0
0.368009895
0.750163138
0
0
1
1
0.377416849
0.999693096
1
1
0.833487988
0.929821491
1
0.300370574
0.618833005
0.893692672
1
1
0
0
0
1
0.684552133
0
0
1
1
1
0.501259148
0.4834539
0
0
0.31874311
0.026190877
0
0
1
1
0.700531006
1
1
0.959417522
0
0
1
0.421335548
0.904025316
1
0
0.727545679
0.859425843
0.477935463
0
0.0945628062
0.0554890633
0.953689396
1
0.0461430959
1
0
1
1
0.633590937
0.379535764
0.00537908077
0.0287301149
1
0.244466826
0.538923323
1
0.92042762
0.613582909
0.268660188
0
0.131411627
1
0.834423304
1
0
0.631252348
1
0.334976286
1
0
1
0.79032445
0
0
0.635570705
0.639337122
0
1
1
0.397194386
0
1
0.495668024
1
0.523658693
0
1
1
0
0.636706889
0.189562693
1
0.521975696
1
1
0
1
0.273179799
1
0.520633817
1
0
0
0.731833935
1
0.472374231
0
0.602881551
0.0869971886
0.63844645
0.615813494
0.38091898
0.024739584
0
1
0.691460371
0
1
0
1
1
1
0.196210012
0.936503589
1
1
0.487543076
0
0.506109715
0.740481138
1
1
0.340816587
0.5692029
0.385141522
1
0.259942979
0.912750244
0
0.418641597
1
0.0694966316
1
0.899564445
1
1
1
0.180025056
0.0110963983
1
1
1
0
0
0.849762738
1
1
1
0.323923916
0
0.856660843
1
0.349809498
1
1
0
1
0
0.166242912
0
0.583110154
0.675808191
1
0
0
1
0.819227695
0
1
0
0.396399766
0
0
0
1
1
0.973628998
0
0.344612747
0.0881749764
0.733524561
0.870503187
0.298157185
0
1
0
0.192515329
0.455221504
0
0.691793859
0.699498475
1
0
1
0.921946228
0
0.675810754
0.995465279
1
0
0.783750713
0.491272777
1
0
1
0.785506666
0.106189214
0.864314377
0.82237643
0.974038601
1
0.924484074
1
0.841994941
1
0.890241623
0
0.342195183
0.712196827
1
0
0
1
0
0
0.60508734
1
0.582273006
1
1
0
1
0.451594204
1
1
0.0699073449
0
1
0
1
1
1
1
1
1
0.142066792
1
0
0.597526133
0.37942943
0.96087569
0.959575474
0.72549361
1
1
0
0
0
1
0.663753033
1
0
0
1
1
0
0.255455613
0
1
0
0.480332345
0
1
0
0.376383334
0.954629898
1
1
0.284338027
1
0
0.273025423
0
0.471592098
0.254975706
1
0
0.154746577
0.349021554
1
1
0
0.995147407
0.618575633
1
0.12313024
0.22837238
0
0
1
0.379246324
0.934049904
0.877878606
0.759055912
0
1
0
0
0.672207892
0
1
0
0
1
0.0428254604
0
1
0
1
0
0
0
0
0.92948705
0
0
1
0
0.030057231
0
0
1
0.569561422
1
0.436655909
1
0.535301208
0
0.510236502
1
0
1
1
0.557203233
0.388113379
1
0
0.443951756
0.237645999
0.996259987
0.474050283
1
0
0
0.788793087
0
0
0.854871273
0.628950477
0.0338278599
1
0.581484914
0.376574427
0.781138122
0
1
1
0.902444422
1
1
0
0.370813131
0
0.0704843178
0.375997066
0.275972396
0
0.30470401
0.94028759
0.164802715
0
1
0
1
0
0
1
1
0.65032196
0.730573595
0.664230406
0.0457226038
0
0.109594859
0.940908015
1
1
1
1
0.767760277
0.104389824
0.707782745
0
0.917963505
0
0
1
0.146829486
1
0.697600067
1
1
1
1
0.802862108
0.880531132
0
1
1
0
0
1
0
0.0728657618
0
1
0.676856279
0.235424921
0
0.855125368
0
1
0
0.286219984
0.0757226124
0.153474927
1
1
0.680249512
0
0
0
0.814235151
0.9639166
0
0.931836545
0.461764544
0.345451146
0
1
0
0.31310302
0
0.975963354
0.464354008
0.945686817
0
0.220702395
0.764866531
0
0
0
0
0
0.0416596346
0
1
0
0.180553198
1
0.50069958
1
1
0
1
0
0
1
1
0.70202446
0.695732415
1
0.28051722
0
0
0.0327151604
1
0.815000713
1
1
0
1
0
0.736990154
0.563900113
0.222044528
0
0.0720354319
0.0548496656
0
0.527955413
0
0.526538849
1
0.0983340368
1
1
1
0
0
0
0.773063958
1
0.914690673
0
1
0.484312057
1
1
0.363747358
1
0.671978056
0.860795498
0.832058132
1
0.839246452
0
0
0.345888168
0
0
0
0.519565046
0
0.371770293
0
1
0
1
1
0.806689024
0.518847525
0.400564432
0.644843638
1
1
0.365956545
1
0.904899895
0.0240713749
0.435010761
0
0
0
1
0.0825007334
1
0.512130678
0
0
0.334022045
0.338458091
0.560661435
0
0.160938621
0
0.256718397
0.0689790621
0.761028945
1
0.892814338
0
0
0.975678265
0
1
0.917504251
1
1
0.0556321144
0.720638752
0
0.0995221138
1
1
0.211887956
0.753443241
1
0
0.171144828
1
1
0.953643739
1
1
0.994438469
0.570382237
0.889399529
0.29575032
0.13154161
0.133593798
0
0
1
0.463389128
0
0
0
1
0
1
1
1
0
0.064704977
1
0
0.171252981
0
1
1
1
0
0.333795756
0.262289613
0.970301151
0
0.351196557
0
1
0.363807917
0.590696394
0
1
0.417374939
1
0.1475759
1
1
0.39781329
0
0.184993163
0.573226094
1
1
1
0
0
0.87647742
1
0.645442009
0
1
1
0
1
0
1
0
0.333260149
1
0
0.369674653
0.0988935232
0
0
0.505352318
0
1
0.166433811
0
1
1
0.899895191
1
0
0
1
1
0
1
0.362937242
0
0
0
1
0.630144656
1
0.574057341
0
0
0
0
0.286201447
1
0.38563633
0
1
0.75797081
0
0.541001976
0
0
0.311303705
0.806158841
0
0.277513593
0.938323498
0
1
0
0.569491863
0.519540489
1
0.644405186
0.207876623
0.420360208
0.86178875
1
0
0
1
0.0861399993
1
0.842018604
1
1
0.0533829518
0
0.622703314
1
0
1
0.405661076
1
0.85129565
1
0
1
0.387145519
0
0
0
0
1
0.541022897
1
0.614748538
0
1
0
0.118597783
1
1
0.0517991781
0
0.148051143
1
1
1
0.19771938
1
0.489875287
0.493395716
1
0.551402271
1
1
0
0.773208797
1
0.621265054
0.0232304726
0
0.929117918
0
0.77365762
0.302976191
1
0.104125299
0
1
0.106824838
1
0
1
1
0
0.866700113
0.135496333
1
0.978428304
1
0
0.786861122
1
0
0
1
0.143542603
0.187611744
0.679319084
0.780252874
0.977498829
1
0.158702329
1
0.69712472
0.578559697
0.228090778
0.898828685
0
0
1
0.49745056
0.198633015
0.664460599
0
0
0.356728315
1
0
1
0.47653386
0
1
0.372113824
1
0.353629827
0
0.985144675
1
0.018900713
0.0931341276
0
0.612456977
1
1
1
1
0.867200077
1
0.523348629
0
0
0
1
0
0.644057155
0.15042977
1
0.637725174
0.798528969
0
0
1
1
0.568521738
1
1
0
1
0.87956953
0.366598636
0.980290651
0.0853727683
1
1
0.87278384
0
1
0.32031545
1
0
0
0
0
0.0270953178
1
0.0893948898
1
1
1
0
0.860152245
0.635577142
0
0
0.589274704
0.506861746
0
1
0
0.92328769
1
0.780370414
1
0.669648111
1
0
0
0.877209961
0.704723299
0.903013229
1
0.277564764
0.870643139
0.494768143
0.839103997
0
1
0.45451951
1
0.993308842
0
0
0
0.338948011
0.458003014
0
0.784427345
0.000219980881
1
1
1
1
0
0.154773876
0.66440326
0.0176423788
0.41059351
0
0
0
0
0.19106622
0.807673156
0
1
0
0.0398288555
0.70716542
0.000573118508
1
0.495374769
0.539266229
0.496692538
0
0
1
0.514518559
1
0
0.107720256
0
0.486384541
1
0.911360085
0.421564937
0.597841978
1
0.315807372
1
1
1
0.142499611
0.234884322
0.687417746
0
0.641927779
0
0.511348069
1
0
1
0.981063068
0
1
0.217076555
1
0.0708941221
1
1
0
0.524326742
0.500207722
0
0
0.0547751971
0.429984421
0.385302812
0.783361435
0.541348636
0.0412422419
0.801514924
0
1
1
0
0.063662529
1
0.586239517
1
0
1
0.148954153
0.963483751
1
0.723205745
1
1
1
0
0.432240576
1
1
1
0.707025051
1
0.722728729
0
0.844067276
0.819295466
1
0
0.981938362
0
1
0
0
0.00317994761
0
1
0.261006445
1
1
1
1
0
0
0
0.0334654264
0.93260479
0.567939103
0.00334024429
0
1
0.079538703
0.111431956
1
1
0.882157624
1
0.793537557
0
0
0.654897749
0
1
0
0
0
1
0.0121086435
0.0968084708
1
1
0
0
0.970992625
0.179184496
1
1
1
1
0
0
1
0.0903027058
0.346336275
0
0.444211364
0
0.602874458
1
1
0
0.808472097
0.731548011
0
0.952890575
0.582777321
0.867852211
0
0.268803626
1
0
1
0
0.634273529
1
0.251753211
1
1
0.439862728
0
1
0.0231138859
0.889061153
1
0
0.697688878
0.59373939
1
1
1
0
1
0
1
1
0.225318864
0.487690419
1
1
1
1
0
0.681231678
0
1
0
1
0.615467966
0.483766437
1
1
0.414722055
0
0
0
0.390438586
0
0
1
1
0.680749893
1
0
1
1
1
0.540748417
0
0.95134896
0
0
0.029604435
0
0
0
1
1
0
1
0
0.909822285
1
0
0
0
0.247777641
0.506721258
1
1
0
0
1
0
0.805667877
0
0
0
1
0.781970501
0.275588304
0.631292045
0.42220819
0.600047171
0.937585175
0
0
1
1
0
0.357994586
1
0
0.67111659
0
0.627064645
0.514632165
0.6938712
0
0.0416470356
0.554244101
0
0
0.721727133
0
0.527667582
1
0.375819445
0.535327613
0.384795934
0
0.399675488
1
1
0.222529888
1
1
0.708830059
0
0.0854103193
0
1
1
0
1
0
0.256978482
1
1
1
0.889015496
0.28763184
1
0.186612308
1
1
0.168388084
0.987280905
0.931446731
0.604800701
0.909424305
0.09405303
0
0.599355996
0.576913416
1
0
0
0
0
0.962666273
0.618520916
0.585156262
1
0
0.0897593126
0
1
1
0
1
0.284641594
1
1
0
0
0
0
0.760759771
1
0
1
0.239374265
0
0
1
0
0.510388911
0
1
1
0.0170765314
0.761113822
0.960085094
0.0217736568
0
0
0.92723316
0
0
0
1
1
1
0.835981667
0.305868238
0.488322109
1
1
0.956913412
1
0.0166252051
0.276865691
0
0.170560494
1
0.429383516
1
0
1
1
1
0.666362524
1
0.652764678
0
0
0
0.891215622
1
1
0
1
0
0
0.96312505
0.774458826
1
0
1
1
0.656934559
0.445051223
1