2.23082877532614
-7.599827916437329
-3.599530906094092
-4.428628189618836
3.7835394266241984
2.827191798766581
6.274873083277527
-6.608978677929342
-1.2492508850356732
-7.5232444889908745
-4.501792403142346
0.0856846096537982
-7.575424485058182
-4.818597589013624
2.3981510044723713
0.7190636896514668
-4.472950047348853
1.4282509420145395
4.950887306845226
-7.896019845151024
4.893108029324926
3.1702303198116297
-2.55599173571213
-5.512328003011495
7.315409155308499
-2.6144872781979718
-6.5160665059176335
-6.452537970664576
5.5599098615593565
1.659616501870257
4.914052372390083
3.675708587101086
0.5796494632752118
7.56985222366993
-1.9434499646663443
0.832650100371632
5.270474628047918
1.896316037827937
5.787310404972436
1.2376343241081926
3.2731493794387756
-7.2668098615094046
-4.35362758957525
-3.3697925823662853
-6.72332836922196
-4.275345818223517
-6.383977129444334
-3.552422350238526
2.170951108230403
-2.162685136478652
-2.0771045261298777
-4.647887507656197
-3.7283548472141863
6.986473403399904
2.3685661639454967
1.746096090671811
-5.261781628830448
3.666028767205587
-5.385560099809146
-1.9287129318776355
7.832373610185524
2.2399961576654857
0.9111959003943397
2.9538280158379937
5.485630723036953
4.415998584739917
-4.33523084857433
-7.486396097535396
-2.9527512310546893
-3.7161459843887563
-4.624274502618777
7.086555429360871
6.021882023562702
-2.9651539072243533
2.4870186447180807
-1.6698895830293718
6.632761435848696
-0.6583703586016192
-3.7619173360311606
-4.053959876896265
0.9818901466104126
-3.7961342636330357
1.3533758435766483
6.365166137639632
-1.6095919177536437
-4.490867853483467
7.960601703921764
0.15242069882343223
-6.545449405219298
-7.246137993204247
-6.245613914389454
2.0391366672494406
4.673269829807426
-1.2454405312050554
-6.983556701568686
-1.8940914158954119
7.937942083841548
0.4658295215861923
7.53725404181789
5.772475235751969
-7.816303648914886
3.531549109763114
2.9073659044251965
0.5915252865407226
-3.7307969607593154
2.255388777276929
-6.215165222465977
-1.0437559892943202
-0.7404206987326969
7.261054840337282
6.013647046051105
-3.785775187982548
0.009377808804773125
-5.141569911517898
6.602045429517128
5.92829711738827
-3.2248833368218737
2.2231919178560826
1.743523383010757
-5.554571703205843
4.20017280120242
0.6300644819140118
4.458023658088932
0.48565875512283974
-7.990849661952904
-2.8135030879252305
-7.688372121826683
6.8655778602338735
6.059550045170948
5.306648469778871
-3.079773993557417
-7.073197336092999
6.048153587264649
7.151191124767905
-6.62954476691394
-0.2241525869341796
-6.892599704505862
4.169634644115705
4.253350868911804
-5.945736568003795
-0.3954819504202991
0.7968574959191024
-3.7590939369590544
5.958928657364119
-1.2297929567858095
-4.611228712926687
0.6287374204713334
3.678897105439619
-4.7815829857648655
-3.0125393391856807
7.9223897065743145
2.398048922231256
-0.9903986573679351
0.28121345656944996
-6.0639328661077485
-4.404842607495082
-2.5906310056407147
1.412939495315733
-4.318164278454768
-4.476521848775048
-6.864110623855479
2.0976473163215825
-4.33693145902153
6.486720208098047
5.754166404059944
-6.866282401781545
-4.1919258500960765
2.7036444527404893
-4.572211082072982
-5.8830104203996
6.968227849290736
1.1366894932045515
-0.43726357901129376
4.553910788652054
4.9199519642662946
-4.953441370209957
-6.449106972338827
-1.1031810814979597
-1.2227420316812676
-0.5276053114132004
3.6652135913576096
2.7738327566928245
7.746643381855458
-6.425314061568658
-1.5580594863636996
-2.5711583136805896
5.786760581644657
-4.02149865727543
-4.956657464947016
-0.8221832346698896
-1.249893762649533
-3.5432776853289525
-4.003096833886392
6.772249588416205
-0.9099080791446887
5.781585676189289
0.8052049991975689
-7.1905867276019
7.988519494603626
5.37644136127923
7.50394011655602
6.821871728130041
5.579131750628887
-5.339022230337376
-0.2297419927885045
-4.580043212813093
-1.5833553192087582
-7.061833600445137
-1.9364300963693424
7.764941500475615
-3.756751069245569
4.54512963117711
-0.7198661225737073
-1.2318802241573934
7.317082253754771
7.9267630318834215
0.8922931744898914
3.494532404741216
-5.523250795614974
-3.2526747920869727
7.499349839506541
1.2668846530600995
0.6751232219883878
3.9676089660650256
-7.085355633480271
1.3468415113435395
0.04560612671221698
5.643518272772566
-5.481076352968268
7.372462452391206
-6.71821655615061
-5.026800624308429
1.5205617032004426
2.8034008576654426
-4.236737679985101
-6.081814176846013
6.244597026071
-4.060554435382002
1.5123064565350592
1.9101041653136495
-1.2924013546260404
1.3387566286595955
0.364523448511342
6.955300123782836
-4.731852809223417
3.459068812630637
-4.181024758146464
-1.667426451339928
2.7470435673595404
-3.2000467232198044
-2.9411648596503355
4.029831878630434
-6.839310168109483
-0.667431638102622
7.975271053671078
7.937543165681511
-6.827828462405872
-4.589531003727354
-3.7567933639935784
6.932150047899345
6.093826778983033
6.068323879752684
-2.0875665801778567
-5.4760506822842885
5.339919274236912
3.2566388013979353
1.7868442516152019
7.795729018104069
2.463621083371722
-7.874830285565473
5.073666161847386
-3.2099399648003537
2.614219439457237
7.0228800628336625
-5.8513421697061165
-6.153141273294365
-6.287424356649318
0.8515782541570545
-3.642428602962939
1.6772772324835827
3.481794994220767
-4.742443002760753
2.1478073421612756
-3.7762575739134494
-0.18349036560997511
6.485383857269172
5.537659412717687
-6.523224516596265
-1.2227876389803782
-3.5731164164439733
-7.943268974595483
4.337907568314034
2.193814036822074
-3.808715801050429
3.859694533566893
0.8268867380222602
-1.1570092963091305
-7.8452848062665606
-6.796098238819727
6.129702292802287
6.46285714495829
0.7294446272883572
5.353520318176267
1.3201530638367043
-5.630499430920278
-5.96087169148578
-3.067866401117861
6.38370381988144
4.737956878208667
5.771241312014444
6.382794184423593
-4.638775386563935
-4.007524172433209
-6.35530205325143
4.481859869943083
6.146155223216143
-1.4979617626861312
1.9305841624114048
-5.527146586684726
6.878096251098791
5.8336911395194235
7.619296526895406
4.97234751904635
6.10265927461319
-7.60341820962898
3.7850315480813137
-2.6850325128571413
6.893054176773209
4.835762222994223
5.82502445400447
4.971989065190224
-3.7311086464884475
4.597992146167538
-6.270469977552686
5.954668526497436
5.737492021404506
-4.441060519269369
5.0653856895508635
-0.6351482451369268
-3.116946122582391
4.725527986445789
-4.358472201475674
-7.621369044776776
-4.909923386756661
-2.7478087808366958
5.8296470724845815
7.470225664773778
-3.5340001164500574
2.263707817722043
-1.6051458502390261
7.698394995172162
0.5794517196595503
7.027794245195452
-6.154531970377159
7.5264097763556475
-5.142914941240582
7.400549052184887
-3.752538199632502
-6.265559244564622
-1.0469798629656903
3.656720970443269
-2.9811629728801403
1.6993416528982923
0.18276895471164956
-1.8368730664843653
1.2254086959455925
-3.924439901782689
3.3405645413467298
-7.9729395485019285
6.809202647985323
0.6152319534846704
3.510879986317528
3.8712012454316245
2.7300560709279917
-2.172456451499773
-6.880419021979037
2.6278029585803573
-2.7167994233184576
-2.9773496790662453
5.568244472101368
3.516068208223203
-3.194843708619773
-3.051445404661548
-1.4657134620925305
-1.561593807076406
-3.2695167595848478
-5.9633952150535485
-1.2728586596334672
7.045818731682928
2.837087124363727
6.444888731721322
1.8482386552220884
-3.184802006950955
0.7669954101711713
-7.9935049648434
-3.409380530097165
-1.1217896001626464
1.2797564991309116
2.475289979249146
-0.5601889560477726
-0.9254432111230813
-4.580777584174395
-0.4290210254507798
6.418893213252067
4.736396162028484
-5.284937660831124
-6.643271412398052
0.24723215864346315
2.1270536922527317
-2.6369879134431855
5.094775432586628
4.0182102006517155
2.7647307289146728
-4.405749344043388
-4.813921076374774
-7.6091937963707785
-4.0825192947463975
-0.39781849249911794
5.595803113995711
-6.834748333046894
-1.3689438240364904
2.0762460918034193
-4.889036212164651
3.1416680078480788
-0.08996529583300905
-4.096248966744978
2.4969281777885453
-7.911282909791492
4.015431625895566
4.320739017184401
-6.294603254983377
-1.197660896916254
-5.1858130926954935
7.327456676472636
0.28732400709985306
-7.196505837749745
-4.0128275254404535
5.573381557626556
-0.6966107924772391
4.822665627556232
2.68124372138165
7.806279249063168
1.5272370955107153
7.200633735090495
6.262814812966992
1.8024371641882055
3.5083833804154736
0.07645063719043144
5.289106715542641
0.7659512097732541
6.355329651732195
3.8984870745533584
-0.4052090108311468
-3.8529352245596904
-4.044164199845447
2.2025829884185004
4.253018948754647
0.3407970052477136
2.0279749917085006
-3.6064408493193874
-6.760266338164227
-3.42834958618956
-3.6525582866850463
-2.884646905299803
0.6424355602953025
-5.7860150157415084
-4.2998163243490115
3.1031969967848365
3.3027062671128355
-6.972338388577951
-1.4784100853346125
0.6817782480626455
-1.3476122543495048
-4.690649767769436
-1.27770371562519
6.477415653442831
1.3452706272676025
3.128367783967489
5.707712516862948
4.2495132178891115
-1.9139035371566138
-7.905662662656111
-2.371859157250805
4.055602000950174
5.655167209105674
7.2548854155217
-1.2956594779228503
3.9602507036488124
0.7381169557414253
1.6520414230598615
-4.471380890818898
-4.4892538460570215
-1.0266243832538144
-7.535602880852556
-2.621927300825881
2.8662701604535954
-1.5309332937978066
-5.359284300743859
-0.5217576122830376
-5.957955243501429
1.956111375585035
-7.568536769517797
-1.6956758985647244
1.0302717283963858
-7.566367258555001
2.283994368149372
-5.828808204310972
-0.6128248951758124
-7.195445864181959
-1.9343381729897668
-4.6134354526162955
-2.7704671218990633
4.179675326304434
-1.9339805509738195
4.032157176876558
5.310788562484362
-3.9636554914819104
-6.689500275813719
-7.689867407199829
0.6307047667605392
7.998525256147348
-2.4006345004770573
2.402305491998
4.4997287937743184
2.428074483902231
4.067731264952419
7.193787723455822
-4.8102290821994735
-7.6739197228746825
-5.561882467443354
-5.9804644020127
2.711341513918571
1.0235133108803058
-4.512567345495942
3.191439539938413
4.270369573699853
-5.315373706115164
1.715959902254907
3.966810431284573
-6.167474057937637
5.108818788977361
7.4355323685454024
-6.270420005478295
-7.589145192040544
-3.008684089684877
2.8375565896065407
7.330765411294335
-1.6535289357339629
3.4402352807914944
-6.784056354511041
3.0498306549276855
2.035878329616711
-6.3695791128643755
4.359694159219584
5.6046918254207405
1.606585837069506
-6.063118958922958
7.741509624234741
4.522165541776314
-2.4447397550648162
-1.1459517882440888
-2.070865980511101
0.09537263483324665
-2.540301202219469
5.593210031993237
5.1572946894409295
-6.311378069696023
7.372601075433257
2.1693616976231347
5.259316976039331
3.316938299297231
-1.0322056798771673
3.74072486421427
7.447579699809243
-3.6786816578015866
4.931187500908095
0.6107665031720924
-0.26403993786886204
-1.0308081119376915
3.6964194288819563
-3.7056713912123946
5.627410560309309
5.291696302249655
-6.61339363110921
6.106098944044351
-4.098184972944704
-0.5646645343482923
1.7653072676883301
-1.9361711339477754
-7.540800035678567
5.615245380999346
-5.090562285476931
-4.606082397124176
4.765317709249544
-2.5545785093714617
6.085119676131606
3.2189400053152255
-3.5797027879010415
-7.837582168981166
7.169001244432499
-6.63019260867166
3.5211946256671087
-0.1827544504194023
4.130634455719463
3.0497494311443685
2.3344463958552364
-0.1468586387426214
4.686925890117079
-6.511146391125253
-4.4544575924395176
3.0685944847232296
-3.1007035179185856
1.3048893653178748
-0.4278321798476039
0.4947508983322848
-1.191938996716564
3.934966987417754
-2.7073392448651177
3.245679074972303
-3.6653371683808587
-3.977541180784936
-6.069505843963107
-4.918651304775722
-6.087124139919155
0.5738234461399969
4.1950337517456475
-5.0376025209974085
-4.537845761942309
-0.25282260459666084
3.593360017488825
7.625712366128909
0.3941899057377256
-3.4720207476007197
-6.391582270547348
-4.894118750542825
-4.360269384279125
-5.128935301033547
-7.773626123902979
0.5461614282826126
-3.611018771467723
7.5887188976438065
0.8537434687777328
3.158678286563111
-5.979528112665458
5.895379156207104
-0.14594088761953827
5.963515759976554
1.185027514021316
-0.4896488811118367
-0.952499229823836
-5.050181273758692
-7.177972525062755
7.057017548289652
-0.3563330037489969
5.153850324790886
-1.5886809239689637
-6.814685275909763
2.071131311231973
-7.14225481131947
-5.612838648421517
1.0054335533530274
-3.138631810524357
7.902689963363523
-6.104775004616615
4.231095125219108
1.7010824198874044
4.651853277494711
-4.389005806959446
0.36116056208348546
-0.7917685617799322
-0.9164639356907465
5.762666653218881
7.840500167468766
-3.1139160908902337
1.9364371371543765
1.7540945959220853
3.84142888775272
7.161443205206048
-4.675393506823179
-4.623596875113712
2.566850195072586
-5.487086505905966
-5.218983226777048
-6.798962097581313
-7.957188438353828
-0.7919407261167617
1.5009791219130122
-3.3398513755035584
-4.296380247103587
3.3112932780645323
3.2478009294994745
-0.7354987774873081
2.998158721139884
6.782576711720779
4.605248426347702
2.00092811462755
2.578928685653885
6.938695335128212
-1.1977765423326137
0.7129980593692586
2.362155574439692
6.534583123401697
5.226098554400954
-6.857442610306974
-5.345235372468405
-3.0782109981722794
3.983323553113973
1.1073127891054781
-3.382230587106532
-6.010341469204668
3.0188478593934995
3.195738959611477
7.082819851904652
0.00755483388680922
-0.09927649047865117
-6.712930369611184
-7.362227453062191
-1.087541373427639
-2.8428546662672005
-3.9941135614079375
-6.538769813904237
7.390577635085387
5.375337822498901
1.2031857475188872
7.212580444901638
7.993158670039222
2.756505348851828
-3.6878235845271377
-7.356293229686141
4.100301286600914
-0.47198682797386304
2.424151830938982
6.65716460682828
-5.096173644429985
1.36527400444567
2.15655551126539
-0.13238716494378622
-6.540121499298765
-2.4326230992855926
-2.6670657013585277
2.722136152338967
5.723729510405642
-2.7231413827365536
3.09877878373492
-3.388515274216708
7.12309663301137
5.017056555807562
0.8015457435485267
-0.7227854623723289
-2.967725485277313
-2.827619419584085
7.522955628937234
-1.53319908798807
0.23354003726568173
7.809907436508066
2.5225661837300635
0.6814975097151201
-1.388038867210856
-4.998679337687566
-2.211530253573196
4.1030904648891795
2.0065398743201435
4.159848576976271
-4.743068186395618
0.7875142253653067
6.8427641735111635
-0.990142478841948
3.1720004659547563
-6.0571826661980825
7.57034905314711
1.741946673311439
-4.171240602757594
-5.465949379116282
0.8134241120427195
0.8360225448597287
-6.508652779495639
7.876114230323514
6.606878055746687
-0.6168336931394656
-6.120541614567079
5.31429078030242
-0.025991924684875656
3.4656532158686577
0.14195224111218785
-3.625201652587613
5.35558312922711
7.6839141216540074
-4.100305502797786
0.8202412300875146
-1.8626237880456014
6.74989039890499
0.13185426548630375
6.069220082343618
5.82443095085741
-3.5800415548473445
4.640098912049815
-1.3609212231784777
6.947974298920322
0.12380281295450324
5.128791570969254
-3.4745762674747738
-3.223106403651725
1.3910035586265774
7.98243733166942
-0.16575445350878404
-5.622473305875374
0.617289243261979
-2.4780169329118795
0.8306786731329758
0.6948810073387683
-0.7144861301359828
-2.8515623963354013
-4.981562020686313
3.1599748419291416
1.148762271758418
-4.26300086307371
4.408711601588141
-7.301643214443169
3.9152824250431344
3.283646096400041
4.98254244103803
-1.8227399601442826
2.6190212717525547
5.131960827352881
7.693090218556561
-0.07474160613722347
-7.407686218470781
0.03665840212745408
1.4428868689530727
5.915205013795447
5.987045984868933
-0.9551006436691658
0.4152173889209827
-0.6891508084121245
3.559101241130282
-1.4403420840581695
2.4765012228437406
-5.5302204996552184
-0.4881503842442889
7.507258089187475
-2.583020255177093
3.0832735773901128
2.3973864412683614
5.628244677611063
5.637461385054289
5.749474946692265
-1.919849639637519
-2.9334215370656054
3.499478803567728
4.150428949349818
5.958128278376581
-7.425614402597015
-6.905268045095177
2.0985762696742487
6.7348655804847475
7.958814767299446
3.9482618678068313
-1.056456449229989
-6.4249099778688326
2.1399652604926604
5.961267721713451
-0.9011431734127076
3.1040186046917526
6.454784992807776
-7.264144501164596
4.738295442595389
-3.306115584556659
-2.0025425635949627
-5.670883268809625
0.4986610903801605
1.054848990654989
4.680311582095252
-5.280261614910442
-6.736506389440086
5.933433578317677
1.9153658965986455
-4.146723330298991
6.605264256376877
-5.710116477943846
-0.6216013863200391
-3.9363625693833235
-3.9147726694535354
-7.849641096722063
4.874129231602341
6.419350777582128
2.8417741711852713
-5.472390046851409
-0.9323234623389691
-2.470950008910693
1.4011472820227429
2.2230192377601945
-1.2110569846256372
-3.99842840947678
5.524862802281579
-4.8125280142577225
-1.8449080165224725
-0.2686710230525424
-4.204708769158806
1.1507630776118223
1.1969908828583211
7.883072698030361
-3.2763079378676903
7.647111753229803
2.531677054858891
-3.6083139171483563
1.0548642712911835
2.9727918837441933
3.9147014586452027
-7.215291987584001
1.7025038892235926
-0.05236341561807478
6.466484654299606
-3.4208935766528885
4.7817619121215795
1.7130399706282553
-2.3628647066349355
2.18588604809427
1.934258610084866
2.844231337973751
3.5348540267313435
2.546904645068059
5.413393871400265
2.051969658990373
6.454459265167486
2.341449742248365
-3.057073856757823
-0.9468289573950148
1.273180885894444
3.7177562870278127
-6.557865988060497
-3.2782327739335155
3.9596938390139442
-5.189758872891094
-5.885443236051463
0.630524143750737
7.543833299381438
0.49363797924456065
6.615791591707151
5.287561913078358
-3.888478646987803
5.195037000678516
-0.29043472202014087
4.903815900700264
3.9449496114727207
-2.5805559391698196
-6.1572846808038495
7.4062926859020415
-5.747887759905877
7.464003351404033
5.762249550381149
3.587467393208291
7.679075884510455
7.4763159568005175
4.873402304328991
-2.147599209510938
4.6509114974229995
-7.777301518385581
0.5851569323049457
-0.7234235562580054
2.7652541099800576
2.7574527576162104
1.3529614664346568
5.158676819628388
7.044670268472867
-6.266462364812309
-4.258849564614669
-7.599605605656283
6.147757523437635
0.9825181159980616
6.644094539890551
-4.45812479881616
-6.988527341436873
5.181685622247162
6.550202214846273
-3.1649572075319963
-1.4672663072733965
-5.763567799884463
7.14018452611114
-3.1301666503039165
-0.11800609634870618
-6.4449280220508545
6.196148936456037
-5.829375220698616
-0.7416998897777187
2.7277795016027397
3.8902419443707448
7.1355853724709135
-1.2939719453644347
3.876304236245053
-5.52763356144264
-1.3618475610110892
-6.415653844631544
-0.1704473953661676
-1.4701458288367917
7.224344406096952
-7.4765394103192495
-2.0715206602490337
-0.9058706230287736
7.208882717622831
5.687203092895274
-6.410326006301915
2.9708842477005657
0.7114537837143189
7.645480471232748
-2.261218540602913
-1.6297657160900307
-4.963063005422727
-6.04544449460378
5.5685310154188965
-0.7245221028717257
2.604299808991648
2.267271475731482
1.5543353523127212
-7.65828072421807
4.588713447273868
-4.102897645375622
-5.985217835071314
1.0332476145274132
-6.902237554810306
4.242518014217351
-4.685482074453464
-4.544778369301204
5.915126828312715
-2.7430471450843132
-5.639133120936901
6.408496570108131
-7.954631176319738
5.734498022082821
-5.684992314871872
-5.920125896905011
-3.9895328523500186
-5.2080460655777046
2.576922281557069
-7.587517603420826
-7.762234764308658
4.639754627756062
-4.193094302552591
-2.819656608607641
-5.212060777501165
-7.161615714221176
3.867488911266392
0.41736842556587384
3.9306444005439314
-0.3800645532279958
4.448272629027244
0.21180732174706662
-6.255135839938472
0.06141903657314174
7.1266502875217
-7.306159409613253
4.5316319356860735
5.871694524157412
0.3432194354093454
-0.6713196464370874
7.424418929952459
-7.026793480087907
-0.33628942402618733
-1.5741239277990324
2.977559936995723
-0.1556983336923956
6.555213265843669
-6.824148547736792
-6.707352361427329
1.7327587781350395
-6.949084266878177
-3.599744007072749
2.1292275888162475
0.7737029447737687
-2.797032906901313
7.914044093774777
0.48890939890119256
-0.740553318792454
1.686828664565006
-6.413144613135328
3.228470696737059
5.6446837967292005
2.4146666381008863
4.303403681675817
3.5334386665215867
-4.5596309387600495
-0.7751213445554956
-4.34410281016665
-2.577094098637197
-0.7440175534808429
-1.3441655958160759
-6.478626571589906
-1.171775899824672
2.6417258089649422
-2.0111836250314106
-5.55777720370042
6.76776057175015
-6.925867069813636
5.308350215597672
-6.5083183727411615
-6.45496907894743
3.820735975819451
4.988308564438277
0.9019317698456017
1.3834413238316312
0.9853826238731589
-2.7256642973407192
-6.044299434327051
-2.3424307258597175
2.645448320046647
4.004548004023652
5.889474381905039
3.536970859938391
7.4943780049835915
1.6065614595948325
-2.3736610289096163
1.2466962942376778
-4.5961791092479025
2.5077808478104338
-4.412082094278951
-6.268505889163734
5.525974697621521
-2.1190231901543974
4.201690110989595
1.185600069303403
4.91554193843751
5.52248258125373
7.592745634011331
5.094829752650714
1.8171724885674365
2.283186621277302
-7.579938696742666
6.865348655918982
5.271372639354608
-3.72083639753423
-5.1133428486263295
3.2431803658496747
-3.0562449787214376
-2.562805491563866
-7.902307369541461
5.9178033045830105
1.0611375161820202
-1.587450496007751
-5.7300055335797015
2.130752202488221
-7.509486425905505
3.9377881920913076
-4.557873919463825
-1.2826800997679495
-2.5456642916906755
-2.0791505203679375
3.5455354838827713
4.429369919467856
1.081496905830356
-6.640687360365131
-7.1582587771916515
-5.48144164628555
1.8854109108164891
2.7834993698098085
-3.646354503260497
2.5910190849321797
-0.22941272174406002
-0.9272930128355341
-3.6293304901636887
4.079090298693931
-6.178919870236772
-1.1213818656337544
-3.4680564787128105
2.8557800761621284
-0.2138759461719868
2.6741209397815933
-7.27332219832916
-1.6757856625979368
1.5891993111112068
-7.877006625601874
-3.1772902077050116
-4.6202563324750034
-5.804243115882768
-3.9116879356566514
-2.750042304994542
-7.876321494891009
3.952225974876285
-5.188883169986523
-1.9166808685562202
3.258740214122618
0.004197544899410488
5.333667238718052
4.8992029850682215
-6.846792054525475
5.788229792361417
-7.323163814995338
-7.700135414629669
6.738598952038599
5.7937602177930625
1.2121465717892974
1.1743948941734885
3.3519833851029475
-1.316896642504311
-6.157226037379228
-7.666295055604019
-2.8037091288717786
4.821154468967235
1.8900042128678436
5.312414609147314
6.716316027862154
-6.589921899233845
5.511749757035151
-4.106936402836261
1.4219406128465906
0.38340068801010574
-1.6677328502506725
-3.0356070106262187
-2.5677875016245775
-2.6709020401098886
-5.309876671269015
0.16773255267437293
-6.175573762583159
0.15923299716755146
6.494763705280807
-2.4099957524419153
3.6380656907824687
5.103177624397631
5.040592092000226
-4.219698416852411
-5.65689250755689
-4.843651154816268
1.6383837643706531
4.163444728750273
2.4881441682998258
-5.165661936844334
4.365569427960963
-0.09412759972178186
4.0711332039517725
4.158034393723975
-0.8175158880789919
6.7864681341705495
1.0318685344447882
2.1647731049694947
1.9923484710703168
5.8279499973026585
2.0354785103963486
-5.58468157771077
-6.9074198640679025
-0.9246709786194423
-3.1548730377757934
-3.605221320221453
-7.101246076590751
0.11739016463645058
-3.033474390299025
-0.7693781807890847
-7.089759186656762
5.3071461066099435
-6.77230398122472
5.828000542803826
5.684693943297445
1.8401342146491775
0.11308507734328188
-0.5966134571636434
0.8690619414128626
4.669084756245736
6.334028248908842
-0.8042607415854999
4.957054683167538
2.429399274377758
-2.855571793913146
-0.3899355529108881
-5.5862227728697835
-7.010020798382389
-6.343969963673734
6.3860293432923765
-2.504995586587718
3.4290487866794024
0.07278402401531814
-5.239057417018161
-4.036100422427452
-0.9958676110522724
-0.9692513317980112
0.36396856424872936
-5.460060672295338
-2.0343682863787667
-3.473702742169314
-1.459689644042875
-2.586125650537287
1.5661737981278314
4.627630905018636
2.3568857115089106
-6.945410331524521
-6.487904839758491
2.854069517441296
-3.4536484179501805
3.5797384800393885
2.5050253825676467
6.501483154618835
5.972474592968622
-2.6662074230310946
1.3238322333827135
-5.737145910650915
-2.4028673994264924
7.483144123083914
3.1756794049900954
-1.7286722506342347
1.5206596504251966
7.008035193052173
-3.046689801344625
-1.9731311030991971
4.666591325816697
5.0109565410368155
2.72186239991556
5.263343566311432
3.8203947540717245
2.96663104444122
0.42229343574678424
2.336397131735806
-1.2254981388463406
-2.2107504584514466
-2.19843729628729
-5.115793233970486
-4.572917420657594
7.16269228054955
-0.2196652660363636
-4.375311255457804
-5.798954349166731
-6.765358651185979
5.510854218974133
-6.381747781313694
4.333995525809616
5.361917226152896
6.138914647880986
-7.39604012227902
-2.611770048571495
4.260921671155865
-5.903215337127872
-1.9724820668396053
-5.404044606584792
5.301520907026008
4.337565019695814
4.944699514228818
-5.351373348095061
-0.9972255177864522
-1.4262622160554645
2.8218067550165262
-4.199516776849199
-0.8928206431155896
-3.441153078986268
3.976584289526981
-0.8171525914665541
0.5441783951721781
-3.048513654995366
4.937981937452582
-0.49575031948395676
5.361814283611318
-2.114544668399475
7.154082723905967
7.751036696505237
-0.6131203449441731
-3.491652276739593
-1.8900410529486322
0.4393566153837227
7.4602904512951564
5.070259833299842
4.820147586424762
-5.785623446345101
-3.999948614575887
2.2588645792711546
5.985871120835792
0.8726519267908994
-6.35856429202545
5.534276427735016
5.618656769356461
-3.438991775050745
4.209869284667054
-3.635339206538294
6.484899343651859
-5.642421504134331
-1.0004390368803069
7.14261220818817
-4.44739188948831
-0.7819521564686571
-2.4066387497816173
-7.5732769471529835
-7.147889805262809
0.03211383509176713
-4.227550818185078
7.9124056198126596
-2.001397225315719
-7.548999271549599
6.893214475999249
5.426820601785691
2.399370948706906
4.662090199714816
-5.798406596386053
-3.4099296429877093
5.276185330445161
3.137151817215738
-5.779316930909021
3.2885788046252866
-0.8223764162840546
-7.915980827110113
-6.7323876596684595
-3.905217145007285
5.359409588518096
0.780867927101367
3.6357565651989088
0.44434409418758847
-6.221010234812185
-3.3903747513723115
-3.1815808866204804
-7.23600885409838
-1.2827912999449111
4.70238573823101
-0.6861821338168212
-6.22627367535976
6.482350170591976
1.5478246851031514
-7.737034364705689
0.24601168335049728
-4.128989849264107
-5.702770556059839
-1.1321777103466601
1.8369533244152105
-4.150972179095303
-1.334918476663363
2.6299408278721454
-6.630176720203812
7.594471855235547
-6.917130833458463
0.41695112515472843
0.11724314527658564
7.813303769543479
0.8664312386911277
-1.7527402790389743
-0.4778387494642242
2.1707326634980806
7.696630760824965
-3.9415958228925962
-7.740124302256838
4.616320260472245
-2.4831601093857394
3.7270563432102666
2.052111399610503
4.344021985757745
3.76299175699698
-2.679702266048242
-7.290628987276669
0.7362199233230644
5.01614184889741
-5.198573967172665
4.466281495652504
-0.5660336040473961
3.126228031937023
2.1077735641334048
4.983962909561702
-6.990391407484406
4.419046395254748
-0.6771267608423486
-3.3049188611995
-7.2990995894540305
-4.808482660556987
-7.329504929113888
6.933935679206357
0.24613742807198058
7.825963236737975
0.6884911624669741
-3.9469797567581217
4.052654701101838
-4.942345108257426
-2.2884131834341854
4.4934650716548
5.852772433248921
-2.6892050178984874
-6.008399868089866
-2.1116932109652318
6.231784272196503
3.8929232883139395
6.314199919280853
-1.8136837078289254
7.5795773490449445
-0.06074837540763767
-0.03962572010196297
6.788967466031417
0.3084136565590718
4.818369398428381
3.6333011894821716
-6.737167903112514
1.639252781283636
5.157460472638187
0.7275903575141918
-2.8606171485664955
-6.718897422800076
2.5747075433301863
-3.0960663025479604
1.6419460436895967
-1.1821428338712732
3.0362369351277803
-2.375248259648126
-7.322317394397928
5.920594800902274
-2.359051035064283
7.970409564368785
-3.6071142388022785
7.680436467108466
7.166470057649381
-6.799341360189452
2.200200606132773
-2.187021909584283
4.817535608994719
2.870569725035038
7.244630340473725
-5.715528506199204
1.7211664531336854
4.500991515895464
-7.443216547223328
-6.924266191006259
4.456245976109846
-2.138744430285623
-1.8743295729795566
1.0759142675859117
1.681517261676568
2.864992910614319
7.181176468248903
-2.0477859444690605
4.209351548777272
1.182748453342331
0.4713581045806343
-1.6314552647608007
2.3929717872965046
-4.006213550505633
-6.184822198639711
3.770797751670843
-0.015296635896531185
-1.8082019193717844
0.9867633721543534
-3.811573174600067
-3.835363661761546
-0.8596302015101411
7.941841794476172
-3.4307699568294723
6.663662552670102
-0.14079687593241452
-6.037801249536466
5.645220646149163
-0.7673170360736421
6.378864492579686
-0.8782209161207195
-6.595348142324303
2.9108681640101945
5.528339503595191
-2.886595646400478
-2.4411952841829674
-6.960974746942862
0.674741779608997
6.261306917662223
5.621792812050014
3.3889456641154023
6.837191307570844
2.20320036102426
4.699142141520044
0.14009192278881244
-6.05820071874469
-4.784314061157028
-5.777970047386148
4.645968972923987
-7.579455571067749
0.8643429961535212
-2.0974213519804685
4.858587620617383
0.8263509428228399
1.791173801928334
-6.620552293569077
-3.0513485195446055
7.993520702950191
3.501914558251512
0.4111304772848019
4.306632805995168
5.17343039213425
-6.819988593420176
7.558075704220254
2.2774174301821013
-0.8004080693920628
2.8817438503932955
-2.487763508756805
6.047362426406588
4.484206861412934
2.2367028698666083
-5.088589815165802
7.460233822945709
-1.0781074162884021
6.571396335150197
-7.113394399715567
-6.013422069775805
-5.55175253103679
-5.365486721758014
-2.83742798152711
3.349314120467934
-2.463630682530031
7.054464878904556
6.318814669137991
5.53493929849385
-3.990315056288015
2.1609134622039345
0.8134626477302351
-5.997275277969557
-3.154806302257983
0.5356484762940887
0.04117031586020303
-5.301825572036691
7.065711805897534
-5.532891729926989
2.539725974140069
3.5301242949963676
1.6822225257896868
5.480480065814223
1.0178885509007323
5.203780277226112
-7.546024193617958
-7.272611147338528
2.2632597411897617
1.2283397036380652
2.418079639769598
4.271344014660977
-1.3346114613880609
2.2238590753419274
-0.03139103782214292
2.0346241647693493
-3.3652534911743075
7.30640271927048
-0.2728829091932887
4.8750104674517285
2.9598534591308265
-3.241058057124123
-6.832431591914467
-7.041391473045296
-0.9663120012734243
-0.2519819182822527
-4.735631782985621
1.7065642051301815
-2.9986800120490713
3.493806161799
3.747196076872749
5.772437852069205
7.605986046638083
-5.9077415751618165
-2.07135683119534
0.9864194519739069
-2.894145817549484
-0.5364389273498169
-3.7204532087330815
-4.03329787959127
-6.451013559030857
-3.3566079204815757
-1.8536026639743035
1.8460391066234987
-4.0276755139010145
5.844920027531483
-5.444805405917425
-2.761026867180881
1.242992606297543
-2.9965612662036314
4.209942002218057
-0.027751327041459106
0.2355974277037518
-0.01984466563753351
-3.063352287129131
-7.6291792285383835
7.123724865107796
0.08711140838034481
7.466986088839606
-4.557689239580142
-2.3536785782983145
-7.19135352595373
-0.08169274359717882
6.1174316218912175
2.4681605902338735
-0.4706103461088684
0.5870519886228323
5.554757846295486
-1.1051556904393518
6.119291694697486
3.64012901375027
4.221708226591833
-2.1450023597189922
-1.5906940637638947
1.124506302096469
-4.885515169796495
0.851566825938427
-6.823492004114531
0.06808846597127527
4.230465835315833
-3.524469158016288
7.825451209931561
2.886378241901772
-6.099023684422567
7.601325046620545
-1.6975405963422858
4.718355654095133
-2.574635200758955
7.023177071286007
4.079442756684703
-4.8150738951608005
0.14596025960291392
0.0012464571303016925
-7.275146360526804
-5.8074180229196735
-2.671348714355725
-0.42009359367695964
-0.6881830514740166
1.700168358460866
0.2480917143560628
-2.75254643781558
1.809089937034848
-5.39996726596897
7.849851800978241
3.8291097691776663
-3.2122505195469078
-2.6180247655731463
5.252630175318014
0.5174372780140217
3.339836902967006
-3.2033509642013804
5.051981331901187
-2.1062750421476863
2.7809022795682647
7.67836849886659
1.3392342695805812
4.748077022882354
3.605187400829685
3.0086984192443467
-7.573645520578669
-0.4065565746390316
7.473131138752814
4.526463862902743
4.418592402753154
1.2421503338269257
3.542401796740908
1.3363724327622393
-5.271807012053451
2.064403858325818
1.9157728880174307
5.458673999332229
-5.635588667194691
2.8916303208108616
-7.49487178652641
7.171282732548821
-6.2416716586608505
-7.697002119894199
-2.9809202648663167
-5.577099870090473
3.0480041746964073
-1.433961450836719
4.399556828913456
6.728335198355371
5.965083342597126
3.773396340298902
-7.003499423769089
-5.790680227436637
-4.682532720460085
-2.7992074491831236
2.595628795429585
0.4076344224005659
-2.979958420194926
-5.229081218282756
6.593986574784166
-2.5227677170904617
-2.3314081816829955
4.351836546379852
3.5347929812366825
2.292945599991384
3.093012960477134
1.7612252812600246
-4.9237732938125855
-4.055693831562234
0.9293864129184666
-4.402127392114933
7.566570041449104
-3.238166955569474
-3.375933801543601
-4.683555282325756
3.279812155843148
-2.9273480797048315
-2.419149212779095
6.939205996332809
4.7264856960373365
-3.624679411913231
-6.050014308276559
2.8259559325207313
-1.9248930340098802
7.682568597141795
5.094039362088997
7.273741814263381
4.873853343305125
-3.352757568113031
-3.3979145341737613
3.4262605999743254
-2.458183774470136
-0.9219822101626338
-3.8968963924242868
-0.3347317917362691
-4.766911884790456
0.6172467793384442
6.928382940532924
3.1387408103491623
-5.803632723185233
1.8508325506318766
1.3892879771330424
-4.120671385435411
2.7173434382896637
0.496663835724787
2.207113174538202
-7.160142290568595
-1.387178143227862
3.477728900003898
-6.391281523562434
4.332256929572466
-7.9170968574859195
0.8056410524738666
6.865594882719645
-1.4894807752498647
6.960513577538425
6.054393944227652
-0.3608236729456564
-4.808704405318373
7.422624622254972
-2.861316766093333
2.3343666862443175
6.526991339769959
-6.568628471815739
1.1861336508059726
0.5624364302976748
3.5698828518787735
6.9867100760100165
6.61167561071764
-5.19896359230459
6.115919570637331
-5.187380679378199
6.714156989614944
7.954748849416159
-1.6480868115472056
-0.07385764285187513
6.985739916444205
7.394102081333479
6.816635166343088
6.027890686686774
-7.851725304318403
1.0873898986319261
-6.283188947623392
7.727902213936103
-3.4470135623992597
7.8255915214195735
0.6928077369115986
-0.09740127453089364
7.016968027853958
5.616955817247947
-0.5116676958993587
-4.915017627619044
-6.197651823677528
-5.400091799364182
-0.6573684634822214
-3.8837619163276944
-5.0208148939509165
3.7858863278761117
4.652282630804091
1.084499558735029
4.116524004120979
-5.1920813785845645
5.698344068375324
6.352684188543602
5.231837204420954
0.2444905433567346
-6.6121956824263055
2.708093654559267
-5.0435007832425605
-5.750209989851225
-2.8223732786386755
-4.03124666132568
-3.8274355669528983
-4.2316599551754575
4.060106428503312
7.264557162478601
-3.1688665649341647
3.566120454415959
-7.817028252893312
2.458933873123179
3.084297446763822
-7.006010691191422
-6.108402435136439
-3.0910985279420835
-1.5133341925056438
0.04032753981423376
6.321893917060066
3.2569125616360957
-3.024352825845435
-6.121348066483579
6.658086173610165
-3.279398397500051
1.834007170301584
-4.493942385034497
-5.862899484851134
-5.549030964973133
3.9637573944137046
1.6918231694251098
-1.3464701531004053
0.7877521410938364
-0.46675076993101605
0.6002830030912136
2.6255110294346213
-4.505414037482785
-4.040553131062756
4.0758327955978455
5.970160935803733
-6.690075096427602
-0.8520323600562669
3.260258002493961
-6.750356445640957
1.026699556375597
-7.011871239093059
0.7623879793749033
0.08779289748153296
1.1632267876458346
-5.602361897881371
-2.7501177961246963
0.3254646589565926
-6.140159645045372
-4.713576231370215
1.330362855056281
-6.5449336887729945
0.16600566452535226
4.939073330835795
-0.7450831971234884
0.2119654912262643
-0.6912243886099834
-7.076211505079604
-0.601947108177221
4.91064564087028
3.572481277200037
-1.6648206407478803
5.063251614930088
3.9328717253090506
1.2529802409445665
-7.275363156354739
-2.487538135005847
-6.979841406206669
7.905978567630722
6.953324782159143
-6.895693661434979
6.940409001358891
-7.492242063630735
-1.4581290268920277
4.3035530013357235
4.253242926779388
7.653332558785616
2.3340930895546155
-1.2742089778827541
7.885705577294063
-1.8803260983780472
5.913924564971335
6.508276984393161
-1.989671459168198
2.923685665624662
2.58868061000749
0.6288042227017634
2.4565455746992324
-2.435681805773596
-5.144421935934213
0.5961357823680196
0.4614806327041485
3.6457302544980497
-4.436956544539736
-7.9444272808814755
-7.6362347628485345
-3.2261921807522906
2.775997724425073
0.7111254244003327
0.51093773594814
5.17376699801255
-4.039807383939591
-2.461444240197972
-3.589604355277963
6.998565778161069
3.600383134542694
-6.194485779736363
4.951650936627111
-1.2921504241319663
4.256855480222454
6.140105949525992
-7.749667258183207
-4.702694050396573
-6.3856525905198875
-7.462779587931507
1.5645583477048426
3.252580269838859
-7.221178860100014
3.848657255677786
-1.563754387025499
-4.250571544199014
-4.5236926371591455
5.819683882720902
-7.096895439608625
0.06233358305495251
-3.3717847783372985
5.0525801082130695
3.7042797298562924
-2.8975408580929276
1.5666827884361982
2.7605104229906186
-2.8693581537122697
-3.171769037692748
-5.707833053386741
2.563398780971891
-4.463316152863479
-3.1919847398812866
-7.024677806291805
7.176324080427541
6.0754222554221275
6.585242649928711
2.0158902023732796
-1.164790683287304
-0.07006740011166457
7.556643765498974
7.065382557310588
2.741480395931557
4.572873535688288
-2.9002486829390044
-1.3388058652568855
-5.612518274797381
-1.9766369838858875
4.070657555810005
-0.4236988734044811
5.589454916160648
-3.1882172992776354
3.321228759807555
4.892418558958191
6.635858781054488
0.9981751933905461
7.484579016746027
0.9165881311883695
-5.8545159830547515
-4.114263742566628
-4.74661227103913
2.347293624767115
6.755617672179557
5.55413417471379
-6.5205760555701815
3.5933553969152303
-4.952294105108187
-3.704614594320301
2.7787507301532557
1.6467527198252139
5.977927335832634
-4.989387297075915
4.187142680595359
3.588883837634386
0.9416076203604362
-0.32969269646536326
5.911581624392607