-0.0552177727
-0.0359389782
-1.41927397
0.320741057
1.39709759
-0.411968648
1.78350317
-0.86828059
-0.670970023
-0.73160249
-1.15369773
0.840963542
-0.842769504
-0.0512969494
0.0610923469
0.157183215
-0.840599656
-0.298345387
0.644493997
-0.992447913
-0.191145062
1.35891569
-0.380518109
-0.00957864523
1.74308717
-0.585401058
-0.986647964
-0.68151778
0.137536943
-0.5007025
0.135804772
1.32898009
0.230742037
0.781387687
-0.938108444
-0.236188143
0.41848886
0.903764963
0.722016811
0.463920236
0.778836906
-1.39369774
0.0989804268
0.511792421
-0.557027161
-0.553227067
-1.46152985
0.145898253
-0.390099674
0.170291424
-0.283005416
0.252812803
-0.38177067
1.15692806
-0.58646512
-0.714090466
0.0356720686
1.34862983
-0.336763918
0.287588596
0.80383116
0.965088964
-0.423233747
0.783567667
-0.296013236
0.563465655
-0.795502424
-0.700129032
-0.0355844498
-0.231479526
-0.611626029
0.861528218
-0.234040022
-0.267357111
-0.665420711
-0.149900898
0.378576666
0.872662365
-1.43595445
0.11956948
0.470802188
0.137818605
0.988718748
0.00967860222
-1.00857115
-1.26356351
0.378939331
0.0719645619
-0.187752366
-1.37111783
-0.986908913
0.000995248556
0.396213531
-0.0256756991
0.107521474
-0.785046935
1.36032605
0.753962874
1.24962819
1.4379977
-0.457866251
-0.371555358
0.121948764
0.179343551
-1.35411978
-0.699176073
-1.43412852
-0.130752712
-0.224733278
1.47638452
0.883419156
0.242698729
-0.808104098
-0.586377859
-0.0896407962
0.163871229
0.333123356
1.0530076
0.168940991
-1.60119748
-0.326282263
0.929927707
1.35587621
0.187727079
-1.93305254
0.505844831
-1.33207715
1.78113556
0.931515932
1.16784
0.0404510498
-1.08755767
-0.0901058316
0.218799412
-1.34774876
0.641282022
-1.08326173
1.31425595
0.19512853
-0.231998503
-0.769534051
1.07656312
-0.0215595961
0.746451795
0.794922531
-1.46901083
-0.0472313166
1.13721144
-0.91651237
0.161443889
1.90001547
0.0931622088
0.423310012
-0.905597031
-1.21133757
0.434566438
-0.342621952
-0.111760169
0.342515171
-0.695869327
-0.498624086
0.583549738
-1.37072825
1.04807174
1.31538117
-0.432068229
-1.35991478
-0.353602499
-0.14817211
-0.467574537
1.35033906
-0.224557355
-0.841556072
-0.420370698
0.231528908
-0.89934516
-1.2666055
-0.872883677
-0.778059185
-0.168263316
0.567631721
0.162817448
0.0208542347
-1.09533572
-1.00862896
-0.125307202
0.372205764
-0.732211471
-1.03588748
-0.327173769
-0.986837685
0.359362364
0.310028017
1.80287743
0.0301823616
0.061864078
-0.137885332
-1.62114322
0.600827456
0.658303082
0.0645267963
0.722086489
0.53959614
-0.698915124
-0.874875009
-1.06910598
-0.704739273
-0.632661819
-0.0544409603
0.361714184
-1.25564909
0.177457213
0.80766362
-0.489550591
1.15501964
1.59899831
-0.229379922
0.106288999
-0.0594553947
0.312432557
1.8858695
-0.569390476
-0.274279296
1.39050889
-1.48396647
-0.203278258
0.934850037
1.64289021
-1.10223818
1.31147337
-0.857762456
-0.476591527
-0.32508117
0.102535695
0.103396833
-0.974356532
0.00835025311
-0.379868299
0.37349236
0.330021203
0.201875091
0.267542899
0.951574624
0.792657018
-0.174747527
0.309293509
-0.939965665
0.177242264
0.98131156
0.191307813
-0.549362421
0.502335429
-0.588241696
-0.599386632
1.31423485
1.42266572
-0.275325
-1.4257611
0.511802077
0.824988127
0.563338518
0.771765769
0.579838514
-0.301088631
0.754780293
0.988521695
-0.0575854778
1.76546919
0.381764621
-0.707993031
-0.195827842
0.136665583
0.641980708
0.587877631
-0.437418073
-1.68054938
0.181288362
0.461391062
-0.656068087
0.715025187
1.36665797
-0.731894314
-0.710428476
-0.954555452
-0.00158381462
0.848268509
0.853244066
-0.664932251
-0.261291355
-0.664371192
-0.448224127
0.719418406
0.275158316
-0.786154747
-0.468412876
-0.687540472
-0.312675297
-0.0572049022
-1.61737359
1.64756513
0.0912075043
-0.28503871
0.579855323
-0.421246171
-0.737960398
-0.792783916
-0.507151425
1.19148946
0.230063587
0.321933329
1.41822124
-1.34967637
0.197419524
-0.498472899
0.914511085
0.0969775915
0.780555725
-0.270851105
-1.34198689
0.180033445
0.848909318
1.86933732
0.08525455
0.572927296
-1.58152366
0.754086733
-0.471360177
-0.0799837112
0.832684159
0.122776926
0.805904984
-0.688717008
0.984220266
-1.37223983
1.24898458
1.33464611
-1.43000507
-0.163322687
0.664565146
-1.01569867
0.242660791
-0.629708171
-1.42796433
0.111532629
-0.288046062
1.00692308
1.12771988
-0.219133183
0.456972897
-0.504793942
1.65333498
0.307156831
1.50595081
-0.35733977
0.535690904
-0.413895309
0.0945725441
-1.20117176
-1.54747152
-0.520112514
-0.176820844
0.0142277181
0.23406744
-0.140675664
-0.953874528
-0.0794039965
-1.11904764
0.688573837
-0.609751582
1.14167047
1.07670307
0.548685133
0.463184208
-0.378149897
-0.642397046
-0.958050489
-0.564302146
-0.621521592
-1.35300183
-0.0309000015
1.06994045
0.528302729
-0.370554656
-0.193274498
0.174194127
-0.577428699
-0.0656408072
-0.181708306
0.0460686088
-0.583642721
1.32772434
-0.184790343
-0.848394394
0.171091676
-1.66277015
-0.511529803
0.34481281
0.691808701
0.408863634
-0.843601584
-0.887267113
-0.0223711729
0.592938006
0.536085248
1.23727131
-1.57739615
-0.392448455
0.123610564
1.24543309
-1.12479067
1.29698825
1.00496721
-0.0589908063
0.447906673
-0.702275455
-1.2539953
0.123142242
-0.171587497
1.6873908
-0.303080261
-0.697225869
0.880936146
-0.435281724
0.0939701796
0.410262257
-0.246489882
-0.355920732
-1.7104404
-0.0848317742
-0.0460222363
-1.66810977
-0.448076665
-1.08605659
0.993469119
-0.316777289
-0.491455734
-0.922936916
0.231358796
0.628957331
1.57380986
0.693754077
0.166235209
1.11644864
1.4714613
1.62038922
1.21027708
1.17264307
-0.736667335
1.393296
-0.404901624
1.21720588
1.14427447
0.472296059
-0.129147798
-0.526603043
0.430173934
0.0690616667
-0.128950208
0.157480329
-0.183549583
-0.0847831368
-1.24235415
-0.425342858
-0.804129481
0.952976644
-0.985109568
0.363031149
0.0424782038
-0.582215548
-0.323271692
0.280646801
0.547086179
-0.251553029
-0.258043617
-0.443267524
-0.0636616945
0.237007767
-0.173294127
0.57275027
-0.0451079011
-0.702164292
-0.331520557
-0.620972037
0.662817538
0.839180112
0.877536476
-0.474478185
0.860135198
-0.810916901
-0.594345331
0.00885695219
-0.641993225
-0.879853725
-0.226647198
-0.445169002
-0.640364408
0.724696875
-1.26527417
0.311964065
-1.48091817
0.544508338
-1.6281122
0.653491616
-0.323177099
-0.636619925
-0.21372214
-0.984913468
0.730997443
-1.56838059
-0.449109137
-0.96566093
0.0525743663
-0.00925290585
0.0692228824
0.911415696
-0.333978832
-0.541843534
-1.57078791
-1.50885177
0.438803554
0.018389523
0.0911149085
0.934506238
1.53877592
0.148137197
-0.227183282
0.040880084
-0.835138798
-0.497713208
-1.490381
-1.12085509
1.10089564
-0.597802222
-0.0171499848
0.905245543
-0.199911356
0.321458578
-0.499798834
0.556867838
-1.75398481
0.9386428
0.809640408
-0.338938445
-0.692483068
-1.07333732
0.17811437
1.28947806
0.5132339
-0.396594495
-1.64707685
0.886120081
0.433632642
-1.02813363
1.47145915
0.329593837
-0.519516349
-1.20395458
0.136186123
0.672064006
-0.105576739
0.0719422251
0.299081057
0.392873734
0.378246576
1.015962
0.247960508
-0.753423989
0.940620244
0.766857505
0.248498708
-0.47624445
0.666799426
1.37693357
0.920722902
-1.23434782
0.615563512
0.264205337
0.0235680118
0.826542914
1.43581748
0.4046399
-0.032607913
1.38309002
-0.689913452
0.494087309
-0.146389037
0.454868823
1.12956941
0.29871273
-1.90922117
-0.163029194
-1.11194968
-1.49610662
-0.283397555
0.259257704
0.77386117
0.659508884
-0.445364922
-1.14883375
1.29974639
-1.6639185
0.513278961
0.209249794
0.0712647736
0.00103244185
0.314415187
-0.611962378
1.20198584
-0.741112947
-0.775344193
0.65216279
0.281465024
0.52522254
-0.921248853
0.459195644
0.310924351
1.18480706
-1.22260547
-0.421864539
-0.58919996
-0.590448976
-0.541023374
-0.996251225
-0.27750352
0.553044319
-0.236734807
-0.213899076
-0.164231479
-0.703937531
1.35520244
0.999224782
0.615247905
0.00752842426
-1.46502185
-1.35790372
0.0172142386
-1.10358799
-0.198873758
0.611130714
-1.39266491
1.56280553
-0.349320859
-0.477421254
-0.322794497
0.890225768
-0.864102542
0.655835032
-0.13162376
-0.0619860999
0.0147098526
-0.89589715
-1.38701439
0.0879369974
0.103282988
1.08978808
-0.741776228
-0.834185898
-0.65303278
-0.166924834
-1.212502
0.0692083687
-0.626370013
0.28800559
0.0992232561
1.24385738
0.318364888
1.40937698
-0.0672940612
-0.116116323
-0.455367029
-0.282044798
1.16090918
0.522578478
-1.23346543
-0.0123290122
0.223343715
1.2840606
0.253869116
0.0242518187
0.384878159
1.22901511
-1.548033
-0.722184539
-1.28525651
-0.304955542
-0.444390744
0.293805182
-1.40154314
-1.13570523
0.541525126
0.0137937069
0.153497696
0.302623212
1.03120399
0.562377393
0.795342565
-0.286789089
1.6682235
0.371242374
-0.420621514
-0.691974759
0.63689512
0.119257808
-1.16433287
0.0109935999
0.36962083
1.39989591
-0.85866183
-0.108171105
-0.0532807112
0.831786036
-0.3926346
0.944981456
-0.522720456
-0.0283518061
-1.71932614
0.0736401081
0.287362278
-1.16930354
0.343284607
-0.0227712989
0.96334064
1.07361102
-0.104617834
1.85068214
0.168949664
-0.46428284
-1.1939503
-0.279610872
-0.337801397
0.0766431019
0.172984749
1.76058221
-1.16347826
-0.307358891
-0.100412756
0.585085273
-0.416063994
0.166627854
-0.697267771
-0.115821213
-0.135158956
-0.934967399
0.947221279
-0.254148334
0.201208174
-0.0441179872
0.032303445
-0.277323067
-0.299116582
0.575816989
0.355641901
-0.57503444
-0.440791637
0.216065526
-0.369448513
0.457296878
0.479268521
-0.231078923
-1.19578171
1.18473577
-0.0935952067
-0.297593117
-1.09644604
-0.190075219
0.882264912
0.230598941
-0.0831663609
0.224205375
0.00845783949
0.0265277922
-0.617002785
-0.187086791
-0.398616731
0.0285893157
-0.205788076
0.264100373
-0.150226355
0.583640456
0.200066805
-0.074283123
0.644097865
0.177686125
0.278339118
-0.163780183
0.834095478
0.478130579
0.112955987
-0.853869438
-1.10388386
1.64872837
-0.0966555625
0.01623559
1.5382098
0.211207122
0.243112177
-1.08472252
0.790486634
-0.648546278
0.788867354
0.209048778
-0.612890959
-0.767159939
1.36423051
-0.675104856
-1.27337694
-0.548536658
-0.750043035
0.870682478
-0.843841016
0.149042338
-0.864875734
-1.03248501
0.218981266
0.244972616
-1.41091704
0.110640913
-1.63823342
-0.1116741
1.17976081
0.674445927
0.033666268
0.93171382
1.23118758
1.94044352
0.554488778
-1.20773649
0.0936179161
0.149719819
1.56475472
0.753167212
-0.342625022
-0.588466048
-0.448388726
-0.117071956
0.611486793
0.866639256
-1.57409513
0.9220438
0.997271836
0.210806787
1.38462067
1.24763298
-0.0962007046
1.01841152
0.251738369
0.392589122
0.467841268
-0.450747848
1.51158762
0.18358922
-0.235191643
-0.268377125
-0.0280686915
1.52030277
1.68529367
-0.154266506
0.0529819578
-0.190693319
0.662748814
1.57311845
-1.05622983
0.789123952
1.70196557
-0.780805111
0.718504727
-1.03679705
0.725694597
0.0543923378
0.0467860848
-0.25003773
0.56591177
-1.47951794
-1.37681651
0.17929709
0.292317778
-1.5169735
1.66145039
-1.31083584
-0.816721082
-0.0581700504
0.348214954
-0.292636991
0.256443799
-0.153755367
0.528440118
0.150399506
0.432192564
0.384092987
0.896482348
1.19899487
-0.404200554
0.384042859
0.481798977
-1.39950168
-0.627083182
-0.760680556
-1.21058083
1.04123247
0.733308911
1.90670824
-0.111177951
0.304294348
1.25394547
-0.0639184415
0.989548445
0.945582628
-0.0641878843
-0.724011183
-0.436483771
-0.392898977
1.1853075
-1.17291498
1.05538225
1.11170626
0.602038264
0.0564386249
1.23034859
1.28589678
-0.493377745
0.52314043
1.51875067
1.19155955
0.24859792
0.423781693
0.491241366
-0.837066889
0.649834275
-0.0592886209
0.145026028
-1.07400429
1.26560223
-1.47126782
-0.317748785
0.357020885
1.71628618
-0.0450353846
0.357398868
0.160026968
-1.3504703
0.162695497
-0.820235133
-0.384460688
0.264992893
0.142599493
0.168543041
1.69489062
-0.732321978
0.690425575
0.812329113
-0.348709434
0.918862939
1.66264093
0.911114395
0.105870903
-0.0933230519
-1.82474387
0.764669597
-0.500610709
-0.0169094205
1.24800587
-0.682479024
-0.0149550438
0.631499529
-0.319337606
-0.438263685
-0.153702378
-0.0453209281
0.310875863
1.05780125
-0.591791987
-1.81157947
1.53259516
0.148769677
0.383886904
-0.869200706
-1.51793039
0.303623974
-1.01130235
0.379642665
-0.361539811
1.23446655
-1.19814241
-0.529666305
-0.183930993
-0.414448887
1.03548777
0.517962515
-0.208282113
-0.969296336
-0.315019011
-1.21285784
0.302734524
0.0166628212
0.302392662
-1.88309598
-0.917275667
-0.529610872
0.0649825335
1.39843845
-1.1845839
0.16629523
0.0671253502
1.27776515
-1.10037851
-0.115468659
-1.25062048
0.0153048038
0.434869707
-0.199014723
-0.1478706
0.213524848
-0.353223532
-1.42016113
-0.303132057
-0.00839191675
-0.413215339
-0.699429452
-1.17519689
0.613212764
0.355725825
-0.388644397
0.846594691
0.338713408
-0.0680812001
0.638326168
-0.923300087
1.45060027
-0.760975242
0.0232920051
-0.546167076
-1.49309564
1.12766969
-0.51982832
-0.966076374
1.3808794
0.0767638683
0.0026126802
-0.41096139
-1.65463829
0.997813642
-0.602070987
1.46006656
0.896821678
1.17295551
-0.721152067
-0.935142219
0.984237254
0.76161778
0.0812684894
0.820906401
1.40217805
-0.44132483
0.737694025
1.75640023
-1.74432528
-0.265837878
-0.402055502
0.0244486034
-0.467060655
0.735716045
-0.106086075
-0.265317738
0.462710708
-0.823511541
-0.610780358
0.0950382501
-0.606887639
-0.173760831
1.50601029
0.940413654
0.757287145
0.336221099
-1.59966218
-0.0242554545
0.776852429
-0.0104283094
0.359705567
0.207766786
-0.598784268
0.12103413
-1.46808147
-0.771308482
-0.805296838
0.0492898375
-0.422505826
-1.0689069
1.10936415
-0.588409781
-1.2195636
1.3374697
-0.0240634084
1.45760655
-1.77307403
-0.172099292
0.0837019086
0.184231848
0.0959798992
0.565295875
-0.680392385
0.397092015
-1.48676634
0.655634999
0.216902256
1.15221524
0.275024265
0.275666833
1.22790694
-0.423308462
-0.87392664
0.803775907
-0.0926327705
0.832459211
0.182867646
-0.141528487
0.721286237
-0.946933031
0.147457451
0.16179055
-0.114257574
1.39290094
1.70775843
-0.305249989
-0.387326539
0.951258183
-0.273539007
0.357149124
0.571818948
0.370957583
-0.229899943
-0.0466474593
0.264981955
-0.310097933
-0.716968834
-0.0125288963
-0.80623138
-0.453497797
-0.528163552
-0.3784886
-0.197724223
0.665984035
-0.870214403
-0.833307803
0.470775783
0.238028467
0.820893049
0.123809993
-0.09168154
-1.50427115
-0.750266254
0.244655013
0.94989872
0.642697215
-0.100403816
-0.137955457
-0.209662184
-1.07580698
0.106941015
1.04503179
-1.75456905
0.682858169
-0.138763934
0.559256434
-1.00980699
-0.160953999
-0.298994124
-0.598553836
1.13269877
-0.699145198
-0.549547672
-0.824581146
-1.02811193
-0.984963536
-0.410359234
-0.630147815
1.14264989
-0.854305327
-1.03496087
0.430369973
0.325235605
1.35327625
0.360859871
-0.561164796
0.941628933
-1.31844366
-1.74630785
-0.0300010443
1.70094204
0.432707816
0.869782567
-0.0587082803
0.257575452
0.0150943398
-1.36070466
-1.05060506
1.13359308
1.03562462
1.2749114
1.44426703
-0.623673677
1.01002932
-0.151855558
0.620308995
0.358726233
0.786471605
-0.860598326
-0.483842075
-0.557312906
-1.59309649
0.437104464
-0.627861857
-0.600265563
1.26494527
-0.856523037
0.52402842
1.20769131
1.44312704
-0.183725357
-0.692481816
0.0853821039
0.886075377
1.2734201
-0.326710254
-1.45050168
-0.198415518
-0.494462252
1.12557936
1.04559064
-0.736052752
1.20773327
-0.199751511
-0.550803721
-0.040389657
1.21691358
-0.131394625
-0.121904314
-1.20079315
-0.594465435
-0.80625689
0.251775146
-0.946582615
0.747460485
-0.21203506
0.792429686
-1.74378848
1.44224536
-0.84558326
1.46349549
0.473925173
-0.173271701
-0.877740383
0.633902848
-0.616636753
-0.0157712698
0.610137224
0.0382745862
1.43287373
0.21881777
-0.724179566
0.382594973
-0.140395463
-0.90109092
-0.530930698
0.151902199
-0.0441265106
-0.561941862
-0.443846285
-0.132495642
-1.16730106
0.404484034
-0.14200224
0.572634399
-1.5064249
-0.0253365636
-0.167237759
-0.375674248
0.607389927
-0.037595436
-0.346095502
-0.306560785
-1.12197351
-1.78283381
0.00118494034
0.234751314
-0.171379298
0.666624427
1.06605923
0.244205594
0.053773582
-0.145821422
-1.45928168
-0.533257484
1.11273444
-0.268999666
0.43160364
-0.213513047
0.45765999
0.0748276114
-0.0539015383
0.258994192
1.40231776
1.33117759
0.34338358
1.28031695
0.0893306434
-0.570361257
1.18821836
0.683223546
-0.469560504
-0.817968071
-0.185136497
-1.30920315
1.36348975
0.151927516
-1.20894444
-0.991686404
-0.544589043
-0.23641634
-0.0446301699
0.053327769
0.739706516
-0.135461748
0.0648554564
-0.00253143907
0.839750409
-1.69841838
0.132939234
-0.84195447
0.423197627
0.636760414
0.566880107
-1.36266744
0.265730858
0.0823398978
-0.0450412631
-0.201610446
0.213363349
-0.890189826
0.708341718
-0.827817023
0.729327738
-1.17123568
1.05478024
-0.826499641
-0.101748109
-1.05179071
0.291553676
0.368378341
-0.550652206
-0.390164316
-0.83290875
0.461793065
0.523238719
-0.287406087
0.595227838
-1.30781496
0.366255105
-0.056434691
-0.246290088
0.452347755
0.0189395547
1.3622489
1.04037595
-1.131585
-0.293600976
-0.4310067
1.25773966
-1.50272179
-0.6132707
0.355147064
0.421407878
-0.505699635
-0.372275144
-1.74704182
-1.54408264
-0.917096734
-0.947309494
1.59224296
-0.624760389
-0.466544509
0.0516487956
1.19476056
-0.608300447
1.28675866
-0.39809078
-1.08521664
0.374577999
0.267572999
-0.478800535
1.16802347
-0.916894376
-0.359569013
-1.47580957
-0.686597109
1.59454608
-0.358725309
0.225900546
0.756886184
-0.177828074
-0.126103878
0.196121544
-1.67838788
0.231990829
-0.294909
0.799161196
-1.4594934
0.642349243
0.374978691
-0.36259973
0.387537748
-1.1536026
-0.953344762
-0.424324393
-0.712748408
-0.149943292
0.51020813
1.27563179
-1.56746149
1.79010499
-1.63876641
-0.125312597
-0.893399954
0.499888718
-0.263220191
0.190043822
0.296128005
0.806398988
1.11537695
-0.362675011
-0.0117244124
0.916728735
-0.633793712
0.512088358
0.657674313
-0.26651299
0.793800473
-0.837808788
-1.21982968
0.444618613
0.396770954
0.028244257
0.674973667
0.904829025
-0.500089288
0.550269127
-0.0631498694
-0.176107764
1.25612307
0.654190421
-1.26338434
-0.929091513
-1.11927676
0.0241019726
-0.0325565934
-0.523819745
1.26487994
-0.107384615
-1.02337241
0.424771041
-0.0152705908
-0.389854491
1.27486157
0.62573278
-1.09873688
-0.75630331
0.042784363
-0.015740335
0.311292529
0.903537035
-1.22637105
0.129238248
0.20081301
0.233179092
0.457816869
0.0552271865
0.0159986615
0.797111392
0.0585643053
-0.0684084445
-0.246766984
-0.463214964
-0.448657185
-0.719560504
0.561354399
-0.440740913
0.519577682
0.284059167
-0.39242366
0.221733898
-1.47179556
0.42278856
0.364886373
1.92516851
-0.86692214
1.00402474
1.30000091
-1.75836146
-0.396664202
-0.992479324
1.03590417
0.801939368
0.119501829
-0.492737532
-0.409767389
1.42305636
-1.14460909
-0.951441288
1.11987162
0.166232795
-1.01875973
-0.0365700275
1.06344271
1.03305662
1.07526934
0.288317114
0.427178144
0.464756966
0.971300423
-0.934659898
0.296778738
-0.440048009
-1.67595959
1.34196627
0.675720155
-0.26016131
0.140011221
0.365877956
-1.12501562
0.0496549904
1.4537195
-1.17208266
0.607768953
0.183492437
0.0106665492
0.71387285
-0.326589346
1.75635958
0.722042859
-0.299669206
-0.0889497101
1.61822951
0.58015883
-0.399457991
-1.60337818
-0.0901663229
1.18269193
1.19957781
0.0214444697
1.2576375
0.996815145
1.01114142
0.888535619
-0.492108524
-1.19626117
-0.473911047
0.16190511
-1.25684476
0.45279029
0.700493336
0.907496214
1.01994681
0.231683612
-0.438945055
-0.736655772
0.230000615
0.142214924
0.0121311545
0.679605484
0.980993271
-1.01754272
1.44049692
0.967455745
-0.528195024
1.05482018
0.305639148
0.801380277
-0.388929904
-0.429758728
-0.295565337
0.332334042
0.365606606
0.143295348
-1.31594324
-1.25055575
-0.0152054429
-0.289496124
-0.764397383
0.92585218
-1.24334109
1.50986052
-0.0051881671
1.42793822
-0.0198044181
0.999797165
0.586508274
-0.627118289
-0.919159889
0.635570407
0.60278976
-1.08745086
1.21220112
0.161358178
0.0925750434
1.35466945
1.16192329
0.310367972
0.231485263
-0.323597014
-1.44057083
-0.667953014
0.844757199
0.893778622
0.962226868
1.3568908
0.2424317
0.573247194
0.506291509
0.34755829
-0.213882729
1.46559381
0.894469261
0.197731763
-0.275166541
-0.0398145616
-1.48010087
-1.53258371
-0.0930952951
-0.277101278
-0.734938383
0.326517761
-1.11470199
0.604697883
-0.0215682089
0.382680327
1.37012684
-1.42885637
-0.951512814
-0.231437504
-1.26005733
0.797708869
-0.233839303
-0.180381835
-0.825274825
-0.274222016
-0.515529156
0.798817754
-0.867741466
0.170539021
-1.31286252
-1.2087754
0.165654778
-0.542707682
0.600314617
-0.819577813
-0.528154135
-0.575772941
-0.719151974
-1.23205173
0.32735616
0.516200304
0.994371057
0.423551023
0.353166968
0.0633472204
-0.992604196
1.10255587
0.199854568
0.750166655
0.300783694
0.936608136
0.779649138
1.13001418
0.0968901515
1.35957837
0.621850073
-0.427084893
0.221037924
-1.04503143
0.92911768
-0.208718359
-0.241572872
1.13444173
-0.549444854
0.065884769
1.15736055
-1.37735319
0.977955043
0.684231043
-0.0754159093
0.590723038
0.953846812
-0.475408435
-1.47094059
0.358915299
0.547320366
-0.17949158
-0.877508342
-1.12606502
0.0229967311
0.319462836
1.16496885
0.581424952
-0.0509459972
1.1056385
-0.181214243
0.288740635
0.397089183
-0.738100529
-1.15221131
-0.234885097
0.653109252
0.533648014
-0.250494301
0.0867889524
-0.745988488
0.123677999
1.22023058
0.0334543437
-0.37270844
0.79724586
0.445756048
-0.663860202
0.185879141
1.44606256
0.737024009
0.954088092
-0.699552298
1.29889572
-0.620682359
-0.0851920843
-0.139248103
-0.587517917
1.21288276
-0.829096258
0.151680321
-0.615412593
0.844385684
-0.713273406
-1.68936229
-0.590629935
-0.102168262
0.472449452
0.741023362
-0.161904335
1.19562006
1.57397318
1.06170881
-0.41678828
-0.977573991
0.313613594
-0.242852554
0.434593081
-0.702575386
-1.3624351
-0.46032536
0.898552418
0.578612804
-0.682043731
1.04057276
1.2489419
-0.0256784856
0.211935624
0.512016177
-0.590366244
-1.18505299
-0.442250758
0.119230807
0.33447367
-1.04205489
0.177328378
0.119057894
1.11275196
0.498821199
0.686232448
0.789931178
0.690139949
-0.871779561
-1.62152624
-0.450350702
0.210566893
0.93470192
0.298456788
0.165647984
0.920177579
-1.21900463
-0.185707778
1.2285198
-0.671701074
-0.21395582
-0.254427195
-0.430490494
-0.427524149
0.208259881
0.595034719
0.0250089169
-0.868839324
-0.758982182
-0.333988726
-1.07203245
0.819300354
-0.0656688958
0.956109285
-1.62640619
0.292548329
1.19048774
-0.87321347
0.259015292
-1.37869358
0.204048783
0.209739685
0.0270702392
1.55365014
1.47422647
-0.765099645
-0.523851991
0.454297364
0.415007055
-0.555279374
-0.033326149
-1.78381801
0.162623331
-0.867306948
0.610016346
0.683607697
1.00653207
0.162736714
0.867677927
-0.561483979
1.83672595
0.938551486
0.344383627
-0.277594924
0.319830775
1.46855247
1.31853306
0.335484654
-1.05206335
0.156747729
-0.991828322
0.970322371
-0.105519712
1.67416263
0.699681044
0.2158968
0.208808124
0.730392814
-0.171517581
-1.25608683
0.122717202
-0.35618484
0.853300035
-0.0136306286
-0.660595059
0.190826863
0.0191735625
0.110846743
-0.359712124
-0.910139799
-0.202090085
0.207633674
1.46943188
-0.246935949
-0.887175977
0.247798607
-1.53756261
0.242403328
-0.704654455
-0.0964333415
-0.435683638
0.130336821
1.17725778
0.4347018
-0.307408214
-0.20653531
-0.66977787
0.0379602909
0.692210257
-0.204813182
-0.73022449
-0.633729756
0.62531805
0.0377845094
0.496032715
1.14255285
-0.404320985
-0.800948322
1.04068279
-0.406250834
-0.492812455
-1.23053122
-1.578686
-0.406674832
-0.0814961493
-0.41471076
-0.443862885
0.533074439
-0.821683407
-0.464271963
0.950534105
-0.122665435
-0.542035818
0.467108399
0.167677999
-1.51376677
0.560225964
-0.547575712
-1.75750589
0.275310457
-1.55422568
0.354379356
-0.910644174
0.289941967
-1.58847117
-0.827245474
-0.599241853
0.148956716
-0.390482008
0.293504775
-1.78087664
0.459845304
0.940874338
-0.526226163
-0.802007318
-0.187996328
0.101025224
0.659361362
-0.0450357199
1.10728729
-0.00642515719
1.22213864
1.13251531
-0.479609191
-0.590122879
-0.781900883
-0.424106568
0.673589885
0.776105881
-0.680769742
0.327178717
-1.1656065
-0.965125859
-0.0573587418
1.25083876
0.965385616
0.131351665
-0.860153735
0.178310335
-0.283302397
0.968736947
-0.108392239
0.319027513
0.372119099
-0.44138214
0.0430823974
-0.432274133
-0.097510919
0.0119907856
0.868454874
0.607425928
0.754179716
-0.510531068
-1.25229859
-1.86765277
-0.343640983
-0.194027781
0.693491042
0.64297837
0.409193873
-0.32687974
0.175107569
0.0743778944
1.26823592
-0.354518324
-1.50654447
0.57323885
-0.69649303
1.25021338
0.334046543
-0.215175748
-0.770543337
-1.42016459
-0.514549732
0.774414778
0.562546849
-1.66699016
-0.504529715
0.113622949
-0.155788004
-0.933658123
0.452000082
-1.5775547
0.310943574
-0.914207637
1.34152627
0.310158074
-0.630904436
-0.253043562
0.706275225
0.151274025
-0.570014834
-0.145902336
0.285360366
-0.817488551
-0.289175361
-1.37052941
0.510346651
0.448140383
1.23414457
0.723551154
0.564399004
0.309807271
1.44020891
0.776362538
0.741307914
-0.104800582
-0.93361485
-0.366228938
-1.02468908
-0.145927191
0.902947068
0.360617518
0.0201579332
0.530613303
-0.574265122
-0.206270516
0.120139241
0.976495445
0.806327224
-0.757265568
-1.28827405
-1.35420346
-1.51781583
0.0620637238
1.81334841
0.922197998
-0.773060918
0.872381091
-0.424091607
0.428354859
0.987801313
0.486426711
0.625185013
-1.22025895
0.837161303
1.05643034
-0.310286045
-0.973992884
0.937977552