0.000380238838
2.04482706e-08
1.11676911e-06
4.87406339e-07
0.00179634744
0.000690325163
0.0216951519
5.50778623e-08
1.17132477e-05
2.2075783e-08
4.53018629e-07
4.45074074e-05
2.09534221e-08
3.30011801e-07
0.000449493673
8.38504347e-05
4.66275253e-07
0.000170412459
0.00577248633
1.52062469e-08
0.00544840796
0.000972822192
3.17078343e-06
1.64909693e-07
0.0614132024
2.99063026e-06
6.0440513e-08
6.44048299e-08
0.0106134852
0.000214774234
0.00556372572
0.00161272369
7.29387757e-05
0.0792072639
5.85046337e-06
9.39366873e-05
0.00794616994
0.000272131932
0.013323457
0.000140837263
0.00107827771
2.85288753e-08
5.25367511e-07
1.40519751e-06
4.91264451e-08
5.68147129e-07
6.89753463e-08
1.17063735e-06
0.000358139194
4.69869792e-06
5.11852522e-06
3.91442285e-07
9.81783387e-07
0.0441984199
0.000436390459
0.000234174586
2.11863991e-07
0.00159718806
1.8719787e-07
5.93732057e-06
0.102985598
0.000383740611
0.00010161251
0.000783521682
0.00985369179
0.00338114402
5.3512224e-07
2.29044055e-08
2.13233966e-06
9.938434e-07
4.00795358e-07
0.0488508157
0.0168457367
2.1060564e-06
0.000491267827
7.69123562e-06
0.0310307015
2.11491715e-05
9.4937991e-07
7.08936739e-07
0.00010905596
9.17444481e-07
0.000158118826
0.0237452332
8.16926149e-06
4.57995156e-07
0.117075309
4.75789966e-05
5.86904392e-08
2.91247542e-08
7.921075e-08
0.000313910452
0.00437315786
1.17579593e-05
3.78703859e-08
6.14647797e-06
0.11445225
6.50919101e-05
0.0766668543
0.013127258
1.64680642e-08
0.00139621506
0.000747950457
7.38101226e-05
9.7938937e-07
0.000389693101
8.16597279e-08
1.43854095e-05
1.94831609e-05
0.0581642352
0.0167075843
9.26997586e-07
4.12375302e-05
2.38926503e-07
0.0300920531
0.0153407482
1.62431763e-06
0.000377346209
0.000233572966
1.58088483e-07
0.0027247821
7.67102465e-05
0.0035262648
6.63955143e-05
1.38305056e-08
2.4509302e-06
1.87155464e-08
0.0391653851
0.0119116176
0.00561034726
1.27883038e-06
2.35771402e-08
0.0117766382
0.0354866125
3.67423389e-08
2.22327672e-05
2.82438517e-08
0.0017996626
0.00195680885
7.28016758e-08
1.87320802e-05
6.17180849e-05
6.48317609e-07
0.0107713835
8.13297811e-06
2.76509724e-07
5.21673646e-05
0.00110170746
2.33198975e-07
1.36776862e-06
0.0767346844
0.000306056143
1.03327784e-05
3.6852849e-05
6.46858567e-08
3.39893575e-07
2.08566598e-06
0.000114280861
3.70669227e-07
3.16382653e-07
2.90600397e-08
0.000226641016
3.63777957e-07
0.0182594825
0.00877696741
2.89970004e-08
4.20543927e-07
0.000415450893
2.87511767e-07
7.75144287e-08
0.0295532066
8.66961345e-05
1.79655526e-05
0.00264289556
0.00381109398
1.96376433e-07
4.40078374e-08
9.2307364e-06
8.19052184e-06
1.64136709e-05
0.00108673528
0.000445658254
0.0643674433
4.50674875e-08
5.85713133e-06
2.12667805e-06
0.00906775892
4.98685836e-07
1.9574594e-07
1.22256488e-05
7.97112443e-06
8.04480919e-07
5.07947163e-07
0.0242936295
1.11988529e-05
0.00902095344
6.22354346e-05
2.09657216e-08
0.0819807202
0.00601589959
0.0504965261
0.0255295392
0.00736762909
1.33546976e-07
2.21088412e-05
2.85268584e-07
5.71083183e-06
2.38465976e-08
4.01199941e-06
0.0655560791
6.49838512e-07
0.00261978991
1.35427845e-05
8.11601694e-06
0.0418899842
0.0770710334
6.78984143e-05
0.000916216115
1.11077064e-07
1.07577864e-06
0.0502652749
9.87512904e-05
5.46441916e-05
0.00147045718
2.32922144e-08
0.000106971354
2.91171018e-05
0.00785761233
1.15861866e-07
0.0442752875
3.36246337e-08
1.82486232e-07
0.000127266234
0.000459032279
4.02114495e-07
6.35394599e-08
0.0143329538
4.79584685e-07
0.000126219922
0.000187883867
7.63939443e-06
0.000106109997
4.00545796e-05
0.0291736145
2.45089012e-07
0.000884293055
4.25153587e-07
5.2503442e-06
0.000433877984
1.1339115e-06
1.46896002e-06
0.00156485988
2.97897778e-08
1.42718309e-05
0.0809017643
0.0779063776
3.9471054e-08
3.70134359e-07
8.5116244e-07
0.0373389088
0.0161466505
0.0157400742
4.51802225e-06
1.52527605e-07
0.00759739196
0.000946035609
0.000217562338
0.0885542259
0.000428059575
1.38538994e-08
0.00582146551
1.470646e-06
0.000497631729
0.0408851132
1.04800002e-07
7.74982212e-08
6.77599914e-08
8.53891834e-05
9.54289931e-07
0.000194984153
0.00118492648
3.176512e-07
0.000312139047
8.34755156e-07
3.03304114e-05
0.0238854624
0.00925853197
5.35262501e-08
1.07279639e-05
1.02278091e-06
1.29374635e-08
0.00278930832
0.000326834852
8.08096274e-07
0.00172906439
8.33066078e-05
1.14573522e-05
1.42693182e-08
4.07435792e-08
0.0167364329
0.0233534165
7.55719884e-05
0.0077014328
0.00013642764
1.30699021e-07
9.39276106e-08
1.69515545e-06
0.0215761736
0.00416136393
0.0116945999
0.0215565637
3.52348621e-07
6.62401874e-07
6.3313216e-08
0.00322117331
0.0170140807
8.14724353e-06
0.000251193997
1.44929828e-07
0.035374172
0.0124482131
0.0742310509
0.00526054017
0.0162898973
1.81737576e-08
0.00160466938
2.48583569e-06
0.035907276
0.00458893506
0.0123407962
0.00525865424
8.73307158e-07
0.00361784291
6.89186166e-08
0.0140490457
0.0113065019
4.29377309e-07
0.00577346142
1.93074811e-05
1.61396611e-06
0.00410996098
4.66344261e-07
1.78504287e-08
2.68667208e-07
2.33458059e-06
0.0123979729
0.0639506429
1.06358084e-06
0.000350495859
7.3191577e-06
0.080341056
6.50458751e-05
0.0410865322
7.73905384e-08
0.067646496
2.12827345e-07
0.0596464649
8.54792063e-07
6.92578723e-08
1.27899757e-05
0.00141143461
1.84869259e-06
0.00019933423
4.37464369e-05
5.80527876e-06
0.000124095299
7.19787863e-07
0.00102885871
1.25592381e-08
0.0330191813
6.74153853e-05
0.00121989637
0.00174907525
0.000558747386
4.15031809e-06
3.74488991e-08
0.000504437543
2.40810937e-06
1.85575482e-06
0.00954607874
0.00122624158
1.49301479e-06
1.72322189e-06
8.41426299e-06
1.56509541e-05
2.83660779e-06
1.91806308e-07
2.0889931e-05
0.0856431574
0.00127310364
0.046958264
0.000473600812
3.08738299e-06
0.000160632844
2.51882266e-08
2.46636387e-06
2.42965889e-05
0.000268240052
0.00088661979
4.26035112e-05
2.95676891e-05
7.64409833e-07
4.85748023e-05
0.0457533002
0.00850595813
3.78018598e-07
9.71843477e-08
9.55221185e-05
0.000625893124
5.33953289e-06
0.0121720918
0.00414781179
0.00118423975
9.10625602e-07
6.05442835e-07
3.6991473e-08
1.25810459e-06
5.01143477e-05
0.0200890265
8.02488884e-08
1.89761249e-05
0.000594887359
5.61630941e-07
0.00172640092
6.81806341e-05
1.24094879e-06
0.000906013476
2.73467755e-08
0.00413630111
0.00561313517
1.37727596e-07
2.25213662e-05
4.17409694e-07
0.113502748
9.94295915e-05
5.58894477e-08
1.3489115e-06
0.0196436103
3.71704991e-05
0.00927234441
0.00108938629
0.18321307
0.000343560328
0.0999833867
0.0391415916
0.000452398381
0.00249117333
8.05257223e-05
0.014782995
0.000160465177
0.0429355428
0.00367979705
4.97453657e-05
1.58279295e-06
1.30729757e-06
0.000674997689
0.00524559896
0.000104891107
0.000566853501
2.02523415e-06
8.64542073e-08
2.42002125e-06
1.9339559e-06
4.16817966e-06
0.00014182039
2.29032906e-07
1.01238572e-06
0.00166124559
0.00202805432
6.99333356e-08
1.70085477e-05
0.000147511222
1.93852702e-05
6.84871452e-07
2.07889698e-05
0.0485107861
0.000286402006
0.0017035912
0.0224678013
0.00522724167
1.10036017e-05
2.75008958e-08
6.96060442e-06
0.0043058414
0.0213176999
0.105557494
2.04190201e-05
0.00391424028
0.000156060385
0.000389228808
8.52778669e-07
8.37672417e-07
2.6722375e-05
3.98163529e-08
5.42055704e-06
0.00131080393
1.61382522e-05
3.50933504e-07
4.42726814e-05
1.92852539e-07
0.000527546625
3.85264229e-08
1.36870476e-05
0.000209013189
3.86101036e-08
0.00073224894
2.19438562e-07
4.04190541e-05
5.59486963e-08
1.07810201e-05
7.39849213e-07
4.67233531e-06
0.00311419042
6.88998489e-06
0.00268706935
0.00965120457
9.05193531e-07
5.92819163e-08
2.18005933e-08
8.95461708e-05
0.141856968
4.3206901e-06
0.000526554591
0.00428886758
0.000540299632
0.00278438092
0.0634391829
3.88221423e-07
2.21510437e-08
1.8307982e-07
1.20462715e-07
0.000717225834
0.000132629924
5.22819732e-07
0.00115920429
0.00340983411
2.34259801e-07
0.000265074108
0.00251709344
9.99160505e-08
0.00788618997
0.0807878599
9.01418176e-08
2.41107916e-08
2.35223229e-06
0.000813711376
0.0727522224
9.1204638e-06
0.00148665672
5.393332e-08
0.00100614387
0.000365011219
8.16322938e-08
0.00372843328
0.0129485792
0.000237611122
1.10906356e-07
0.109705947
0.0043861852
4.13426505e-06
1.51514714e-05
6.00854901e-06
5.24270181e-05
3.75748027e-06
0.0128007568
0.00827789679
8.65244232e-08
0.0758604333
0.000417135423
0.00916700903
0.0013142057
1.69767263e-05
0.00200775894
0.0817670226
1.20366076e-06
0.00660272082
8.77784332e-05
3.65985979e-05
1.70004769e-05
0.00192074548
1.17160846e-06
0.0132461181
0.00946868584
6.39697575e-08
0.0213786624
7.91254422e-07
2.70959736e-05
0.00027848297
6.87490865e-06
2.53050541e-08
0.013085953
2.93313605e-07
4.76144947e-07
0.00559353828
3.70421412e-06
0.020934822
0.0011915256
1.32889352e-06
1.88068761e-08
0.0618860759
6.29041708e-08
0.00161202159
3.96977848e-05
0.0029651525
0.00100606179
0.000492008461
4.11486326e-05
0.00517179584
7.08565722e-08
5.54101007e-07
0.00102520094
2.14544229e-06
0.000175728215
3.10692085e-05
7.81633134e-05
1.44704782e-05
0.00243820273
3.17945728e-06
0.00122381561
1.21983101e-06
8.92711284e-07
1.10200176e-07
3.48331127e-07
1.08275657e-07
8.45948089e-05
0.00316238846
3.09266312e-07
5.0976945e-07
3.70114431e-05
0.00173265359
0.0977102593
7.06854189e-05
1.47998026e-06
7.98557451e-08
3.56982184e-07
6.08827293e-07
2.82271486e-07
2.00489705e-08
8.22867951e-05
1.28792294e-06
0.0665047318
7.90478225e-05
0.000792337989
8.51604156e-08
0.0122305043
2.90892367e-05
0.0130928978
0.000110094283
2.0628222e-05
1.29852051e-05
2.15698776e-07
2.56897579e-08
0.0390784629
2.35700336e-05
0.00582643133
6.87319289e-06
3.69431206e-08
0.000267051277
2.66239031e-08
1.22882241e-07
9.19958111e-05
1.45889328e-06
0.0910350084
7.51352403e-08
0.00231555523
0.000184452554
0.00352685782
4.17823657e-07
4.83018666e-05
1.52494122e-05
1.34616521e-05
0.0107104601
0.0855460241
1.49539972e-06
0.000233398328
0.000194494554
0.00156828621
0.043379955
3.13773398e-07
3.30454185e-07
0.000438412215
1.39348487e-07
1.82195734e-07
3.75285722e-08
1.17855681e-08
1.52467801e-05
0.000151001295
1.192985e-06
4.58373478e-07
0.000922975363
0.000866195187
1.61320913e-05
0.000674835057
0.0296995156
0.00336626102
0.000248946482
0.000443739613
0.0347176977
1.01607575e-05
6.86696512e-05
0.000357260345
0.0231764633
0.00626295945
3.53968339e-08
1.60585955e-07
1.54975703e-06
0.00180737919
0.000101862315
1.14348325e-06
8.25763706e-08
0.000688942207
0.000822253525
0.0400999114
3.39152393e-05
3.04788609e-05
4.09001863e-08
2.13667661e-08
1.13449005e-05
1.96099995e-06
6.2014368e-07
4.86812795e-08
0.0545507818
0.00727098528
0.000112111615
0.0456559956
0.0996548757
0.000529967074
8.42388204e-07
2.14939533e-08
0.0020316646
2.09957961e-05
0.000380110258
0.0261989366
2.06003037e-07
0.000131839261
0.000290866679
2.94862111e-05
4.86155329e-08
2.95555378e-06
2.3378775e-06
0.000512061873
0.010301441
2.2103884e-06
0.000746270525
1.13631938e-06
0.0417479612
0.00508152135
7.50275285e-05
1.63384957e-05
1.7308007e-06
1.9911065e-06
0.0622718595
7.26530789e-06
4.25146827e-05
0.0829685479
0.000419421267
6.65402476e-05
8.40032408e-06
2.27098781e-07
3.68687506e-06
0.00203733868
0.000250347337
0.00215631956
2.9324147e-07
7.39821262e-05
0.0315419547
1.2505483e-05
0.000802963914
8.43013765e-08
0.0698548332
0.000205567005
5.55761744e-07
1.52266239e-07
8.12271392e-05
8.30836289e-05
5.36739577e-08
0.0948393419
0.0266542416
1.94333679e-05
7.91257975e-08
0.0073181754
3.50870796e-05
0.00115225802
4.1503481e-05
9.59467457e-07
0.00762668531
0.0782558993
5.96616701e-07
8.17827458e-05
5.5912401e-06
0.0307521634
4.10864923e-05
0.015569129
0.0121885985
1.00379054e-06
0.00372910802
9.23411062e-06
0.0374888703
4.07570114e-05
0.00607913127
1.11544034e-06
1.43436023e-06
0.000144724065
0.105478503
3.05105023e-05
1.30204697e-07
6.67606873e-05
3.02166632e-06
8.26408505e-05
7.21470351e-05
1.7625367e-05
2.07978155e-06
2.47155782e-07
0.000848780212
0.0001135891
5.07034997e-07
0.00295879319
2.42869014e-08
0.00180642947
0.000960516685
0.00525201857
5.81875111e-06
0.000494153763
0.00609842734
0.0789772943
3.34176402e-05
2.18433005e-08
3.73556286e-05
0.000152431006
0.0133467782
0.0143409017
1.38560836e-05
5.45459079e-05
1.80776151e-05
0.00126512512
8.52909579e-06
0.000428515428
1.42787925e-07
2.21021455e-05
0.0655837506
2.72047123e-06
0.000786111923
0.000395919837
0.0100173131
0.0101100625
0.0113083906
5.28026249e-06
1.91631329e-06
0.00119190023
0.00228530332
0.0139321415
2.14551825e-08
3.61007224e-08
0.000293653866
0.0302935764
0.103016034
0.00186699873
1.25205179e-05
5.83623532e-08
0.000306062808
0.0139759509
1.46242664e-05
0.00080258993
0.0228935406
2.52149128e-08
0.00411387533
1.32010223e-06
4.86118734e-06
1.24051567e-07
5.92927099e-05
0.00010340719
0.00388212083
1.83335644e-07
4.2737387e-08
0.0135923019
0.000244494149
5.69556391e-07
0.0266112536
1.19278866e-07
1.93409396e-05
7.02902582e-07
7.18242632e-07
1.40403982e-08
0.00471240934
0.0220965315
0.000617450685
1.51288774e-07
1.41753117e-05
3.04309538e-06
0.000146199571
0.000332568015
1.07270489e-05
6.60602382e-07
0.00903343596
2.92671785e-07
5.69117992e-06
2.51893689e-05
4.91833021e-07
0.000104152496
0.000109080283
0.0873926058
1.2445638e-06
0.0690236837
0.000414374575
8.92953835e-07
9.46283762e-05
0.000644119806
0.00165208697
2.42291502e-08
0.000180837218
3.12722004e-05
0.0211962089
1.07702158e-06
0.00393181015
0.000182752541
3.10256314e-06
0.000293236517
0.000228001358
0.000566413684
0.00112997077
0.000420732656
0.00739446515
0.000256483036
0.0209428463
0.000342592888
1.54963516e-06
1.27848934e-05
0.000117715899
0.00135675271
4.6757858e-08
1.24217092e-06
0.00172811595
1.83660532e-07
9.15975704e-08
6.19060083e-05
0.0622507818
5.39863504e-05
0.0246094298
0.00652016513
6.74768785e-07
0.00594395539
2.46470772e-05
0.00444221683
0.00170282298
2.49561981e-06
6.97950853e-08
0.0542515106
1.05105102e-07
0.0574744977
0.010481243
0.00119101396
0.0712655857
0.0581865273
0.00430914667
3.84777013e-06
0.00344956829
1.38121345e-08
5.91602548e-05
1.59852934e-05
0.000523400668
0.000519333407
0.000127492138
0.00573171349
0.0377886146
6.25762624e-08
4.65913189e-07
1.64980616e-08
0.0154112149
8.80241641e-05
0.0253158901
3.81733742e-07
3.03963006e-08
0.00586512266
0.0230471063
1.39115753e-06
7.59755858e-06
1.03469866e-07
0.0415759608
1.44040757e-06
2.92853474e-05
5.23483372e-08
0.0161753204
9.68800009e-08
1.56957976e-05
0.000504149357
0.00161216781
0.0413851887
9.03513683e-06
0.00158985355
1.31002295e-07
8.44221995e-06
5.39034346e-08
2.77891522e-05
7.57570842e-06
0.0452264473
1.86586284e-08
4.15192608e-06
1.33194135e-05
0.0445325635
0.00972345285
5.41914069e-08
0.000642892439
6.71243542e-05
0.0689111799
3.43451302e-06
6.4580513e-06
2.30392672e-07
7.80542422e-08
0.00863538962
1.5967742e-05
0.000445587066
0.000318099657
0.000155933361
1.5557891e-08
0.00324154971
5.44545117e-07
8.28996107e-08
9.26047724e-05
3.31356738e-08
0.00229298789
3.04102969e-07
3.50048083e-07
0.0122125559
2.12133682e-06