0.0139801241
1.40276811e-07
0.000266499497
7.67258643e-06
0.0562966056
0.0361511074
0.442644686
3.29226259e-06
4.91311403e-05
4.14725662e-07
3.77233409e-05
0.000410377892
1.72787765e-07
8.73635217e-05
0.00639681192
0.228557035
9.76156389e-06
0.00181501883
0.0597281791
2.90701848e-07
0.166723505
0.51950711
7.24258571e-05
2.09481891e-06
0.4647488
0.000202248164
1.74465367e-06
3.43637385e-06
0.0765723437
0.00153162132
0.064702794
0.0289280489
0.000806600612
0.990721464
3.65372798e-05
0.000761716394
0.110336885
0.00213437225
0.821850717
0.00663857115
0.0186948329
3.20405235e-07
1.07748656e-05
1.31334891e-05
1.68852557e-06
2.40594204e-06
5.47621812e-06
1.25946062e-05
0.0294843316
4.45687765e-05
0.000571687124
1.02913327e-05
1.45148606e-05
0.350816101
0.00873754639
0.0028373138
2.35429275e-06
0.162155017
2.66156785e-05
0.000309620489
0.981078863
0.00437211664
0.00384781696
0.0167285986
0.118708208
0.0390159599
4.96244456e-06
1.63948826e-07
0.000128230124
4.31892659e-05
4.84977536e-05
0.281588912
0.143612415
9.87121384e-05
0.0393567532
0.000648429734
0.659879208
0.00130812521
2.0815989e-05
9.83290374e-06
0.0291272793
2.25303666e-05
0.00551915076
0.134546697
0.000858460728
8.04788942e-05
0.653548777
0.000279930478
2.21776572e-05
4.34657466e-07
8.38330379e-07
0.0215379298
0.203455508
0.00344562251
3.07938791e-07
0.00016415077
0.662617564
0.000309272436
0.316568971
0.980629206
1.4992564e-07
0.12563394
0.0184443705
0.00436845236
0.000264604343
0.82681495
3.10554742e-06
0.0111791408
0.515462458
0.630489051
0.348767012
6.01629654e-05
0.293365777
5.85627095e-06
0.764945447
0.689158022
4.854695e-05
0.111610875
0.00277719856
0.0006267344
0.824716151
0.0461033843
0.0606917478
0.00429775147
1.8981946e-07
0.000235504311
6.99010343e-07
0.986735582
0.167149395
0.305772841
0.00086498732
0.000153606466
0.0922437534
0.818280637
3.99238644e-07
0.0015566498
1.90958635e-05
0.218266964
0.0327832066
4.78567381e-05
0.000570121629
0.167843863
8.75537808e-06
0.103199035
0.00027880579
5.05367716e-05
0.00178582559
0.00739206141
5.82688226e-05
0.000606657239
0.360456496
0.00498592295
0.00146123627
0.00552998018
5.58936449e-07
1.53782184e-05
0.000123878795
0.00506767537
0.0033010256
1.39092035e-05
4.02394619e-07
0.0832666457
1.15360226e-05
0.615607321
0.831526458
7.19289062e-07
0.000470631319
0.00726773078
0.000641379156
8.41245765e-07
0.805758595
0.0244743284
0.00249136519
0.0596035682
0.123790011
2.55614646e-06
6.33458922e-06
0.000194530803
0.000169644918
0.000529760087
0.00976309087
0.0101840356
0.757258356
6.94838377e-07
0.000111719688
1.87202604e-05
0.387898982
5.50324876e-06
3.82044573e-06
0.000563367852
0.000128820669
0.000119062352
4.89153317e-05
0.481332064
0.000495131651
0.196061522
0.00796931796
1.87847388e-06
0.981449842
0.242382973
0.406826586
0.497198582
0.710787296
6.21728177e-05
0.00431781542
6.30038539e-06
0.0548933521
7.70163479e-06
0.000170624873
0.39399758
3.65037158e-05
0.779566228
0.000113792688
6.12867516e-05
0.365266472
0.576461792
0.0903545618
0.215627924
3.1742743e-06
1.12738517e-05
0.472290963
0.00215878338
0.00407723943
0.10340286
2.11183851e-06
0.118600421
0.000758041628
0.581707418
1.36874623e-05
0.431328654
6.30140903e-07
2.8084421e-06
0.0152625265
0.00489737606
9.26948996e-05
5.7556116e-07
0.987031937
0.00879517104
0.00437597046
0.00260592904
0.00100465037
0.00426041195
0.000514200656
0.978307009
3.96761152e-06
0.160425469
9.91790057e-06
0.00124575512
0.19071421
1.26293498e-05
0.000556125131
0.0576375239
2.69432549e-05
0.000542814494
0.79332453
0.87384367
1.62699496e-06
2.84669932e-06
0.000227718556
0.658968925
0.567318857
0.924118102
0.00010334605
1.0221599e-05
0.0357270427
0.0199253
0.0203109439
0.915405929
0.0039574476
4.11173596e-06
0.0928806141
0.00449417671
0.0116798719
0.488200009
1.21571179e-06
1.66100187e-06
2.32462799e-06
0.0511226915
2.44376824e-05
0.00277684978
0.0100531196
2.40838144e-05
0.0101014143
4.99337366e-05
0.000245326664
0.190965801
0.120712467
1.07641279e-06
0.000133005626
1.43423922e-05
9.05832778e-08
0.0253575519
0.00508796563
7.10569384e-06
0.11957486
0.00440239767
0.000222704068
1.79667978e-07
9.3682911e-07
0.175371245
0.899902344
0.000358788238
0.685505688
0.00164557376
1.20632521e-05
9.98848009e-07
0.000212263854
0.635961652
0.0689739957
0.104066469
0.483889908
4.78622269e-06
8.25234656e-06
7.20646131e-06
0.513456523
0.994719028
8.70142976e-05
0.00320860208
6.15286945e-06
0.846735001
0.16812858
0.960322261
0.0546922088
0.130725369
1.22526751e-06
0.0781800374
0.000337228208
0.232048616
0.0438597947
0.648479879
0.472311229
8.25442039e-05
0.0862532035
4.7790918e-06
0.345347732
0.175814837
0.000128570871
0.158956259
0.000755556975
1.02528338e-05
0.484203517
9.18715668e-05
1.11715735e-07
1.77215657e-06
0.000989031512
0.207438067
0.758802176
8.18128465e-05
0.0182814226
0.00240463717
0.732411087
0.00194755103
0.26668027
4.12244418e-07
0.313154548
1.78242462e-05
0.60879463
8.62318702e-05
1.91475465e-06
0.00084866042
0.427518725
0.00439746864
0.00849894062
0.0381137319
0.172192335
0.00150809821
1.68453025e-05
0.0748616233
0.000100168989
0.907352507
0.00192127866
0.0614395365
0.0586073622
0.185282648
5.53246027e-05
0.000166446713
0.171172053
0.00162258837
3.58086727e-05
0.692755938
0.0188682564
0.000160836484
7.21564647e-05
0.000237665954
8.19000779e-05
5.76524435e-05
4.83803451e-05
0.0507533364
0.2501598
0.0109473914
0.190277308
0.0123657053
0.000778421992
0.00726508116
1.57365577e-07
0.000604600238
0.000275763043
0.272035658
0.00446512597
0.000152215522
0.000377989112
5.20993744e-05
0.000620098144
0.114480272
0.792577744
6.25249086e-05
1.70242089e-07
0.000580306747
0.0330075212
0.000298789266
0.0392218195
0.0699828193
0.0262301639
1.50585902e-05
0.00201068725
6.06456922e-07
6.49653794e-06
0.00686600246
0.237567946
1.00893601e-06
0.000670422509
0.00550292991
0.000234384948
0.0112623759
0.056719128
5.02231478e-06
0.00921179354
2.87889907e-06
0.213903651
0.0472070649
1.66826908e-06
0.000109320077
2.2405784e-05
0.892005801
0.000767987629
6.72685587e-07
4.51914457e-06
0.16739729
0.00016307419
0.0533112846
0.00774881756
0.601417124
0.00548063498
0.411461562
0.284884721
0.00777410157
0.0150134042
0.00444429461
0.530881882
0.00118561171
0.707902431
0.0298244916
0.00237544533
5.28845885e-05
5.83632846e-06
0.0101417508
0.0157598536
0.000761789212
0.0203935094
0.000351602008
6.29641545e-06
1.99315746e-05
0.00693228375
0.000502009294
0.00224920665
5.13319605e-07
2.12073555e-05
0.184344247
0.00635470171
1.9693239e-07
5.53064638e-05
0.000411446788
0.00961991865
6.0107086e-05
0.000221545182
0.189581856
0.00100352184
0.0138880387
0.625161231
0.137076184
0.000372043782
1.13703782e-05
6.7577399e-05
0.118872464
0.939144015
0.383482218
0.000142700068
0.0224642679
0.00697934907
0.00154858362
7.33079869e-05
2.82964174e-06
0.000686246203
0.00027230152
7.00808814e-05
0.00677985093
0.000791446888
5.25447331e-06
0.000211946244
2.41167891e-06
0.00318474718
2.6064231e-06
0.000119067437
0.018493887
6.32886304e-06
0.00304137403
3.09802563e-05
0.000555168837
1.88704398e-05
0.000152911816
2.70548344e-06
1.95435641e-05
0.0981486291
4.05165374e-05
0.549662888
0.130231693
2.43174709e-05
2.661184e-06
3.81281041e-07
0.00458827196
0.510052562
6.9579648e-05
0.0375856087
0.0338983759
0.00381924398
0.631850064
0.773895144
0.000907096022
3.97517198e-07
1.67149415e-06
1.06844789e-06
0.0117534688
0.0034789904
0.0002393287
0.0226971395
0.0371294171
1.51963354e-06
0.0153664621
0.0622823685
4.56984617e-06
0.0487714484
0.493855506
8.98603446e-07
3.70727946e-07
2.22979597e-05
0.00872451998
0.389472395
6.33956297e-05
0.017695304
3.62603828e-07
0.0532010868
0.0147484913
1.21321489e-06
0.0358943343
0.227643564
0.00190368015
3.26763143e-06
0.398234904
0.298509628
3.81281134e-05
0.00106924854
4.88547848e-05
0.00501941703
8.46808034e-05
0.16222477
0.0563218929
1.48503852e-06
0.787893236
0.0039734249
0.797786474
0.16017133
0.000758888433
0.0163954515
0.798576474
3.90711211e-05
0.120841444
0.000906471512
0.000362015708
0.000135141294
0.011785374
6.03949884e-05
0.493435979
0.98213917
3.1608468e-07
0.156230941
3.17907761e-05
0.0018607591
0.0201256536
0.000125321123
1.34167681e-06
0.245950073
3.48731601e-06
0.000109012035
0.117749706
0.00011083304
0.101683475
0.107331008
0.000200168637
8.9994117e-08
0.312113374
2.03756754e-05
0.0206224527
0.000360148348
0.174393326
0.0401220843
0.12359269
0.000286816823
0.118397437
3.51644104e-07
2.25677195e-06
0.00362872658
0.000137382798
0.00137138506
0.00239645643
0.00165226066
0.000734140282
0.564671576
0.00578259723
0.0398961157
0.000812587678
0.0202457272
1.02397337e-06
6.23301867e-06
6.02373484e-06
0.515875697
0.066444166
6.73899831e-06
1.96304773e-05
0.000948225148
0.439301699
0.995884717
0.240213662
0.000383984065
4.11405454e-05
5.26679059e-06
3.37816746e-05
3.32088985e-06
1.65137146e-06
0.00263448874
2.78145872e-05
0.771284342
0.0035606313
0.442929924
0.000458547234
0.0791749656
0.0005543679
0.117578909
0.00637074327
0.0115267076
0.00130158756
2.98661143e-06
1.39569156e-05
0.98298496
0.0529762469
0.0650305822
5.44240138e-05
1.04668004e-06
0.0403384864
7.53251015e-07
6.81421739e-07
0.018997889
0.000534788589
0.353425145
1.0116164e-06
0.270636648
0.022875201
0.0251865759
1.56236983e-05
0.00237106718
0.000558876956
0.0990805849
0.389157325
0.97900188
0.000454064866
0.00611709617
0.00541939307
0.122796126
0.889338613
0.000290210621
4.77769663e-06
0.808294952
1.24988719e-06
4.10550365e-06
8.75590013e-06
1.3507514e-06
0.000284183247
0.00405363366
1.28339007e-05
5.45300536e-05
0.0160757136
0.0148276733
0.000430320535
0.00501059042
0.560912609
0.0327305645
0.00317215314
0.0069952081
0.252574176
0.000359230093
0.000626303605
0.00576280989
0.88266325
0.0836514384
4.32963452e-06
1.27809099e-05
2.53772105e-05
0.0660426244
0.00182970625
0.000121015546
6.11475707e-06
0.00681658881
0.0273801051
0.267004877
0.000545895775
0.00243017962
1.57369377e-05
3.4487764e-06
0.000207081641
0.015578514
0.000165529942
1.71108479e-06
0.270962656
0.33756125
0.0275718011
0.317053139
0.621942043
0.0038192349
5.20738377e-06
2.36393043e-05
0.395172834
0.000495884684
0.00329220388
0.203447863
3.72192744e-06
0.008130081
0.0169044882
0.00220951438
4.45473233e-05
6.35933684e-05
0.000143042082
0.0499957502
0.0829416662
3.42355088e-05
0.00949204341
0.000112626753
0.368115067
0.968115985
0.000561690074
0.000929898291
0.026233362
5.70516931e-05
0.713826895
0.000789655605
0.00141078932
0.880282044
0.0116241984
0.000890260737
0.00125950866
4.37841481e-06
0.000722988683
0.740127683
0.00230447971
0.674688935
8.92654043e-06
0.0553016104
0.991489768
0.000101349367
0.00744362827
3.51619997e-06
0.543638527
0.0556507073
9.92484274e-06
5.41352529e-06
0.00482562324
0.00192305783
3.63970116e-06
0.451286793
0.568061531
0.00183580292
8.27663769e-07
0.0684613362
0.0105373804
0.0186026115
0.128338888
2.27872551e-05
0.0921509713
0.918581784
1.29391337e-05
0.00283905095
0.00338727748
0.796868443
0.000592084427
0.133661151
0.935104489
3.28707029e-05
0.225720644
7.55776273e-05
0.303288519
0.000537704793
0.123704419
1.39936437e-05
2.03530235e-05
0.00102534727
0.970300615
0.000480614195
1.15851446e-06
0.00467176642
0.000161580101
0.00162543706
0.000919216545
0.00041008243
2.20518359e-05
9.63711318e-06
0.00407759426
0.0102307582
6.18848162e-06
0.276336521
2.61341995e-07
0.228885874
0.0286479127
0.0880861282
5.23946183e-05
0.011224336
0.0838242546
0.995611608
0.00384887983
3.52321968e-06
0.00220993534
0.001647347
0.172510102
0.616067111
0.000335608871
0.000745466852
0.000236648819
0.0133094583
6.9258982e-05
0.0292337276
7.03936121e-06
0.00303401332
0.428868681
2.63105921e-05
0.0417993143
0.0359826013
0.958081365
0.243899554
0.793489635
0.00013133997
3.01526579e-05
0.361139327
0.0636673644
0.551684558
1.37915521e-07
4.30365253e-06
0.0585384928
0.191843733
0.687581301
0.800343931
0.000211978535
7.00725138e-07
0.0238228273
0.737632334
0.00486176694
0.0074035963
0.69360739
1.65607759e-07
0.0221742895
6.18376316e-06
0.000411962304
1.28120882e-06
0.00605257787
0.0028928509
0.26065439
5.61917805e-05
0.000102867365
0.586418271
0.215545401
0.0170945879
0.327243626
2.82468204e-06
0.00142400793
0.00567278173
1.9971596e-05
4.04895189e-07
0.240159407
0.749202788
0.207182616
2.04068238e-06
0.0637529567
0.0010448948
0.0996804088
0.00649351021
0.00078771112
1.02855529e-05
0.984702408
1.24007283e-05
0.000162661599
0.000298396277
2.26292068e-05
0.0594714396
0.599938393
0.577872932
2.42268561e-05
0.633149028
0.024492465
0.000509666803
0.009688586
0.00910985935
0.916804373
6.2253207e-07
0.415166885
0.000356523116
0.171436951
3.1168729e-05
0.606640875
0.00528135756
1.75736295e-05
0.0618542284
0.0853709951
0.00224613911
0.015540096
0.0502286851
0.936701715
0.00187091564
0.799909353
0.0171779953
5.80105225e-05
0.0961172134
0.00436884165
0.0158598311
1.4502054e-05
3.32539348e-05
0.0491847284
1.4688907e-05
1.91812251e-06
0.0584849603
0.919318974
0.101668231
0.225467518
0.150072455
0.00016080818
0.695847988
0.000469245075
0.121808544
0.0187114552
0.000303255685
1.24170651e-06
0.948600054
2.86377804e-06
0.435893923
0.202196077
0.0118286964
0.927560449
0.936933994
0.0320216306
0.000138953663
0.0321365297
2.27574802e-07
0.00230139983
0.000218086454
0.0653935969
0.0422196351
0.00213244511
0.213930979
0.693334758
6.76449463e-06
3.52405586e-05
1.6673674e-07
0.524179995
0.000598675862
0.416219264
3.10895666e-05
1.19461993e-05
0.966979265
0.429705977
0.0112885637
0.00207143929
3.71481701e-06
0.210942909
6.83060352e-05
0.00735662784
3.71322585e-07
0.10311418
7.13141958e-07
9.91071502e-05
0.566358685
0.320301831
0.998406231
7.99330228e-05
0.0126107456
2.41761404e-06
0.000531766622
3.19991841e-06
0.00212700013
0.00709061883
0.993984044
1.16609999e-06
0.000414070702
0.00010954035
0.704530835
0.126327559
5.48637991e-06
0.00579029601
0.0130625498
0.526962817
0.000199665243
0.0999821573
6.74306148e-06
9.1392792e-07
0.958693981
0.000541229034
0.00482897833
0.00900513306
0.00213101204
2.38270218e-06
0.0638364404
0.000109073902
3.07616792e-05
0.000870717806
1.05901136e-05
0.0712973997
0.000232191087
1.12393509e-05
0.101097763
2.00868653e-05
5.34108949e-06
0.170107692
3.42216231e-06
0.198944241
4.34861613e-06
5.7439388e-06
1.5426951e-05
1.33632366e-05
0.00225446024
3.88908575e-07
1.44749743e-06
0.0389934331
5.08674839e-06
0.000644850952
3.16876867e-06
8.63890891e-05
0.0409002714
0.000660481281
0.0215324517
0.000534054474
0.106858067
0.0269627776
1.79215544e-06
0.000551815785
0.38480559
1.8548858e-06
0.109563015
0.77347523
0.00041542438
0.000148880761
0.796455085
6.50551044e-07
0.000322753825
0.000105870065
0.00501076132
0.000283503759
0.398727179
3.48353723e-07
3.07914138e-06
0.0108919181
6.79613379e-07
1.25396655e-05
0.00704498962
0.000827708864
8.56399565e-05
0.47322762
0.00528855808
0.000209586869
0.0181693565
6.35447293e-07
0.115170293
0.303723693
0.00675605657
0.023979336
0.028008325
5.18041907e-06
0.000209118341
5.38485729e-05
0.000441406824
0.00101236312
0.000101480706
7.14894213e-07
0.000479282229
0.0122437747
6.58651552e-05
1.81838686e-06
0.329354346
2.87172469e-07
0.496295691
2.64698065e-06
7.77429977e-06
0.0107470239
0.0510877371
0.00471872231
0.0130539453
0.00922641344
5.69051554e-05
5.99197529e-06
8.60739965e-05
0.00798358582
0.598444104
0.362388819
0.0489999242
0.41618222
0.0214031674
0.000668611028
0.000793352141
2.42526721e-06
0.189532489
7.39540474e-06
8.19357297e-07
0.703912258
0.000228356977
0.79969883
0.00108713668
0.148808971
0.0591891631
0.385053992
0.0275256094
0.0187818632
0.00364778098
1.87693433e-06
0.965592802
0.470716715
0.000267252995
0.000521445472
0.0397965424
0.00149415492
0.0833192617
1.63799626e-07
0.31689176
0.00766155263
0.0594176836
3.25137466e-06
0.00874525309
1.00545742e-06
0.0626427084
0.00012668554
0.00013469244
0.0127009219
0.00154606928
0.85095346
0.0589773841
0.00779848872
7.32333376e-07
3.05559115e-06
6.35245442e-06
0.00678174989
0.00631442992
3.95511524e-05
0.251075178
0.144087881
8.62063316e-05
1.70208532e-05
0.0178621523
4.03708736e-06
0.00612840056
0.00010519151
0.00810390245
0.0147658484
0.0122766299
5.24893112e-05
7.03143814e-05
0.00130594964
3.61787414e-07
0.000212011408
9.3805902e-06
5.62717162e-07
0.000139067735
0.000788758975
4.96089427e-08
0.023589354
2.19453141e-05
0.000614031043
0.00625385484
0.00126394373
0.342354506
0.165528834
0.000263317517
0.399233699
2.54265842e-07
4.62752041e-06
0.744899392
0.307861358
0.00885731168
0.00223318744
0.889117002
0.000130406726
0.000131447305
1.41400989e-07
4.59522635e-05
0.974660993
0.0255362373
0.12725836
0.746168137
4.97589213e-07
0.991408885
9.64881383e-06
0.0023884275
0.00131741969
4.71539315e-05
3.05430294e-05
2.51040346e-05
2.96759135e-05
2.62262597e-06
0.00028959912
2.47481466e-06
0.000359987869
0.359255403
0.000115136681
0.0170922596
0.677458227
0.414065838
8.10405527e-06
4.29666579e-06
4.76333116e-06
0.0183343794
0.160250142
0.00400945451
6.39918744e-06
0.0176373087
0.000493116444
0.157334596
0.828170836
0.0023988171
0.544227242
0.750407279
0.0782793015
0.00867539365
0.0567895919
0.0119638322
3.10836404e-05
2.3382664e-07
8.33270024e-05
1.03442062e-05
5.65579148e-06
3.05070407e-05
0.00736259297
3.82772523e-05
0.000135068549
2.17891312e-07
0.122707829
2.37678364e-06
0.664492965
0.74237448
0.194231912
0.000810958911
0.00113409595
0.00783705991
0.0288899187
0.293734848
0.00019155402
0.474325418
0.00336927664
0.000368882786
0.000170625091
7.18242882e-06
0.000460582436
1.69487168e-06
0.228998229
0.000298807892
0.0344551355
0.000384088897
4.94917549e-06
7.95592041e-06
0.00186431373
0.00024619262
0.00949852914
5.20095637e-05
4.05162245e-05
0.000326508336
0.000238032575
0.00189489243
0.005066338
0.0278990287
0.00329446374
1.44650949e-06
4.26469512e-07
0.169223055
2.0340889e-05
0.0459168963
0.0261942837
0.555227041
0.958407581
1.19118904e-05
0.00288401661
1.09673801e-05
3.4073706e-05
0.59891665
0.258940995
0.000103206534
0.509475529
0.94547075
2.06747027e-05
5.87646718e-05
0.0830463022
0.187576294
0.331793398
0.180213571
0.0236753579
0.00600575889
0.00421445584
0.0121979145
0.0006399923
3.23085114e-05
3.23310487e-05
2.85112401e-06
7.56809231e-06
0.582958579
0.000410210894
3.21064294e-06
1.00397801e-06
6.540713e-07
0.0792581886
4.26420729e-06
0.14682743
0.150959969
0.212682411
5.14172882e-07
2.80275417e-05
0.0995191857
4.72401041e-07
0.000451199448
1.97713143e-06
0.674808323
0.0296519585
0.640750706
5.09274378e-06
0.000222806251
7.78887479e-05
0.0137476753
7.42609518e-06
0.000185898651
0.000132837449
0.309788525
0.000940966769
0.000670626934
2.20760248e-05
0.215787068
0.000531283906
0.104883745
5.6893623e-05
0.484664202
0.679580867
0.00133069488
5.40595356e-05
0.00074676564
0.00036540447
0.605180323
0.304864168
0.405774057
1.0578462e-05
1.59124611e-05
0.0241873581
0.35629338
0.00135607074
1.88964859e-05
0.254047126
0.392880172
7.42987368e-06
0.289121479
0.000189336279
0.149413109
8.51887307e-07
0.00567653263
0.771084309
5.06259175e-06
0.00128239125
0.000171279069
6.15351382e-06
2.61273442e-07
0.00112663489
3.45029707e-06
0.530088186
2.27973633e-05
1.60717116e-06
0.36655435
0.8360129
0.0110979956
0.255947948
3.34692086e-05
0.00286412332
0.303926349
0.731397688
0.0033406599
0.0118700648
0.000374703872
9.67395408e-07
0.000346336252
2.01633356e-05
0.220780462
0.00400699535
0.0463126712
0.0188435484
9.65281174e-07
0.00545735611
0.000513392442
1.76823851e-05
0.000194951019
0.291435659
0.000282304303
7.75981061e-06
0.997126758
0.00483871531
1.70343071e-07
0.00193906529
0.000302929024
0.000604753266
7.02358666e-05
0.0040267813
4.76061496e-06
0.000512615137
0.260931075
4.45337764e-06
0.926151216
1.81163796e-05
0.00128470315
0.0850653574
0.929188013
0.000633916643
0.000165267964
0.00315294322
0.00834678393
0.410813808
0.000134970192
5.3675908e-06
0.0132143302
3.78323602e-05
0.163487732
0.0324948728
0.0185131226
0.054218974
0.000113321898
8.41195288e-07
0.517297089
0.184464857
2.1280689e-06
0.889520049
0.000500882859
0.0213727634
0.0216904078
0.100785837
2.8663062e-05
0.0404006653
0.0315303318
1.10808814e-05
5.12841837e-07
6.40848666e-05
2.53031726e-06
0.644026816
0.00115577644
0.907006145
0.00797146838
1.13224996e-05
0.0331601575
6.40888084e-06
2.53489561e-05
0.0568521172
0.113958366
2.91377e-05
1.30428066e-06
2.96384169e-05
0.605326772
0.015059446
0.299906194
0.000209020523
0.880189836
0.00387451984
0.00257489062
0.489446551
0.00167429168
0.0748295039
0.134786949
2.95612267e-06
0.00171560177
0.194715247
0.000463957374
3.1008316e-05
3.24170537e-06
0.170016006
0.000245716976
0.00317353196
0.0819906071
0.187119484
0.000110018591
1.10453655e-07
0.582310677
0.000782357936
0.676476777
5.69921849e-06
0.525306165
0.269512832
4.12587142e-05
0.0590995066
8.92381213e-05
0.0360512175
0.0046127066
0.851747751
6.83819781e-06
0.0109374234
0.227272853
1.80556344e-05
7.12386566e-07
0.177451104
0.000387150154
4.1588919e-05
0.00152892317
0.00230065128
0.0585471168
0.390128374
0.000827380747
0.0169624295
0.00625170209
0.817389369
0.000188693099
0.00422346778
6.65918342e-05
2.30145861e-06
0.0155045362
0.000918720558
7.38336748e-05
0.0135383224
1.43506159e-05
0.000142531062
0.00517636165
0.871448517
0.000340831582
0.802718699
0.0218563378
2.52539689e-06
0.0771832094
0.000144864098
0.885074794
0.000116450887
1.33238418e-05
0.0118152928
0.322284281
0.000119304059
7.25629216e-05
2.31539343e-06
0.000336462195
0.40208286
0.940214813
0.011162769
0.313929766
0.0979170948
0.0638662428
0.12810035
2.00010913e-06
3.63746381e-06
1.30826595e-06
0.0813512355
6.38603751e-07
0.0517794341
0.000114563918
0.0668617934
0.000706408639
0.0165668111
1.57156433e-06
0.00010309033
0.87292248
0.00966610014
0.000716685725
0.0543658435
0.0797466338
5.57857106e-07
0.488873452
0.00323033542
0.000254782761
0.00571789313
0.000209398699
0.814541101
0.0627591535
0.00429558754
5.16680529e-06
0.663438857
0.000477744936
0.123584978
2.64057553e-06
1.07494463e-06
1.30515982e-05
1.81163875e-06
0.000267272408
0.0305923093
5.14133353e-05
0.375498086
0.453900367
0.125424102
8.39559834e-06
0.0359970629
0.0131020462
5.29511635e-06
1.65971051e-05
0.000795248372
0.00161200739
4.34584808e-06
0.57637012
1.86420732e-06
0.00480232108
0.00997980684
0.0132109243
0.426010013
0.0136798713
0.0428485982
1.83960637e-07
1.32943092e-06
0.0314660296
0.0117638055
0.00975105166
0.180966079
0.000235810163
0.0052372613
0.0105739553
0.00767422607
4.92717263e-05
0.344863176
0.00326772663
0.940224528
0.0044002817
9.40331574e-06
1.66448826e-05
5.33417563e-07
0.000164507903
0.00217863196
1.66815189e-05
0.0659640059
1.65605306e-05
0.0359068215
0.0100287078
0.0623694696
0.339092642
8.29566397e-06
4.68677899e-05
0.00985760335
5.57569874e-05
0.00141403149
0.000267355528
0.00153555861
2.45307297e-06
0.00110649539
0.169335589
0.00280521344
1.51930271e-05
0.915982425
0.00125512702
6.33108575e-05
0.00359934475
9.16858262e-05
0.0822366402
0.0117526054
0.000614784658
0.15877597
0.000577824132
1.19340748e-05
0.872627735
0.00288505736
0.980829835
4.11631263e-05
0.000144981197
7.75092246e-07
0.000359746889
0.687887907
0.222048074
0.113207869
0.000391931972
0.165798321
0.000100102363
0.885347545
0.716547549
0.229934022
5.45609582e-05
0.00372660928
0.00260669435
0.00057158689
0.000880358566
2.89961747e-07
0.0010208562
0.349547923
2.80623735e-05
0.467294902
0.12462043
2.7701315e-05
0.261466652
8.29953497e-05
0.44055593
0.000318012491
0.269787639
0.0744019523
1.33947269e-05
0.00142746908
0.248053357
8.46983369e-07
1.15762452e-06
0.000706841762
0.000579584856
0.000471284409
0.0144293616
0.000884375477
0.00198515877
0.00297097443
0.000280301261
0.774514079
0.0349062569
0.000316220452
0.000281413377
0.119873248
0.00151599536
0.0102166962
0.000162679353
0.0916518942
7.01176832e-05
0.0144859096
0.540105164
0.00242594909
0.0377557538
0.0157788377
0.0107509634
1.25822794e-07
0.000792492239
0.540347934
0.0501858816
0.106373139
0.00155692152
0.142248005
0.0101940585
2.82994051e-06
0.00969277136
0.00410668366
0.836367428
8.89472267e-06
0.00600229204
6.23105677e-07
0.291701078
1.05464198e-06
1.2189563e-06
0.000657220837
2.0555879e-05
0.0129475044
0.0637383386
0.731477797
0.988785505
0.0651365742
0.0680202693
7.52223468e-06
7.14311739e-07
1.94431664e-06
1.47625387e-05
0.00278925546
0.0556500293
0.000332559459
4.2599163e-06
0.213021219
2.09729369e-05
5.90867858e-05
0.161117449
0.0670753419
0.0249807518
0.679890394
0.00421480043
1.49757407e-05
5.6932302e-05
0.000686461339
6.38708343e-06
0.827364266
0.000130899134
1.01464138e-05
5.92932811e-05
0.0066956738
0.000102566577
0.0454043709
0.995284021
0.0435613729
9.75257572e-05
2.63359698e-06
0.00602725009
0.000136099363
0.977335572
0.822871685
0.935753703
0.86352402
0.000427831837
1.03621105e-05
0.323974162
8.76992563e-05
0.0100072073
2.14838947e-05
0.000195192129
2.65435415e-06
0.00278446148
0.286093384
0.22495243
1.93992446e-06
0.00814926066
0.00858317316
1.3530931e-05
0.0369712971
0.000281577581
0.00697592366
2.64303753e-06
9.40866084e-05
0.0109102959
1.81268551e-05
0.0442522205
4.05842693e-05
0.00191417942
0.417147547
9.53153649e-05
0.823300004
0.532521129
0.0152080748
7.61294586e-06
0.868410528
1.76816411e-05
0.0285196714
0.805819094
3.05972799e-06
0.000965083658
0.000511272287
0.0168716498
0.792992055
0.335996181
2.82179349e-06
0.115578204
1.85066187e-06
0.467416614
0.912880659
0.000484887481
0.00178854924
0.765735984
0.746195436
0.764883995
0.15839529
5.46324998e-07
0.000513206294
6.05692912e-06
0.998084903
0.000107087879
0.970250905
0.00912254583
0.000974367664
0.673670292
0.0891878083
0.000490365259
3.63096774e-06
9.23458117e-07
1.87311452e-05
0.00300999102
4.38291354e-05
2.56823705e-06
0.0205146056
0.162161514
0.00258000568
0.0301915538
2.6212349e-06
0.113037288
0.167858869
0.459739089
0.00226703635
6.64321988e-06
0.00353243132
2.24676182e-06
6.09306835e-06
0.000194616485
6.11418436e-05
1.89085567e-05
3.6710444e-05
0.0519348159
0.809564769
0.000458827155
0.0354939997
5.74402861e-07
0.00270656124
0.0938103274
6.50683069e-06
5.07209279e-07
1.0924653e-05
0.0033988785
0.000634773751
0.240665734
0.0727909356
9.23495027e-05
2.62837875e-05
0.258794278
4.10782195e-05
0.00148032745
2.16940157e-06
4.79574112e-07
1.18750922e-05
0.0195835363
0.0199583229
0.000262087618
0.00531554595
0.00692076702
0.157981068
0.0214582812
0.000350775663
0.0190093722
0.0260827374
0.333925486
3.29615705e-06
0.123966321
0.026090892
1.21550295e-06
0.00512368092
1.1002561e-06
0.0258992631
0.000530312886
0.518305957
4.56160851e-05
0.00156941672
0.000973603455
5.69750546e-06
5.03086221e-06
0.0148476195
2.19317121e-06
0.00121510448
0.0545115024
0.000719722884
0.0232591536
0.0907956809
1.84118718e-07
0.000351363793
0.0410273746
0.069350265
0.00355905434
0.533434153
0.0237940922
0.064018555
5.86236979e-07
0.00628797198
3.49560395e-07
0.723217189
0.99812454
5.14608519e-06
0.983927786
1.04040204e-07
0.00161731173
0.91260314
0.0091909999
0.955182433
0.0406002738
0.00116738002
0.639165521
0.000191994797
0.611615658
0.827343166
0.03387665
0.0227599517
0.00512799108
0.0191672835
0.0102902437
8.21020658e-05
1.53701931e-05
0.00125253596
0.0493889228
0.0186441075
0.000734269212
1.07068338e-07
3.66072783e-07
0.000311842421
0.0619354025
0.00127753196
0.00150617363
0.0639405251
7.04797058e-05
5.00152237e-05
1.59083684e-05
0.983226717
0.00915022194
1.29726493e-06
0.0462801009
0.00011781168
0.0374554545
0.113649048
5.12770271e-07
2.78470884e-06
9.15185979e-07
7.35898425e-07
0.00214924966
0.106457993
1.95816642e-06
0.025866922
0.000257489126
8.61949047e-06
3.86465181e-05
0.839641929
2.75648546e-07
0.00119292841
7.69382041e-06
0.0847493112
0.1090189
0.000714368769
0.0260280389
0.00971245766
0.0151710594
0.000376717828
3.92773973e-06
0.00217016228
1.8008579e-05
0.000340147206
2.07955068e-07
0.27479133
0.105527006
0.150714725
0.277921379
0.00204261602
0.000741194293
0.557827234
0.306013018
0.00943230372
0.200973004
0.00010761177
0.000661235186
0.000112635375
0.000100333069
0.120675713
0.00215136562
0.0725200549
2.15028831e-05
0.011856826
0.444636643
0.226140872
0.0174000058
0.448643416
0.00479078246
0.00146263745
1.57574559e-05
3.3495578e-06
0.0382573046
0.959322214
0.0922469497
1.37396796e-06
0.0163727216
3.56668679e-05
1.59706269e-05
0.106263205
0.0634647906
0.122271314
7.17200528e-05
0.0674566254
0.910661936
0.00271299109
0.000196178225
0.115231097