2.23082876
-1.89995694
-0.899882734
-1.10715699
3.78353953
2.82719183
6.27487326
-1.65224469
-0.312312722
-1.8808111
-1.12544811
0.0856846124
-1.89385617
-1.20464945
2.39815092
0.719063699
-1.1182375
1.42825091
4.9508872
-1.97400498
4.89310789
3.17023039
-0.638997912
-1.37808204
7.31540918
-0.653621793
-1.62901664
-1.6131345
5.55990982
1.65961647
4.91405249
3.67570853
0.579649448
7.56985235
-0.485862494
0.832650125
5.27047443
1.89631605
5.7873106
1.2376343
3.27314949
-1.81670249
-1.08840692
-0.842448175
-1.68083215
-1.06883645
-1.59599423
-0.888105571
2.17095113
-0.540671289
-0.519276142
-1.16197193
-0.932088733
6.98647356
2.36856627
1.74609613
-1.31544542
3.66602874
-1.34639001
-0.482178241
7.83237362
2.23999619
0.911195874
2.9538281
5.48563051
4.41599846
-1.08380771
-1.87159908
-0.73818779
-0.929036498
-1.15606868
7.08655548
6.02188206
-0.741288483
2.48701859
-0.417472392
6.63276148
-0.164592594
-0.940479338
-1.01348996
0.981890142
-0.949033558
1.35337579
6.36516619
-0.40239799
-1.12271702
7.96060181
0.1524207
-1.63636231
-1.81153452
-1.56140351
2.03913665
4.67326975
-0.311360121
-1.74588919
-0.473522842
7.93794203
0.465829521
7.53725386
5.77247524
-1.95407593
3.53154922
2.9073658
0.591525316
-0.932699263
2.25538874
-1.55379128
-0.260939002
-0.185105175
7.26105499
6.01364708
-0.946443796
0.00937780924
-1.28539252
6.60204554
5.92829704
-0.806220829
2.22319198
1.74352336
-1.38864291
4.2001729
0.630064487
4.45802355
0.485658765
-1.99771237
-0.703375757
-1.92209303
6.8655777
6.05954981
5.30664825
-0.769943476
-1.76829934
6.0481534
7.15119123
-1.65738618
-0.056038145
-1.7231499
4.16963482
4.25335073
-1.4864341
-0.098870486
0.796857476
-0.9397735
5.95892859
-0.307448238
-1.15280724
0.62873745
3.67889714
-1.19539571
-0.753134847
7.92238951
2.39804888
-0.247599661
0.281213462
-1.51598322
-1.10121059
-0.647657752
1.41293955
-1.07954109
-1.11913049
-1.71602762
2.09764743
-1.08423281
6.48672009
5.7541666
-1.71657062
-1.0479815
2.70364451
-1.14305282
-1.4707526
6.96822786
1.13668954
-0.109315895
4.55391073
4.91995192
-1.23836029
-1.61227679
-0.275795281
-0.30568552
-0.131901324
3.66521358
2.7738328
7.74664354
-1.60632849
-0.389514863
-0.642789602
5.78676081
-1.00537467
-1.23916435
-0.205545813
-0.312473446
-0.885819435
-1.00077426
6.7722497
-0.227477014
5.78158569
0.805204988
-1.79764664
7.98851967
5.37644148
7.50394011
6.82187176
5.5791316
-1.33475554
-0.0574354976
-1.14501083
-0.395838827
-1.76545835
-0.484107524
7.76494169
-0.939187765
4.54512978
-0.179966524
-0.307970047
7.31708241
7.92676306
0.892293155
3.49453235
-1.38081264
-0.813168705
7.49935007
1.26688468
0.675123215
3.96760893
-1.77133894
1.34684145
0.0456061251
5.64351845
-1.37026906
7.37246227
-1.6795541
-1.25670016
1.5205617
2.80340075
-1.05918443
-1.52045357
6.24459696
-1.01513863
1.51230645
1.91010416
-0.323100328
1.33875668
0.364523441
6.95530033
-1.18296325
3.45906878
-1.04525614
-0.416856617
2.74704361
-0.800011694
-0.735291243
4.02983189
-1.70982754
-0.166857913
7.97527122
7.93754339
-1.7069571
-1.14738274
-0.939198315
6.93214989
6.09382677
6.06832409
-0.521891654
-1.36901271
5.33991909
3.25663877
1.78684425
7.79572916
2.46362114
-1.96870756
5.0736661
-0.802484989
2.61421943
7.02288008
-1.46283555
-1.53828537
-1.57185614
0.851578236
-0.910607159
1.67727721
3.48179507
-1.18561077
2.14780736
-0.944064379
-0.0458725914
6.48538399
5.53765965
-1.63080609
-0.305696905
-0.893279076
-1.98581719
4.33790779
2.19381404
-0.952178955
3.85969448
0.826886714
-0.289252311
-1.96132123
-1.69902456
6.12970209
6.46285725
0.729444623
5.35352039
1.32015312
-1.40762484
-1.49021792
-0.766966581
6.38370371
4.737957
5.77124119
6.38279438
-1.15969384
-1.001881
-1.58882546
4.48185968
6.14615536
-0.37449044
1.93058419
-1.3817867
6.8780961
5.83369112
7.61929655
4.97234774
6.10265923
-1.90085459
3.78503156
-0.671258152
6.89305401
4.83576202
5.8250246
4.97198915
-0.932777166
4.59799194
-1.56761754
5.95466852
5.73749208
-1.11026514
5.06538582
-0.158787057
-0.779236555
4.72552776
-1.08961809
-1.90534222
-1.22748089
-0.686952174
5.82964706
7.47022581
-0.88350004
2.26370788
-0.401286453
7.69839478
0.57945174
7.02779436
-1.53863299
7.52640963
-1.28572869
7.40054893
-0.938134551
-1.5663898
-0.261744976
3.65672088
-0.745290756
1.69934165
0.182768956
-0.459218264
1.22540867
-0.981109977
3.34056449
-1.99323487
6.80920267
0.615231931
3.51087999
3.87120128
2.73005605
-0.543114126
-1.72010481
2.62780285
-0.679199874
-0.74433744
5.56824446
3.51606822
-0.798710942
-0.762861371
-0.366428375
-0.390398443
-0.817379177
-1.49084878
-0.318214655
7.04581881
2.83708715
6.44488859
1.84823871
-0.796200514
0.76699543
-1.99837625
-0.852345109
-0.280447394
1.27975655
2.47529006
-0.140047237
-0.231360808
-1.14519441
-0.107255258
6.41889334
4.73639631
-1.32123446
-1.66081786
0.247232154
2.12705374
-0.659246981
5.0947752
4.01821041
2.76473069
-1.10143733
-1.20348024
-1.90229845
-1.02062988
-0.0994546264
5.59580326
-1.70868707
-0.342235953
2.07624602
-1.22225904
3.14166808
-0.0224913247
-1.02406228
2.49692822
-1.97782075
4.0154314
4.32073879
-1.57365084
-0.299415231
-1.29645324
7.32745647
0.287324011
-1.79912651
-1.00320685
5.57338142
-0.174152702
4.82266569
2.68124366
7.80627918
1.52723706
7.20063353
6.262815
1.80243719
3.50838327
0.0764506385
5.28910685
0.765951216
6.35532951
3.89848709
-0.101302251
-0.963233829
-1.01104105
2.20258307
4.25301886
0.340797007
2.02797508
-0.901610196
-1.69006658
-0.857087374
-0.913139582
-0.721161723
0.642435551
-1.44650376
-1.07495403
3.1031971
3.30270624
-1.74308455
-0.369602531
0.681778252
-0.336903065
-1.1726625
-0.319425941
6.47741556
1.34527063
3.1283679
5.70771265
4.24951315
-0.478475899
-1.97641563
-0.592964768
4.05560207
5.6551671
7.2548852
-0.323914856
3.96025062
0.73811698
1.65204144
-1.11784518
-1.1223135
-0.25665611
-1.88390076
-0.655481815
2.86627007
-0.382733315
-1.3398211
-0.130439401
-1.48948884
1.95611143
-1.89213419
-0.423918962
1.03027177
-1.89159179
2.28399444
-1.45720208
-0.153206229
-1.7988615
-0.483584553
-1.15335882
-0.692616761
4.1796751
-0.483495146
4.03215694
5.31078863
-0.990913868
-1.67237508
-1.92246687
0.630704761
7.99852514
-0.600158632
2.4023056
4.49972868
2.4280746
4.06773138
7.19378757
-1.20255733
-1.91847992
-1.39047062
-1.49511611
2.71134162
1.02351332
-1.12814188
3.19143963
4.27036953
-1.32884347
1.71595991
3.96681046
-1.54186857
5.10881901
7.43553257
-1.56760502
-1.8972863
-0.75217104
2.8375566
7.33076525
-0.413382232
3.44023538
-1.69601405
3.04983068
2.03587842
-1.59239483
4.359694
5.60469198
1.60658586
-1.51577973
7.74150944
4.52216578
-0.611184955
-0.286487937
-0.517716467
0.0953726321
-0.635075271
5.59321022
5.15729475
-1.5778445
7.37260103
2.16936159
5.25931692
3.3169384
-0.258051425
3.7407248
7.44757986
-0.919670403
4.93118763
0.61076653
-0.0660099834
-0.257702023
3.69641948
-0.926417828
5.62741041
5.29169607
-1.65334845
6.10609913
-1.02454627
-0.141166136
1.76530731
-0.484042794
-1.88520002
5.61524534
-1.27264059
-1.15152061
4.76531792
-0.638644636
6.08511972
3.21894002
-0.894925714
-1.95939553
7.1690011
-1.65754819
3.5211947
-0.0456886142
4.13063431
3.04974937
2.33444643
-0.0367146581
4.68692589
-1.62778664
-1.11361444
3.06859446
-0.775175869
1.30488932
-0.106958047
0.494750887
-0.297984749
3.93496704
-0.676834822
3.24567914
-0.916334271
-0.994385302
-1.51737642
-1.22966278
-1.52178109
0.573823452
4.19503355
-1.25940061
-1.1344614
-0.0632056519
3.59335995
7.62571239
0.394189894
-0.868005216
-1.59789562
-1.2235297
-1.09006739
-1.28223383
-1.94340658
0.546161413
-0.902754664
7.58871889
0.853743494
3.15867829
-1.49488199
5.89537907
-0.0364852212
5.96351576
1.18502748
-0.12241222
-0.238124803
-1.26254535
-1.79449308
7.05701733
-0.0890832543
5.15385056
-0.397170246
-1.70367134
2.07113123
-1.78556371
-1.40320969
1.00543356
-0.784657955
7.90268993
-1.52619374
4.23109531
1.70108247
4.65185308
-1.09725142
0.361160576
-0.197942138
-0.229115978
5.7626667
7.84050035
-0.77847904
1.93643713
1.7540946
3.841429
7.16144323
-1.1688484
-1.15589917
2.56685019
-1.37177157
-1.30474579
-1.69974053
-1.98929715
-0.197985187
1.50097907
-0.834962845
-1.07409501
3.31129336
3.24780083
-0.183874696
2.99815869
6.78257656
4.60524845
2.00092816
2.57892871
6.93869543
-0.299444139
0.712998033
2.36215568
6.53458309
5.22609854
-1.71436059
-1.33630884
-0.769552767
3.98332357
1.1073128
-0.84555763
-1.50258541
3.01884794
3.19573903
7.08281994
0.00755483378
-0.0248191226
-1.67823255
-1.84055686
-0.271885335
-0.710713685
-0.998528361
-1.63469243
7.39057779
5.3753376
1.2031858
7.21258068
7.99315882
2.75650525
-0.921955884
-1.8390733
4.10030127
-0.117996708
2.4241519
6.65716457
-1.27404344
1.36527395
2.15655541
-0.0330967903
-1.63503039
-0.608155787
-0.666766405
2.72213626
5.72372961
-0.680785358
3.09877872
-0.847128808
7.12309647
5.01705647
0.801545739
-0.180696368
-0.741931379
-0.706904829
7.52295542
-0.383299768
0.233540043
7.80990744
2.52256608
0.681497514
-0.347009718
-1.24966979
-0.552882552
4.10309029
2.00653982
4.15984869
-1.18576705
0.78751421
6.84276438
-0.247535616
3.17200041
-1.5142957
7.57034922
1.7419467
-1.0428102
-1.36648738
0.81342411
0.836022556
-1.62716317
7.87611437
6.60687828
-0.154208422
-1.53013539
5.314291
-0.00649798103
3.46565318
0.141952246
-0.906300426
5.35558319
7.68391418
-1.02507639
0.820241213
-0.465655953
6.74989033
0.131854266
6.06922007
5.82443094
-0.895010412
4.64009905
-0.340230316
6.94797421
0.123802811
5.12879181
-0.868644059
-0.805776596
1.39100361
7.98243713
-0.0414386131
-1.40561831
0.617289245
-0.619504213
0.830678701
0.694881022
-0.178621531
-0.712890625
-1.24539053
3.15997481
1.14876223
-1.06575024
4.40871143
-1.82541084
3.91528249
3.28364611
4.98254251
-0.45568499
2.61902118
5.13196087
7.69309044
-0.0186854023
-1.85192156
0.0366584025
1.44288683
5.915205
5.98704576
-0.238775164
0.4152174
-0.172287703
3.55910134
-0.360085517
2.47650123
-1.38255513
-0.122037597
7.50725794
-0.645755053
3.08327365
2.39738655
5.62824488
5.63746119
5.749475
-0.479962409
-0.733355403
3.49947882
4.15042877
5.95812845
-1.85640359
-1.72631705
2.09857631
6.73486567
7.95881462
3.94826198
-0.264114112
-1.60622752
2.1399653
5.96126795
-0.225285798
3.10401869
6.45478487
-1.81603611
4.73829556
-0.826528907
-0.500635624
-1.41772079
0.498661101
1.05484903
4.68031168
-1.32006538
-1.68412662
5.93343353
1.91536593
-1.03668082
6.60526419
-1.4275291
-0.155400351
-0.984090626
-0.978693187
-1.96241033
4.8741293
6.41935062
2.84177423
-1.36809754
-0.233080864
-0.617737532
1.40114725
2.22301912
-0.302764237
-0.999607086
5.52486277
-1.20313203
-0.461227
-0.0671677589
-1.05117714
1.15076303
1.19699085
7.88307285
-0.819076955
7.64711189
2.53167701
-0.90207845
1.05486429
2.97279191
3.91470146
-1.80382299
1.70250392
-0.0130908536
6.46648455
-0.855223417
4.78176212
1.71303999
-0.590716183
2.18588614
1.93425858
2.84423137
3.53485394
2.54690456
5.41339397
2.05196977
6.45445919
2.34144974
-0.764268458
-0.23670724
1.27318084
3.71775627
-1.63946652
-0.819558203
3.95969391
-1.29743969
-1.4713608
0.630524158
7.54383326
0.493637979
6.6157918
5.28756189
-0.972119689
5.19503689
-0.0726086795
4.90381575
3.94494963
-0.645138979
-1.53932118
7.40629292
-1.4369719
7.46400356
5.76224947
3.58746743
7.67907572
7.47631598
4.87340212
-0.536899805
4.65091133
-1.94432533
0.585156918
-0.180855885
2.76525402
2.75745273
1.35296142
5.15867662
7.0446701
-1.56661558
-1.06471241
-1.89990139
6.14775753
0.982518137
6.64409447
-1.11453116
-1.74713182
5.18168545
6.55020237
-0.791239321
-0.36681658
-1.44089198
7.1401844
-0.782541692
-0.0295015238
-1.61123204
6.19614887
-1.45734382
-0.185424969
2.72777939
3.89024186
7.13558531
-0.323492974
3.87630415
-1.38190842
-0.34046188
-1.60391343
-0.0426118486
-0.367536455
7.22434425
-1.8691349
-0.517880142
-0.226467654
7.20888281
5.68720293
-1.6025815
2.97088432
0.711453795
7.64548063
-0.565304637
-0.407441437
-1.24076581
-1.51136112
5.56853104
-0.181130528
2.60429978
2.26727152
1.55433536
-1.91457021
4.58871365
-1.02572441
-1.49630451
1.03324759
-1.72555935
4.24251795
-1.17137051
-1.13619459
5.9151268
-0.685761809