1.94484711
-0
-0
-0
3.78353953
2.74576473
6.27487326
-0
-0.364520818
-0
-0
0.0440659449
-0
-0
2.15759683
0.445707291
-0
1.05410886
4.9508872
-0
4.89310789
3.17023039
-0.189146951
-0
7.31540918
-0.167986393
-0
-0
5.55990982
1.28886271
4.91405249
3.67570853
0.345823616
7.56985235
-0.342225343
0.531876147
5.27047443
1.54749382
5.7873106
0.874106884
3.27314949
-0
-0
-0
-0
-0
-0
-0
1.87098026
-0.301808059
-0.319491744
-0
-0
6.98647356
2.11930084
1.38119006
-0
3.66602874
-0
-0.344367534
7.83237362
1.95626187
0.593977571
2.93109727
5.48563051
4.41599846
-0
-0
-0.0232523438
-0
-0
7.08655548
6.02188206
-0.0172206592
2.27438617
-0.370189577
6.63276148
-0.256943256
-0
-0
0.651629806
-0
0.981958926
6.36516619
-0.372998267
-0
7.96060181
0.0800823569
-0
-0
-0
1.7125814
4.67326975
-0.364199907
-0
-0.349115342
7.93794203
0.269080967
7.53725386
5.77247524
-0
3.53154922
2.86247897
0.354079694
-0
1.97549081
-0
-0.340306878
-0.278839886
7.26105499
6.01364708
-0
0.00470356178
-0
6.60204554
5.92829704
-0
1.93535984
1.37840736
-0
4.2001729
0.381195784
4.45802355
0.282140106
-0
-0.0874516368
-0
6.8655777
6.05954981
5.30664825
-0
-0
6.0481534
7.15119123
-0
-0.103702225
-0
4.16963482
4.25335073
-0
-0.171673298
0.50425905
-0
5.95892859
-0.362831354
-0
0.380253851
3.67889714
-0
-0
7.92238951
2.15746427
-0.33171773
0.153786898
-0
-0
-0.176753998
1.03920281
-0
-0
-0
1.78217793
-0
6.48672009
5.7541666
-0
-0
2.5701046
-0
-0
6.96822786
0.783688664
-0.186765224
4.55391073
4.91995192
-0
-0
-0.348755807
-0.362188011
-0.217408091
3.66521358
2.66927457
7.74664354
-0
-0.374438196
-0.183769941
5.78676081
-0
-0
-0.298427433
-0.364574462
-0
-0
6.7722497
-0.316965252
5.78158569
0.510661662
-0
7.98851967
5.37644148
7.50394011
6.82187176
5.5791316
-0
-0.106074095
-0
-0.373842001
-0
-0.343254805
7.76494169
-0
4.54512978
-0.273565173
-0.363018632
7.31708241
7.92676306
0.578844428
3.49453235
-0
-0
7.49935007
0.900941849
0.413526833
3.96760893
-0
0.975750983
0.0231497157
5.64351845
-0
7.37246227
-0
-0
1.14563215
2.71154308
-0
-0
6.24459696
-0
1.1373316
1.56313515
-0.367817134
0.968089938
0.20440793
6.95530033
-0
3.45906878
-0
-0.370328069
2.63122988
-0
-0.0288405884
4.02983189
-0
-0.259471655
7.97527122
7.93754339
-0
-0
-0
6.93214989
6.09382677
6.06832409
-0.317460924
-0
5.33991909
3.25663877
1.42555761
7.79572916
2.24338198
-0
5.0736661
-0
2.44613361
7.02288008
-0
-0
-0
0.54665333
-0
1.30751503
3.48179507
-0
1.84274971
-0
-0.0861337334
6.48538399
5.53765965
-0
-0.362192214
-0
-0
4.33790779
1.89904368
-0
3.85969448
0.527400315
-0.355392873
-0
-0
6.12970209
6.46285725
0.45340389
5.35352039
0.95054394
-0
-0
-0
6.38370371
4.737957
5.77124119
6.38279438
-0
-0
-0
4.48185968
6.14615536
-0.374999315
1.58648455
-0
6.8780961
5.83369112
7.61929655
4.97234774
6.10265923
-0
3.78503156
-0.140949622
6.89305401
4.83576202
5.8250246
4.97198915
-0
4.59799194
-0
5.95466852
5.73749208
-0
5.06538582
-0.250338554
-0
4.72552776
-0
-0
-0
-0.115495577
5.82964706
7.47022581
-0
1.98591626
-0.373157382
7.69839478
0.345686615
7.02779436
-0
7.52640963
-0
7.40054893
-0
-0
-0.340795457
3.65672088
-0.00935934857
1.33096457
0.0969518945
-0.356086105
0.862975419
-0
3.34056449
-0
6.80920267
0.370701015
3.51087999
3.87120128
2.60722876
-0.299633712
-0
2.46479273
-0.128233165
-0.0112396153
5.56824446
3.51606822
-0
-0
-0.37480408
-0.374367684
-0
-0
-0.366401136
7.04581881
2.76005411
6.44488859
1.49345052
-0
0.481544733
-0
-0
-0.351159483
0.912841082
2.25882196
-0.227792531
-0.31998077
-0
-0.183834001
6.41889334
4.73639631
-0
-0
0.133803368
1.81758642
-0.159543067
5.0947752
4.01821041
2.65632129
-0
-0
-0
-0
-0.172532648
5.59580326
-0
-0.372137368
1.75658929
-0
3.14166808
-0.0436336882
-0
2.28757238
-0
4.0154314
4.32073879
-0
-0.359765202
-0
7.32745647
0.157421187
-0
-0
5.57338142
-0.267427623
4.82266569
2.53879976
7.80627918
1.15236068
7.20063353
6.262815
1.44268191
3.50838327
0.0391994342
5.28910685
0.480755836
6.35532951
3.89848709
-0.175238773
-0
-0
1.90985358
4.25301886
0.189755589
1.69943464
-0
-0
-0
-0
-0.0554588288
0.390005022
-0
-0
3.1031971
3.30270624
-0
-0.374922305
0.418359369
-0.371129662
-0
-0.366764069
6.47741556
0.974260807
3.1283679
5.70771265
4.24951315
-0.346447319
-0
-0.248310298
4.05560207
5.6551671
7.2548852
-0.3680408
3.96025062
0.459861279
1.28089428
-0
-0
-0.337652594
-0
-0.165213197
2.80238581
-0.374840528
-0
-0.215506971
-0
1.61578441
-0
-0.368618488
0.692045808
-0
2.01143575
-0
-0.243820071
-0
-0.343558371
-0
-0.105985582
4.1796751
-0.343610138
4.03215694
5.31078863
-0
-0
-0
0.381650478
7.99852514
-0.239809588
2.1629982
4.49972868
2.19662833
4.06773138
7.19378757
-0
-0
-0
-0
2.58089972
0.686353266
-0
3.19143963
4.27036953
-0
1.34873307
3.96681046
-0
5.10881901
7.43553257
-0
-0
-0
2.76073289
7.33076525
-0.371071488
3.44023538
-0
3.04983068
1.70873928
-0
4.359694
5.60469198
1.23347926
-0
7.74150944
4.52216578
-0.22624445
-0.354108304
-0.320685357
0.0492023043
-0.194628954
5.59321022
5.15729475
-0
7.37260103
1.86903584
5.25931692
3.3169384
-0.338528067
3.7407248
7.44757986
-0
4.93118763
0.367555887
-0.120400444
-0.338309824
3.69641948
-0
5.62741041
5.29169607
-0
6.10609913
-0
-0.229191259
1.40203869
-0.343292445
-0
5.61524534
-0
-0
4.76531792
-0.189644009
6.08511972
3.21894002
-0
-0
7.1690011
-0
3.5211947
-0.0858106986
4.13063431
3.04974937
2.07549644
-0.069834739
4.68692589
-0
-0
3.06859446
-0
0.936233997
-0.183409363
0.288171858
-0.359183073
3.93496704
-0.132055312
3.24567914
-0
-0
-0
-0
-0
0.341790617
4.19503355
-0
-0
-0.115758091
3.59335995
7.62571239
0.222992569
-0
-0
-0
-0
-0
-0
0.322796077
-0
7.58871889
0.548351407
3.15867829
-0
5.89537907
-0.0694206581
5.96351576
0.826562107
-0.204865098
-0.325040489
-0
-0
7.05701733
-0.157004297
5.15385056
-0.373689294
-0
1.75049639
-0
-0
0.67119956
-0
7.90268993
-0
4.23109531
1.33282149
4.65185308
-0
0.202319771
-0.291401356
-0.318247616
5.7626667
7.84050035
-0
1.5931834
1.38985527
3.841429
7.16144323
-0
-0
2.38154507
-0
-0
-0
-0
-0.291442037
1.12597919
-0
-0
3.31129336
3.24780083
-0.277589649
2.99723864
6.78257656
4.60524845
1.66774964
2.39794326
6.93869543
-0.359776825
0.441226721
2.11104131
6.53458309
5.22609854
-0
-0
-0
3.98332357
0.758013368
-0
-0
3.01884794
3.19573903
7.08281994
0.00378692965
-0.0479956083
-0
-0
-0.346646309
-0.0744568557
-0
-0
7.39057779
5.3753376
0.842868984
7.21258068
7.99315882
2.64463949
-0
-0
4.10030127
-0.198864833
2.1914947
6.65716457
-0
0.993299186
1.8533994
-0.0632725209
-0
-0.230035678
-0.147992969
2.59607244
5.72372961
-0.125654176
3.09877872
-0
7.12309647
5.01705647
0.507852137
-0.274322927
-0.0159636345
-0.0812378302
7.52295542
-0.374816298
0.12586017
7.80990744
2.32183957
0.418155223
-0.372910798
-0
-0.290620774
4.10309029
1.67430353
4.15984869
-0
0.497120202
6.84276438
-0.331674248
3.17200041
-0
7.57034922
1.37670302
-0
-0
0.516988516
0.534500241
-0
7.87611437
6.60687828
-0.245002881
-0
5.314291
-0.0128833661
3.46565318
0.0743345246
-0
5.35558319
7.68391418
-0
0.522253215
-0.353083998
6.74989033
0.0688247234
6.06922007
5.82443094
-0
4.64009905
-0.371776193
6.94797421
0.0644559264
5.12879181
-0
-0
1.01798368
7.98243713
-0.0782981291
-0
0.372152299
-0.215580493
0.53034389
0.427917123
-0.272161335
-0.0705464706
-0
3.15997481
0.794323564
-0
4.40871143
-0
3.91528249
3.28364611
4.98254251
-0.357639819
2.45272279
5.13196087
7.69309044
-0.0364397541
-0
0.0185531732
1.06843042
5.915205
5.98704576
-0.325514138
0.236342952
-0.265420586
3.55910134
-0.374406815
2.260427
-0
-0.204360053
7.50725794
-0.179511204
3.08327365
2.15660381
5.62824488
5.63746119
5.749475
-0.345621049
-0.0325504132
3.49947882
4.15042877
5.95812845
-0
-0
1.78329194
6.73486567
7.95881462
3.94826198
-0.342211515
-0
1.83322442
5.96126795
-0.315228462
3.10401869
6.45478487
-0
4.73829556
-0
-0.332908511
-0
0.290774345
0.712875605
4.68031168
-0
-0
5.93343353
1.56912076
-0
6.60526419
-0
-0.246402651
-0
-0
-0
4.8741293
6.41935062
2.76683378
-0
-0.321290553
-0.217875972
1.02777588
1.93514526
-0.361085325
-0
5.52486277
-0
-0.355173081
-0.122304834
-0
0.796090782
0.837293267
7.88307285
-0
7.64711189
2.33406997
-0
0.712888658
2.95931101
3.91470146
-0
1.33433867
-0.0257247202
6.46648455
-0
4.78176212
1.3456043
-0.250910759
1.88929284
1.59068871
2.77039123
3.53485394
2.35457277
5.41339397
1.72774816
6.45445919
2.08445597
-0
-0.324000299
0.906755328
3.71775627
-0
-0
3.95969391
-0
-0
0.381522179
7.54383326
0.287432075
6.6157918
5.28756189
-0
5.19503689
-0.131158635
4.90381575
3.94494963
-0.180399805
-0
7.40629292
-0
7.46400356
5.76224947
3.58746743
7.67907572
7.47631598
4.87340212
-0.305102527
4.65091133
-0
0.349646538
-0.274488181
2.65706539
2.64598393
0.981564879
5.15867662
7.0446701
-0
-0
-0
6.14775753
0.652149379
6.64409447
-0
-0
5.18168545
6.55020237
-0
-0.374821424
-0
7.1401844
-0
-0.0566821434
-0
6.19614887
-0
-0.27916348
2.60401964
3.89024186
7.13558531
-0.367925406
3.87630415
-0
-0.37181899
-0
-0.0803816468
-0.374851465
7.22434425
-0
-0.320560724
-0.316168368
7.20888281
5.68720293
-0
2.95646787
0.440087974
7.64548063
-0.278424382
-0.372193485
-0
-0
5.56853104
-0.274772346
2.4325459
1.99038911
1.17982745
-0
4.58871365
-0
-0
0.69455719
-0
4.24251795
-0
-0
5.9151268
-0.117472261
-0
6.40849638
-0
5.73449802
-0
-0
-0
-0
2.39521575
-0
-0
4.63975477
-0
-0.0847510695
-0
-0
3.86748886
0.237716943
3.93064451
-0.165957436
4.44827271
0.113380715
-0
0.0313382335
7.12665033
-0
4.53163195
5.87169456
0.191242978
-0.260548145
7.42441893
-0
-0.149296284
-0.374084264
2.96642399
-0.073808834
6.55521345
-0
-0
1.36678815
-0
-0
1.82021558
0.486620814
-0.094617635
7.9140439
0.284293443
-0.278873444
1.31764615
-0
3.2284708
5.64468384
2.17910242
4.30340385
3.53343868
-0
-0.28742516
-0
-0.181644723
-0.27974841
-0.370952606
-0
-0.357044816
2.48398185
-0.331448555
-0
6.76776075
-0
5.30835009
-0
-0
3.82073593
4.98830843
0.586546004
1.01070571
0.654521108
-0.124624476
-0
-0.256718367
2.48912334
4.00454807
5.88947439
3.53697085
7.49437809
1.23345399
-0.24778606
0.882390141
-0
2.30205131
-0
-0
5.52597475
-0.311135083
4.2016902
0.827074647
4.91554213
5.5224824
7.59274578
5.09482956
1.45893896
2.01041698
-0
6.86534882
5.2713728
-0
-0
3.24318027
-0
-0.186740771
-0
5.91780329
0.718237638
-0.373725414
-0
1.82206011
-0
3.93778825
-0
-0.3671287
-0.192764357
-0.319097459
3.54553556
4.42936993
0.735687792
-0
-0
-0
1.53516781
2.68306136
-0
2.4144063
-0.105934657
-0.320334435
-0
4.07909012
-0
-0.351108044
-0
2.78713679
-0.0993141532
2.52888083
-0
-0.36984992
1.21552539
-0
-0
-0
-0
-0
-0.114565752
-0
3.95222592
-0
-0.346062839
3.25874019
0.0021017089
5.33366728
4.89920282
-0
5.78822994
-0
-0
6.73859882
5.7937603
0.8509565
0.817064583
3.35198331
-0.369412184
-0
-0
-0.0917237923
4.82115459
1.54035473
5.31241465
6.71631622
-0
5.51174974
-0
1.04795623
0.216199681
-0.370310962
-0
-0.184971675
-0.146498084
-0
0.0885553062
-0
0.0838423595
6.49476385
-0.236984611
3.63806558
5.10317755
5.04059219
-0
-0
-0
1.26657546
4.16344452
2.27588224
-0
4.36556959
-0.0455871336
4.07113314
4.15803432
-0.297369242
6.78646803
0.693393052
1.8634268
1.65774977
5.82795
1.70826817
-0
-0
-0.319832742
-0
-0
-0
0.0609918274
-0
-0.286031961
-0
5.30714607
-0
5.82800055
5.68469381
1.48441613
0.0586739108
-0.238982141
0.560409069
4.66908455
6.33402824
-0.294324487
4.95705462
2.19836307
-0.0687375367
-0.169626161
-0
-0
-0
6.38602924
-0.206663966
3.42904878
0.0372749306
-0
-0
-0.332641751
-0.328050971
0.204063132
-0
-0.327408433
-0
-0.374729186
-0.178388521
1.19190359
4.62763071
2.1042614
-0
-0
2.78465366
-0
3.57973838
2.29837155
6.50148296
5.97247458
-0.148326755
0.954004824
-0
-0.239138439
7.48314428
3.17567945
-0.366284847
1.14573073
7.00803518
-0
-0.337691188
4.66659117
5.01095676
2.59568691
5.26334333
3.82039475
2.95013189
0.240868673
2.07799053
-0.36244145
-0.290805668
-0.293697566
-0
-0
7.16269207
-0.101790495
-0
-0
-0
5.51085424
-0
4.33399534
5.36191702
6.13891459
-0
-0.168994531
4.26092148
-0
-0.33779344
-0
5.30152082
4.33756495
4.94469929
-0
-0.332869649
-0.374093771
2.7380023
-0
-0.313555539
-0
3.9765842
-0.2972866
0.321444213
-0
4.93798208
-0.206913754
5.3618145
-0.312055826
7.15408278
7.75103664
-0.243907407
-0
-0.349644661
0.251850694
7.46029043
5.07026005
4.82014751
-0
-0
1.97984385
5.98587132
0.563246191
-0
5.53427649
5.61865664
-0
4.20986938
-0
6.48489952
-0
-0.333406478
7.14261198
-0
-0.289067894
-0.238000989
-0
-0
0.0162288006
-0
7.91240549
-0.33310014
-0
6.8932147
5.42682076
2.15918231
4.6620903
-0
-0
5.27618551
3.13715172
-0
3.28857875
-0.298471034
-0
-0
-0
5.35940981
0.492059767
3.63575649
0.255079001
-0
-0
-0
-0
-0.367136717
4.7023859
-0.264616758
-0
6.48235035
1.17320597
-0
0.133092806
-0
-0
-0.352451116
1.48087609
-0
-0.370458037
2.46773529
-0
7.59447193
-0
0.237450272
0.0609125644
7.81330395
0.558332801
-0.364353716
-0.200864404
1.870713
7.69663095
-0
-0
4.61632013
-0.213899404
3.72705626
1.727916
4.3440218
3.76299167
-0.143050417
-0
0.458446592
5.01614189
-0
4.46628141
-0.229617804
3.12622809
1.79433846
4.98396301
-0
4.4190464
-0.262146592
-0
-0
-0
-0
6.93393564
0.133165985
7.82596302
0.423248947
-0
4.05265474
-0
-0.27140075
4.49346495
5.85277224
-0.139298603
-0
-0.312638581
6.23178434
3.89292336
6.31419992
-0.358600438
7.57957745
-0.0297591276
-0.0195511598
6.78896761
0.170059994
4.81836939
3.63330126
-0
1.26748466
5.15746069
0.452026486
-0.0664534867
-0
2.39220691
-0
1.27030408
-0.358161151
3.036237
-0.247323424
-0
5.92059469
-0.252005249
7.97040939
-0
7.68043661
7.16647005
-0
1.90691411
-0.296333462
4.8175354
2.80864668
7.24463034
-0
1.35431898
4.50099134
-0
-0
4.4562459
-0.307000935
-0.351646245
0.730889082
1.31200862
2.8005271
7.18117666
-0.324988395
4.20935154
0.824523151
0.272708803
-0.372119904
2.15087175
-0
-0
3.77079773
-0.00760932034
-0.359168589
0.655665398
-0
-0
-0.306654453
7.9418416
-0
6.66366243
-0.067094475
-0
5.64522076
-0.285529286
6.37886429
-0.310565114
-0
2.86762619
5.52833939
-0.0545587167
-0.227358595
-0
0.413250327
6.26130676
5.62179279
3.38894558
6.8371911
1.91061556
4.69914198
0.0733169168
-0
-0
-0
4.64596891
-0
0.556686282
-0.315514624
4.85858774
0.526984811
1.43030417
-0
-0
7.99352074
3.5019145
0.233736619
4.306633
5.17343044
-0
7.5580759
2.00314689
-0.29342851
2.82494664
-0.212387249
6.04736233
4.48420668
1.95215821
-0
7.46023369
-0.34533444
6.57139635
-0
-0
-0
-0
-0.0768810138
3.34931421
-0.220235988
7.05446482
6.31881475
5.53493929
-0
1.85871458
0.517018259
-0
-0
0.315644085
0.0208676588
-0
7.06571198
-0
2.34489775
3.53012419
1.31275666
5.48048019
0.681627154
5.20378017
-0
-0
1.98535395
0.865639567
2.18355799
4.27134418
-0.370441109
1.93618762
-0.0155312866
1.7072612
-0
7.30640268
-0.124030605
4.87501049
2.94004846
-0
-0
-0
-0.32752952
-0.115408473
-0
1.33867562
-0.000659652287
3.49380612
3.74719596
5.77243805
7.60598612
-0
-0.320591927
0.655380309
-0.0510596149
-0.220258355
-0
-0
-0
-0
-0.354160845
1.49099624
-0
5.84492016
-0
-0.109968543
0.879001439
-0.00171738479
4.20994186
-0.0137473065
0.127049744
-0.00985669717
-0
-0
7.12372494
0.0448204353
7.46698618
-0
-0.253538847
-0
-0.0397340842
6.11743164
2.24938297
-0.198392823
0.350964308
5.55475807
-0.349016309
6.11929178
3.64012909
4.2217083
-0.305662006
-0.373629093
0.773005605
-0
0.54664439
-0
0.0348169059
4.23046589
-0
7.82545137
2.83171916
-0
7.60132504
-0.368496269
4.71835566
-0.182526514
7.02317715
4.07944298
-0
0.0765308663
0.00062348746
-0
-0
-0.146323651
-0.180633709
-0.265158862
1.33184636
0.134304106
-0.113521188
1.45001256
-0
7.84985161
3.82910967
-0
-0.166670084
5.25263023
0.303342193
3.33983684
-0
5.05198145
-0.313738436
2.67935419
7.67836857
0.96854192
4.74807692
3.60518742
3.00869846
-0
-0.175730243
7.47313118
4.52646399
4.41859245
0.878231406
3.54240179
0.965834737
-0
1.74249566
1.56958401
5.45867395
-0
2.83940291
-0
7.17128277
-0
-0
-0.00947917067
-0
3.04800415
-0.374273151
4.39955664
6.72833538
5.96508312
3.77339625
-0
-0
-0
-0.0936766714
2.42069578
0.231511533
-0.00995378941
-0
6.59398651
-0.200657681
-0.259793371
4.35183668
3.5347929
2.02273941
3.09301305
1.39759839
-0
-0
0.608653069
-0
7.56656981
-0
-0
-0
3.2798121
-0.0354462154
-0.23419413
6.93920612
4.72648573
-0
-0
2.74398232
-0.344910979
7.68256855
5.09403944
7.27374172
4.87385321
-0
-0
3.42626071
-0.221980646
-0.319315881
-0
-0.148691669
-0
0.372122347
6.92838287
3.13874078
-0
1.49634647
1.01633084
-0
2.58933091
0.289444417
1.91544807
-0
-0.372878522
3.47772884
-0
4.33225679
-0
0.510996819
6.86559486
-0.374981552
6.96051359
6.05439377
-0.158712879
-0
7.42262459
-0.0661361441
2.07539487
6.52699137
-0
0.827552259
0.333940655
3.56988287
6.98671007
6.61167574
-0
6.11591959
-0
6.7141571
7.95474863
-0.371345043
-0.0360196643
6.98573971
7.3941021
6.81663513
6.02789068
-0
0.740764499
-0
7.72790241
-0
7.82559156
0.426400959
-0.0471194685
7.01696825
5.61695576
-0.212199867
-0
-0
-0
-0.256662011
-0
-0
3.78588629
4.65228271
0.738272965
4.11652422
-0
5.69834423
6.35268402
5.23183727
0.13220787
-0
2.57634211
-0
-0
-0.0835547671
-0
-0
-0
4.06010628
7.26455736
-0
3.56612039
-0
2.23719287
3.08429742
-0
-0
-0
-0.374970376
0.0204348229
6.32189369
3.25691247
-0
-0
6.6580863
-0
1.47760069
-0
-0
-0
3.96375728
1.32295573
-0.371071428
0.497301668
-0.197065994
0.36019814
2.46164012
-0
-0
4.07583284
5.97016096
-0
-0.305022985
3.26025796
-0
0.689035118
-0
0.478066564
0.0451810472
0.807129622
-0
-0.114534251
0.180386871
-0
-0
0.960158944
-0
0.087595813
4.93907356
-0.28001675
0.113470979
-0.265980333
-0
-0.240583509
4.91064548
3.57248139
-0.370472372
5.0632515
3.93287182
0.888150036
-0
-0.212461427
-0
7.90597868
6.95332479
-0
6.94040918
-0
-0.374707788
4.3035531
4.25324297
7.65333271
2.07504487
-0.36650309
7.88570547
-0.350892007
5.91392469
6.50827694
-0.335036963
2.88649893
2.41121793
0.380301237
2.23404217
-0.229083255
-0
0.35729757
0.266234368
3.64573026
-0
-0
-0
-0
2.67235923
0.439845949
0.298978418
5.17376709
-0
-0.220937535
-0
6.99856567
3.60038304
-0
4.9516511
-0.367799729
4.25685549
6.14010572
-0
-0
-0
-0
1.19025314
3.25258017
-0
3.84865737
-0.374322563
-0
-0
5.81968403
-0
0.0318143703
-0
5.05257988
3.70427966
-0.0494799465
1.19242394
2.65032482
-0.0624764189
-0
-0
2.37686849
-0
-0
-0
7.17632389
6.07542229
6.58524275
1.68524718
-0.356272459
-0.0342154615
7.55664396
7.06538248
2.6233592
4.57287359
-0.0482172295
-0.370669425
-0
-0.337136179
4.07065773
-0.181929305
5.58945513
-0
3.32122874
4.89241838
6.63585901
0.66514653
7.48457909
0.598316371
-0
-0
-0
2.09194469
6.75561762
5.55413437
-0
3.59335542
-0
-0
2.67628431
1.27534223
5.97792721
-0
4.18714285
3.58888388
0.61857456
-0.14673014
5.91158152