0.639427
0.809430
0.805819
0.892180
0.957213
0.505355
0.847494
0.807128
0.973116
0.552041
0.936655
0.861707
0.729127
0.379455
0.989523
0.684614
0.842852
0.897823
0.399401
0.997538
0.876368
0.655439
0.914548
0.381619
0.996121
0.971078
0.720722
0.681710
0.762511
0.778627
0.953816
0.929099
0.878722
0.729931
0.946949
0.995149
0.760602
0.765834
0.588309
0.872433
0.631103
0.905420
0.859635
0.984165
0.402621
0.935514
0.784619
0.807497
0.985309
0.861349
0.550325
0.999282
0.968996
0.848696
0.968709
0.747976
0.584178
0.934706
0.960779
0.395786
0.675213
0.751864
0.890287
0.998454
0.938930
0.933259
0.880864
0.604830
0.833745
0.987233
0.905336
0.846104
0.423576
0.898982
0.860703
0.898925
0.427687
0.884135
0.903929
0.929881
0.976206
0.881416
0.795345
0.930816
0.864353
0.966889
0.787374
0.981150
0.939237
0.970401
0.962534
0.434564
0.728545
0.848015
0.719754
0.708785
0.442160
0.901181
0.940364
0.902806
0.632941
0.818423
0.672796
0.654706
0.957966
0.849738
0.848336
0.801417
0.987892
0.950040
0.891426
0.719274
0.830569
0.897208
0.706419
0.637661
0.765814
0.904839
0.695523
0.856732
0.404317
0.753475
0.953430
0.747516
0.642750
0.461698
0.435836
0.679142
0.761230
0.831924
0.563970
0.766898
0.999908
0.781233
0.964721
0.949612
0.677347
0.958173
0.849576
0.960788
0.828707
0.850293
0.983844
0.808199
0.797832
0.880320
0.851713
0.948063
0.881631
0.758165
0.690609
0.850953
0.762190
0.691787
0.724585
0.976607
0.745935
0.702855
0.251404
0.534135
0.974295
0.697417
0.868461
0.993918
0.764443
0.790741
0.941064
0.860167
0.990031
0.702988
0.947590
0.787828
0.933668
0.544562
0.908411
0.826631
0.961911
0.835959
0.999572
0.699734
0.942676
0.651509
0.916073
0.634785
0.514596
0.988119
0.857733
0.693674
0.945194
0.813566
0.927673
0.970185
0.973147
0.980245
0.551265
0.921868
0.992257
0.790006
0.934248
0.820549
0.775544
0.998902
0.811409
0.820748
0.980818
0.502291
0.869700
0.874190
0.759402
0.872383
0.654781
0.997426
0.746766
0.851765
0.872579
0.903424
0.796143
0.804633
0.901209
0.792519
0.587572
0.870840
0.912829
0.461150
0.798860
0.607065
0.992692
0.977944
0.838337
0.903404
0.646341
0.904155
0.732360
0.962893
0.966500
0.979942
0.967270
0.830473
0.824690
0.806489
0.946262
0.940292
0.887259
0.884235
0.915256
0.945974
0.909388
0.414885
0.848033
0.951522
0.597146
0.950555
0.685680
0.977843
0.398140
0.869695
0.900531
0.858406
0.778017
0.503839
0.945416
0.866981
0.521451
0.964026
0.605427
0.852793
0.909701
0.720840
0.451555
0.633077
0.994628
0.665108
0.868092
0.968399
0.831772
0.738796
0.811769
0.845373
0.762606
0.807221
0.974547
0.818427
0.746112
0.929084
0.721596
0.776836
0.339825
0.869863
0.673969
0.661939
0.442044
0.754943
0.429914
0.703671
0.833354
0.861764
0.844484
0.921162
0.575759
0.709499
0.510483
0.801322
0.905923
0.919770
0.864247
0.627217
0.760215
0.655509
0.772848
0.759877
0.924154
0.864250
0.855293
0.507068
0.791818
0.895877
0.809816
0.475629
0.597886
0.899127
0.938002
0.791662
0.813185
0.906343
0.685414
0.646025
0.967696
0.595041
0.947668
0.809044
0.844428
0.770875
0.883682
0.748537
0.766308
0.808624
0.845892
0.984440
0.763117
0.905306
0.966268
0.801259
0.641179
0.874117
0.994525
0.834963
0.930826
0.791381
0.301151
0.829762
0.705536
0.905147
0.515376
0.981039
0.614810
0.788520
0.732941
0.974654
0.526059
0.988331
0.779143
0.753291
0.811498
0.865798
0.457680
0.889486
0.933371
0.989123
0.924310
0.870037
0.998151
0.980027
0.637513
0.801096
0.952789
0.689765
0.781312
0.778515
0.561673
0.605095
0.996365
0.916479
0.573922
0.852826
0.898679
0.790373
0.845521
0.803662
0.891332
0.851362
0.999595
0.793696
0.823339
0.972380
0.940904
0.894926
0.780263
0.966265
0.910712
0.502573
0.941607
0.956650
0.842530
0.825236
0.072973
0.641454
0.766959
0.718363
0.860777
0.975374
0.763121
0.514725
0.308540
0.945233
0.966687
0.865308
0.882339
0.989091
0.847172
0.975083
0.794897
0.938949
0.570282
0.553223
0.815749
0.673806
0.979898
0.796755
0.990616
0.967071
0.828289
0.721400
0.920521
0.735837
0.841167
0.680727
0.948205
0.912124
0.690500
0.774972
0.693313
0.676622
0.980161
0.972911
0.297615
0.714141
0.442376
0.933700
0.933024
0.935032
0.878400
0.963914
0.645898
0.907937
0.717358
0.936669
0.989099
0.882245
0.997172
0.495384
0.962131
0.926040
0.736618
0.982994
0.757283
0.897043
0.826990
0.669256
0.502520
0.895118
0.310978
0.954035
0.703766
0.564169
0.747735
0.572702
0.537518
0.664094
0.754740
0.873135
0.934583
0.933776
0.768972
0.978333
0.816453
0.992857
0.906767
0.994124
0.661793
0.937410
0.725024
0.809478
0.883757
0.298363
0.673500
0.823360
0.740541
0.402265
0.948520
0.911578
0.815786
0.972290
0.941586
0.785805
0.922226
0.847133
0.849341
0.707577
0.914741
0.967786
0.724305
0.869474