-0.33407137836235745
0.9140395210533463
-0.9693325875430143
0.8743195264044954
0.924155112228918
-0.765367601113331
0.9991440140356234
-0.042158247315268405
-0.514813636308517
0.20880306815756233
-0.5909737140442126
0.8302529191871129
0.10415858509562903
0.5510277641275405
-0.2386765112541549
0.06730025483252611
-0.2814808888968485
-0.4768767452292948
0.025633080047547052
-0.005445413798033316
-0.8027835368690399
0.9626369136931534
-0.061019155954883164
0.6794623631273697
0.8286609977949781
-0.2585901571374831
-0.17213965884275084
0.12504945492870867
-0.5574518033675495
-0.7081545737949029
-0.47845178018046086
0.869516500592707
0.15828585207480095
-0.16484385288965275
-0.6951771796317134
-0.3402694280442802
-0.24032045051769169
0.6667254305739703
-0.0013970352613550396
0.3092159322420438
0.3696932246918123
-0.48534648473023445
0.6431838793847127
0.9330165345006873
0.2833889087974144
-0.018808834838435207
-0.663532708096918
0.5899510287072682
-0.6614685782796366
0.4406270615241874
-0.02336735749173524
0.8337987793887336
0.08427371070271028
0.28361892636473307
-0.8825358968385397
-0.9323524856706189
0.6933947663654447
0.8903762224017964
0.3364310867863056
0.5286776871440384
-0.1752155551688146
0.685089433650697
-0.537133215845109
0.4143391274069197
-0.9817170766186765
0.011465839386130217
-0.25359861462637623
0.235670471753606
0.3335094591066794
0.23303872216867583
-0.03359169275634977
-0.02429123199385752
-0.9867752860156822
0.10328712182251376
-0.9762980637442151
0.058835293683301204
-0.45051852560433603
0.9549586964650234
-0.9657148047951456
0.6263144418278197
0.34806590423842065
0.6123353978948578
0.8195467319975323
-0.7859671426110142
-0.8073722194971831
-0.702205028519499
-0.6161358860167736
0.05291197080043242
0.6304287814265652
-0.4653505266467284
-0.2062071550038571
-0.25389683307263566
-0.18794518025222806
0.13000436489593814
0.9804660632794546
-0.5482854947451556
0.368083250940771
0.6957342040630714
0.3074714391183062
0.7164383180423743
0.5191717003536895
-0.8129989891457812
-0.24147195552036815
0.10540287905939061
-0.8877701217420686
-0.9810996546917388
-0.6572328495579047
-0.00028321377441598017
-0.13218069605667537
0.5687526215802223
0.13171325590206995
0.7159206267273388
-0.8092763290585399
0.056318371283295976
-0.9148964847659098
-0.5771658882309056
0.7362337811632111
0.7751086140689871
-0.0489994247094534
-0.9068760585165134
-0.8513038801486978
0.8511696201618464
0.7986233017300173
0.12701972809596707
-0.9341964396930562
0.8575327225093186
-0.3710306135466981
0.9229383797520117
0.17407220816897673
0.5045089396937301
0.42542279989871945
-0.20340795920975596
-0.8461250171173083
-0.6750994985705883
-0.5190556113914264
0.669301120183504
-0.2216867852652824
0.7930515340054396
-0.3365403207563429
0.5112185290417846
-0.7200988115296054
0.9769559158282062
0.44832714018862974
0.0015857032754502676
0.9486466548719927
-0.8926071361052128
-0.12582349431300166
0.6773493152263499
-0.3188145070497881
0.5380113067308847
0.9097167938293316
-0.206593901382081
0.5471098322626449
-0.9407486821096698
-0.45334594274240536
0.9851717569015948
-0.018793087778413486
-0.2883776045883042
0.8822856899414508
-0.1363041075209106
0.35938971617631776
0.32134381502975096
-0.8286117647265285
0.23723178051977567
0.5961103476054932
0.4262170653567714
-0.8359239806537029
-0.6915580722689632
0.4233543095572334
0.2678017639261019
0.4793105779531892
-0.36664354263692767
-0.7868981645774777
-0.9896095552599398
-0.3834650897274039
-0.2801650053062068
-0.46046711352122704
-0.7349859910116012
-0.6252164329442456
-0.1023126459570971
0.10948000121773549
-0.183911649833725
-0.9474761919734056
-0.29217142530948226
-0.8138714790802517
0.19608759558854572
-0.3511393388551747
-0.22952416520803265
-0.416305297407358
-0.22440088124321256
-0.830600966142955
0.8022720897128661
0.8104151486267177
0.9563461280277745
0.143920861499079
-0.660834153215349
-0.23853595302251374
-0.7223198820811665
-0.39773746924986253
-0.01375211557843059
-0.8734656994460912
-0.13064746147451012
-0.15779532045495137
-0.03153737213214303
-0.8461572772096857
-0.49660052442219427
-0.5068198633059942
0.25006737553778935
0.18761279607815728
-0.6089035502394791
-0.786055264838196
-0.3906840084974861
0.8976469247891303
-0.3355655693767461
0.24038437574937865
0.6081529239147649
-0.3409165674414796
-0.330527552506086
0.6309509400060063
0.7190169342016703
0.9484507530092137
-0.7277510568434704
-0.3586696892498247
0.8945578440322324
-0.5982970225958566
-0.37163343760911727
0.9291492461895878
0.937450443493391
-0.41710369683989357
0.3899155353442201
-0.01798537421579538
0.1517585632499212
-0.5151514064388538
-0.24788939535170584
0.6329890308658261
-0.21412974052108025
-0.7722243527760038
0.12770101725757188
0.18445406850077095
0.09125817090164423
0.36342526626017535
0.10019831399494561
0.906009222972592
-0.07675555433370307
0.41673410251212695
-0.12309009138218285
-0.41733758402940935
0.3856705586486855
0.637931136008917
0.5913136719919088
-0.18171681951019703
-0.0013935694220794659
0.26667207930732717
-0.5159576646584023
0.3173259370646362
0.43047278259885235
0.5781535264401259
-0.8520697288354231
0.981401228873936
-0.041530600454747546
-0.19838980534125272
0.013225286059018071
0.8407843689565915
0.3834177317962153
0.08729040677495536
0.5814418340985184
-0.28094101396748017
0.7910030307217981
0.07381197204917567
0.27636073402168226
-0.8300361318980245
0.537908095840081
0.3152032891615313
-0.2899823611030208
0.2939996959668085
-0.9114066129443008
0.9672164119039655
0.3549437917283713
-0.20076450754983544
0.5053655554592116
0.9314335554276565
-0.13908891221963549
-0.9789044544308401
-0.4825232591926891
0.021352481050089356
0.03759553369869906
0.16103659104800827
0.15047079654085227
-0.1084428969901865
-0.21773166264499433
0.5446844649248641
0.17717991308029446
0.0009315632394690798
-0.31006522480096343
-0.9508746939484614
-0.7909012839878766
-0.16804914294857487
0.9234557313599407
-0.7678613240820507
0.881352316292386
-0.7166496463369034
-0.3762193122049171
-0.08933472954824584
-0.586265347583371
-0.03414800244122307
-0.04767493758167296
-0.12366812345394584
0.39352653104733215
-0.3621810515645991
-0.3994718336361194
0.6203718738373962
-0.7698294666024281
0.6983600160938195
0.2959398345554274
0.35427866578176803
-0.6712918142985935
0.9678009411765558
-0.5121741068960146
-0.6510935343517321
-0.6797285775692814
0.11969790497972621
0.9169252434678994
-0.5362889051771793
-0.18990512743949428
-0.6310964496972127
0.28095775332015616
-0.135731095141435
-0.9416154513152188
0.22821387474383958
-0.6053511284355073
0.1844063167207366
-0.2223284392885858
0.4094712319194689
-0.5884310412653562
0.5046509907209833
0.6174595772625215
-0.8748724970616713
-0.7964959025457152
0.7439586600197703
-0.6260803287358132
-0.34803017680236303
-0.08489915558762906
-0.47529320909527817
0.7252730949146147
0.05543003925556533
0.27821717133230117
0.193941658565987
0.2226168422780037
0.17400942913043593
-0.3041507251264912
0.6910356053391185
0.23472535867284994
0.6274765085218676
0.4119767218919601
-0.4051103306012962
0.22896903142583902
-0.8304960627539444
-0.7321044606985787
-0.7642766946766866
-0.3892399949290022
-0.633910963337033
0.38687308343289106
0.021649738974321764
-0.1635217875774828
-0.724265402930885
-0.23258007432462602
-0.6284926014144687
0.2710032841172705
0.3868658530587106
0.2905201901599008
0.9997991051261841
0.10982515166499485
-0.020715947615582264
-0.7194069298044059
-0.3708399706783114
-0.09799805850669774
-0.8927774747383264
-0.28192165565726235
-0.9808331208734375
-0.7269305706750082
0.6304318813077237
0.9276581788298797
0.010876039461340747
-0.010060304267192732
0.369393341119973
-0.16873912945177616
0.6797836042024454
-0.022600976120628724
-0.8346587484270662
-0.9382785887139904
0.5221132370908483
-0.41582018088258677
-0.45029416345293205
0.07521723640963884
-0.6635820451268526
-0.08535722545310187
0.4850365038595741
0.5318391098873814
0.09945236907610266
-0.7735780094159537
-0.7715866972820624
0.550226055727991
0.6465656159951332
-0.26627645578915815
0.6452218555925227
-0.9167789554595334
0.43796048226008666
0.0927065494439292
0.9795514557533664
-0.7951671222450034
0.6601414330850794
0.5026909894873444
-0.4045821297942127
0.9986253385578154
-0.10053531433917251
-0.3028460463553724
0.6334571702328771
-0.12186019323333408
0.9879153686372342
0.5512632997615472
-0.5261078892666375
0.6214054336788204
0.17584779395362116
-0.29873831777202065
0.421507918987599
0.26554126185427696
-0.6680367646194816
-0.7215300681464478
-0.5867606876264533
-0.586114558496468
-0.8812843327213178
-0.2983690420943381
-0.43782996241960404
0.07753709209527604
-0.35269276829063667
0.40810752351037705
-0.4213335130701128
-0.46531386744383973
0.7160336898925153
0.9709766045235884
0.3585986318466201
-0.8095496723713145
0.9255439899875839
0.5713820965825946
0.8375374236596507
0.9849724512893487
0.7340951808675569
-0.7462236627723795
0.7321575899823136
-0.5006455161237204
0.4227896976783381
0.6569636053972652
0.5229471749597139
0.352469107399892
-0.021082548168724458
0.15485105860832293
-0.46256569582502816
-0.17154982126992468
-0.0960165548992713
0.2672555267005954
0.760250162614647
-0.8138104319147652
0.031226944175398064
-0.4435486242964326
0.8726722281771504
-0.261857651849156
0.9005081577307652
-0.34542143967813943
-0.9950538297160305
0.5482705808753865
0.46544805307897397
0.46186387497410597
-0.0831014866405646
0.32828764166368507
-0.2835545413180256
-0.8733386278796507
0.06884892877512971
-0.5643401299695883
-0.1407137986295277
-0.5762970671845236
-0.4629263233711549
0.656687234097616
-0.3244896896584253
0.15586728052190302
0.13228422183428057
-0.029324191982989856
-0.3125207588947616
0.36510385218641184
-0.9031814776965541
-0.8008505161675883
0.5677795236811365
-0.08083647465286625
-0.7515256415392031
0.7153031998572277
-0.11742810224714684
-0.9986481369757916
0.9160635386079445
-0.5953635872052006
0.37718376382302066
-0.736173825231973
0.2999943986813054
-0.6820450741883612
0.8654511254518484
-0.45196108380943567
0.30917592883758815
-0.4992214429017823
-0.2563124647064685
0.8076005376713158
-0.6689498416813124
-0.20731686613553357
-0.3889815103115386
0.39888274304914706