2.34393406
-1.75721931
-1.71003902
-1.73712373
3.97536874
2.97053337
6.59301567
-1.75572908
-1.25401795
-1.75714934
-1.73860359
0.0900289118
-1.75719762
-1.7438972
2.51973963
0.75552094
-1.73803318
1.50066471
5.20190239
-1.75744486
5.14119339
3.33096433
-1.62164414
-1.75100231
7.68630791
-1.62939703
-1.75549817
-1.75532758
5.84180307
1.7437607
5.1631999
3.8620708
0.609038293
7.95365143
-1.50632358
0.874866366
5.53769302
1.9924612
6.0807333
1.30038357
3.43910146
-1.75687158
-1.73549008
-1.69762635
-1.75598514
-1.73364902
-1.75513089
-1.70772064
2.28102064
-1.55588996
-1.53782272
-1.7412535
-1.71584809
7.3406949
2.48865509
1.83462501
-1.74898171
3.8519001
-1.75004315
-1.50258577
8.22948265
2.35356641
0.957394421
3.10359025
5.76375771
4.63989401
-1.73507023
-1.7571137
-1.66633368
-1.71532917
-1.74085104
7.44585085
6.32719755
-1.66746485
2.61311293
-1.42710578
6.96904945
-0.847941339
-1.7172426
-1.72759008
1.03167295
-1.71861696
1.42199337
6.68788671
-1.4065336
-1.73838937
8.36421204
0.160148591
-1.75557351
-1.75684595
-1.75469053
2.14252305
4.91020918
-1.25209343
-1.75646961
-1.49358451
8.34040356
0.489447564
7.91940022
6.06514549
-1.75739062
3.71060228
3.05477214
0.621516228
-1.7159512
2.36973929
-1.75458503
-1.13902056
-0.919638515
7.62919807
6.31854534
-1.71820581
0.00985327363
-1.74781704
6.93677616
6.22886753
-1.68819654
2.33591008
1.83192182
-1.75129592
4.41312599
0.662009418
4.68405008
0.510282159
-1.75750411
-1.65262306
-1.75729394
7.2136693
6.36677504
5.57570076
-1.67728007
-1.75660932
6.35480118
7.5137639
-1.75577724
-0.3530384
-1.7563144
4.38103962
4.46899986
-1.75349832
-0.574273527
0.837258995
-1.71712708
6.26105213
-1.24411345
-1.74062455
0.660615087
3.86542106
-1.74336159
-1.67165947
8.32406235
2.51963234
-1.10509098
0.295471281
-1.75401127
-1.73661876
-1.62628984
1.48457706
-1.73467386
-1.73810458
-1.75626278
2.20400023
-1.73510933
6.81560326
6.04590893
-1.75626671
-1.73152184
2.84072208
-1.7399292
-1.75320053
7.32152414
1.19432092
-0.622716665
4.78479862
5.16939831
-1.74568868
-1.75531816
-1.17473757
-1.24047673
-0.720792234
3.8510437
2.914469
8.1394062
-1.75525105
-1.3879416
-1.623698
6.08015537
-1.72658348
-1.74572861
-0.985465407
-1.25434184
-1.70725787
-1.72599816
7.11560965
-1.05035663
6.074718
0.846029699
-1.75677431
8.3935461
5.64903259
7.88439751
7.1677475
5.86199951
-1.74965942
-0.360869944
-1.74007094
-1.39718771
-1.75659227
-1.50454998
8.15863228
-1.71703088
4.7755723
-0.902225971
-1.24518526
7.68806601
8.3286581
0.937533319
3.67170882
-1.75107944
-1.69011247
7.87957478
1.33111703
0.709352672
4.16877079
-1.75662732
1.41512764
0.0479184017
5.92965078
-1.75077713
7.74625349
-1.75597441
-1.74656653
1.59765577
2.94553614
-1.73268664
-1.75408375
6.56120443
-1.72779059
1.58898199
2.00694847
-1.2753067
1.40663302
0.383005142
7.30794096
-1.74261034
3.6344471
-1.7312305
-1.42628944
2.88632154
-1.68643868
-1.66526437
4.2341485
-1.75621665
-0.856151283
8.37962532
8.33998489
-1.75619495
-1.74024117
-1.71703267
7.28361702
6.40279007
6.37599421
-1.54011524
-1.75074017
5.61065865
3.42175364
1.87743914
8.19098091
2.58852935
-1.75743091
5.33090639
-1.68714416
2.74676299
7.37894726
-1.75304294
-1.7543602
-1.75483
0.894754112
-1.71205699
1.76231682
3.65832567
-1.74277341
2.25670338
-1.71782434
-0.294727921
6.81419945
5.8184247
-1.75551689
-1.24050021
-1.70875251
-1.75747514
4.55784416
2.30504274
-1.71911061
4.05538511
0.868810713
-1.20530879
-1.75741088
-1.75613356
6.44048405
6.79053068
0.766428232
5.62494946
1.38708627
-1.75179338
-1.75356758
-1.67631197
6.70736408
4.97817612
6.06384897
6.7064085
-1.74109936
-1.72614002
-1.75504458
4.70909452
6.45777178
-1.36501396
2.0284667
-1.75110686
7.22682238
6.1294651
8.00560284
5.22445107
6.41207027
-1.75722241
3.97693658
-1.63816369
7.24253893
5.08094025
6.12035942
5.22407389
-1.71596432
4.83111477
-1.75477421
6.25657654
6.02838898
-1.73738289
5.32220602
-0.826558232
-1.68022919
4.96511698
-1.73559928
-1.75723803
-1.74513674
-1.64546132
6.12521601
7.84897375
-1.70678401
2.3784802
-1.40496707
8.08871078
0.608830512
7.38411093
-1.75436544
7.90800619
-1.74783087
7.77576447
-1.71685755
-1.75475776
-1.14101315
3.84212041
-1.6689043
1.78550005
0.192035526
-1.47800803
1.28753817
-1.72337115
3.50993443
-1.75749326
7.15443611
0.64642483
3.68888521
4.06747532
2.86847258
-1.5578562
-1.75629246
2.7610352
-1.64191365
-1.66856349
5.85056019
3.69433641
-1.68606484
-1.67495787
-1.35213101
-1.38924754
-1.69124794
-1.7535789
-1.26577878
7.40304899
2.98093033
6.77165127
1.94194627
-1.6853379
0.805882871
-1.75750566
-1.69997358
-1.18549263
1.34464157
2.60078979
-0.754046798
-1.06126666
-1.74008417
-0.613319576
6.74433756
4.97653627
-1.74919045
-1.75580895
0.259767085
2.23489761
-1.63226068
5.35308552
4.22193766
2.90490532
-1.73663831
-1.74383068
-1.75722754
-1.72844911
-0.577036381
5.87951612
-1.75620806
-1.31088197
2.18151379
-1.74486315
3.30095387
-0.151261762
-1.72885346
2.62352514
-1.75745487
4.21901798
4.53980446
-1.75485337
-1.22732997
-1.74826205
7.69896603
0.301891625
-1.75678217
-1.72630906
5.85595751
-0.882089138
5.06717968
2.8171854
8.20206547
1.60466957
7.56571293
6.58034611
1.89382255
3.68626189
0.0803267658
5.55727005
0.804785728
6.67755127
4.0961442
-0.585732937
-1.72079706
-1.7272898
2.31425619
4.46865129
0.358075768
2.13079548
-1.71036994
-1.75606191
-1.70106578
-1.71252108
-1.65986633
0.675007701
-1.75270164
-1.73424006
3.26053238
3.47015691
-1.75645113
-1.35725296
0.716345131
-1.30123961
-1.74195874
-1.26815832
6.80582714
1.41347718
3.28697944
5.9970994
4.46496773
-1.49877357
-1.75745118
-1.59405625
4.26122522
5.94188976
7.62271547
-1.27687716
4.16103935
0.775540292
1.73580158
-1.73800159
-1.73835754
-1.12832344
-1.7571609
-1.63035107
3.01159286
-1.37776315
-1.7498287
-0.714708626
-1.75355434
2.05528831
-1.7571913
-1.43553174
1.08250761
-1.75718939
2.39979529
-1.75292766
-0.805529237
-1.75678074
-1.50401902
-1.74066305
-1.64798474