0.5163863089536778
0.830722377855833
0.865530588957442
0.5283339510733535
0.6526428397122167
0.8643355144941692
0.76761965050553
0.21947251967402404
0.6368612125566464
0.7699841715614392
0.26761327675500934
0.701700340474695
0.5535152030267199
0.1886066380180238
0.583610707219615
0.6718230273621906
0.9549370451411965
0.7557481919704143
0.5677237695319309
0.8414100887920324
0.8736410281642885
0.5606962626856664
0.7079265654035715
0.8714639918724355
0.6110337528374298
0.5994751169437105
0.7939734879413148
0.9186048241740545
0.9048764348579565
0.2853726828366788
0.7722645435587628
0.5046476427442899
0.8280201402925282
0.9646907259495574
0.17235465692251062
0.5520320961567718
0.8285433708824149
0.9852238969586024
0.6933845321441463
0.006159183584715788
0.8802648591774415
0.138121542975431
0.6148664267449482
0.009791825809291166
0.3590360047525136
0.343906029181979
0.0940143439907124
0.31736144043036674
0.08980554988988754
0.7181401343898768
0.7985716163608001
0.7100526631197814
0.8859774410375005
0.2258760356229753
0.6084199892861459
0.9225972137200376
0.7520833237060542
0.6049966475715167
0.6777385185489277
0.6774699151079584
0.8436061700509382
0.8447446212453932
0.303334421470028
0.9074041151436384
0.8421288886225227
0.5658144752258882
0.1659060489184645
0.20321725037569105
0.4887109841885008
0.08253074097540924
0.13584859830683715
0.19324840537816335
0.8280256767605476
0.2724534102880295
0.13664502200662654
0.04099719660588197
0.1907561285649031
0.14945746268096527
0.16103578125151374
0.5437685508097029
0.1050371475299734
0.06261281013337539
0.6594683148969205
0.11975725912791502
0.11891427276938993
0.940704311655789
0.5379365374620527
0.15145977945304012
0.809432367096464
0.5562694880310532
0.7705919950872918
0.9469343236748292
0.33758326574231534
0.4308233162710765
0.3062918930573433
0.6047310905309171
0.46044198691041227
0.17182674173445345
0.1377652179639145
0.6490805516348241
0.4261194473669968
0.9636040673182752
0.6143480674710967
0.6761249641882614
0.33202470560989217
0.7428471414668921
0.5669401320752253
0.5333220370950096
0.3742191573084199
0.97544396859986
0.03567681079476337
0.6341080177198372
0.25205981768717733
0.8138353524876103
0.8074316411212156
0.5225014872757958
0.28706812806025617
0.6609152562594941
0.43822328059112603
0.036796216159570405
0.20928119762537323
0.8589743253995964
0.8839870725848348
0.25324409968240313
0.0025446276888136943
0.40025248464799346
0.44303774998698675
0.7530304362452058
0.9979072604457455
0.7039933786312913
0.044307285742054225
0.08528394033916187
0.08084925362617057
0.08159360930027737
0.3477846923794634
0.33096133630059865
0.9500884290378309
0.5537314375263336
0.2564831729245778
0.9430498625160298
0.06941324107315816
0.16884890049156331
0.61598875893482
0.7993754039215393
0.33687172393305853
0.40019982417314903
0.6130965357418605
0.850179175698664
0.047142250761477045
0.5783192901048902
0.7061303585244425
0.959858227310166
0.06948420322534621
0.028802713602348873
0.8163905909969663
0.31127921157181637
0.7844401251069092
0.904045794727416
0.6714903761025007
0.6619133780029853
0.2927570280202002
0.1864801881421796
0.7681049134087484
0.46613045720949664
0.12752936195371278
0.7776046762998154
0.12983744394497998
0.8604944242844287
0.0015569361411628124
0.538299412142471
0.8943826678234171
0.02531530698389639
0.522168992983193
0.30032876840010114
0.2655088767422813
0.975654317131721
0.6291532115692595
0.517331323161871
0.24588690534785929
0.9469976081876365
0.16673561037575002
0.24342983572821852
0.7121545540992578
0.22493313797395453
0.6467857146379786
0.49258682125844766
0.9360439952363611
0.28021902220146944
0.6200058362133855
0.3569535239205849
0.07507997450232107
0.37601734140200704
0.10202366193768253
0.6754753167208664
0.14080956672528577
0.8360939873396621
0.21506265101869493
0.8945458268196604
0.10097913609172882
0.5462836052546683
0.017469017058158953
0.3395006947325937
0.7357644349330166
0.6653239314225518
0.29052337802697925
0.14107248050845178
0.5021846693492035
0.24872369771717862
0.5265350256941477
0.3391979218626421
0.43859642276527533
0.99812502762807
0.8907128182094782
0.9979082280264406
0.1704149416361158
0.85564362212064
0.7366742025549565
0.8120486587866873
0.42812265609605216
0.36793579526849185
0.8027621227538467
0.027225690364370503
0.8385207363236543
0.0029995484621411217
0.2523730047684246
0.4375901481317508
0.21819349253826503
0.9920552785857847
0.16160989703544182
0.5957738287721639
0.6461154656768745
0.9182574945688484
0.5250783692064023
0.8148250395227195
0.9955751329128583
0.008927388388958013
0.0884141391355171
0.6150287854622463
0.3167321917601459
0.9176371868242537
0.18809315261771986
0.8942504577349417
0.8648548689893492
0.3404723660156769
0.21998424981175946
0.5908370083405894
0.7303254633702756
0.785808280537356
0.6141449445451869
0.79838503705865
0.6707827170663592
0.90808659905409
0.9490291940859705
0.874581741153746
0.6592976687865453
0.22687162784531922
0.8026645530073525
0.9562534777161192
0.07628063370431071
0.5634991820429267
0.10002242317821408
0.4090406715450191
0.41908163542052723
0.771381153186381
0.1616688794882306
0.008913240235433939
0.8303244525671842
0.9354336234910632
0.8453987827746318
0.07529469536965716
0.12408315174550222
0.24472928292576146
0.41295398860829535
0.9078519625839769
0.9043961820274109
0.01626494690008462
0.9982403776706718
0.025878300293602607
0.1005949239422852
0.18948324717524934
0.5326567846302711
0.5496223316755444
0.9823730745540072
0.7025227578514618
0.44622700782038793
0.8060229512943774
0.7711215025231093
0.03996900643686552
0.5590147894652306
0.33051744846456177
0.27297111755692105
0.180526050354202
0.6286589853608466
0.030520863567151668
0.7144768329038429
0.11907945579401025
0.3399262462492736
0.9604021426819088
0.9749519021168906
0.6111831169865583
0.43458111599670235
0.6522133546649566
0.8427797291530842
0.6780259841993499
0.8594097410180662
0.3133803915793554
0.23477058340629453
0.04497394695963153
0.7534960623387034
0.6654730765592963
0.8707200751943481
0.9081703761216574
0.6383168148960005
0.6847715609930775
0.16096408444454346
0.3850995775052378
0.026975367408797135
0.030649482426981733
0.46075580212270995
0.19702147181449192
0.28782420855658575
0.4847271822489051
0.5087042308173074
0.021123808999152116
0.2790491061182939
0.1286473756451496
0.3096488447586876
0.8550274715939877
0.4160399719077075
0.8871735820845777
0.24547156448348717
0.9038819235537783
0.07991483784232079
0.1657688031219665
0.7426339576167821
0.9060048627849226
0.9826436425654947
0.44861009250628525
0.7751069155557835
0.7767043040467363
0.6338986903845095
0.2464213611603039
0.6058729212926447
0.05803346495707262
0.6018688979533697
0.5034379659985864
0.15198022473139727
0.8954130801605857
0.2952259920170368
0.8694173134156635
0.5378586659933537
0.1605632752341165
0.05993587008984835
0.23511294683163064
0.785441711997033
0.6169892380396285
0.7560820636462509
0.6288307904656439
0.9005582787832587
0.7400907906615101
0.3290313671805325
0.5039107912701156
0.9370342695665068
0.5750842125217118
0.6145010736315086
0.10161362653301642
0.13407234489856945
0.10261319437924776
0.2906200370652582
0.8405536031444396
0.885129194671017
0.10491970159078501
0.6516025144810811
0.1936559053311302
0.5577248024438931
0.7152235372225619
0.041333791470514525
0.9579347774241489
0.9987415685734293
0.06348230138803057
0.901192042746224
0.3248752988804574
0.5769892771075819
0.8520051065110893
0.05319495143992137
0.6378938598922578
0.7465371127087487
0.7204912591060788
0.3065153814466174
0.5948692498607772
0.6858746540433229
0.6790062786096167
0.4057426038624874
0.7346293782121953
0.8026313165688572
0.4930166309108287
0.2383198617559582
0.127463453024659
0.9883270959716973
0.6246319783761352
0.171003870434157
0.3065764954461443
0.3656124139426622
0.6705778796253486
0.8024969222994014
0.43439156147095903
0.40521623915847393
0.8384580528151587
0.6988472909896162
0.3420691707364071
0.6412907132797254
0.1916357452014259
0.0008137079146288695
0.9695185110849865
0.9615777751582113
0.38545202252920874
0.7281044841306284
0.872011016456948
0.726926324324732
0.8185376218262359
0.7766459790407052
0.3273238352707373
0.9426893439575363
0.08215010650050969
0.48116738390327873
0.11703226199113914
0.9207584735138432
0.47389161196724894
0.23611268962666576
0.2707264371744783
0.9542264921691661
0.36947381411558156
0.4354091113481596
0.004979326725412125
0.5069685497938473
0.831486849674395
0.2664980256741183
0.6463656052208798
0.7307400596449073
0.508343673902603
0.3997147088355092
0.3147859309552026
0.12994828808453762
0.6083545704235167
0.4462645333696522
0.7250486093140192
0.9334636610045732
0.7771558059885316
0.5772516672988856
0.1604581753493589
0.3095601615283734
0.3266749973841163
0.3024400289876733
0.9385219560516352
0.5718748133295175
0.5887086632160317
0.4792498170989663
0.25417875812980595
0.21333380019555936
0.76792170624478
0.9299623724839781
0.7688569036730152
0.32021286004338667
0.6833091712079077
0.615862344121267
0.3799318107871986
0.7770061319836197
0.6242198895610549
0.6818582676348589
0.39946542759552617
0.5671435139709289
0.9269097431081632
0.9012333012229204
0.6609734789398384
0.29197485792516653
0.10222007253458243
0.6829744637118415
0.49650297614170935
0.11193682065895594
0.8838969052426593
0.45801217949171913
0.9325117874471
0.9295087771509176
0.6841698442805472
0.10752998336356856
0.2471877442861865
0.12992008865680427
0.48383173509539634
0.20824410981752883
0.4904232777329188
0.0865592159734343
0.9257272565249036
0.49224055793937294
0.24145908738649913
0.08701463088358208
0.09145331116391164
0.5052188731045635
0.1887016257845716
0.9935736655665877
0.380720660109378
0.4453112351837254
0.059168777216071056
0.9870136396153861
0.02422032392190776
0.5864240792174454
0.6451251953684668
0.28224224729448943
0.8236882897510573
0.46949829634746154
0.9357744299026637
0.30470670255875165
0.37535215871474326
0.63035602025119
0.9390735209695923
0.043005517081061706
0.5237540632068329
0.9268164850257673
0.2980016794109547
0.8887470104416185
0.9625763570487625
0.8789941038017717
0.2407106260654075
0.5392749066290188
0.5156842581940733
0.16943217465636617
0.4417354756526032
0.771722845017363
0.6513395939255304
0.047566816124803735
0.032604030854116894
0.7641923368738816
0.779961968706858
0.5611975327945733
0.8339725811473577
0.13517141539524558
0.6175276533174182
0.14260002045101916
0.41792858102528474
0.1322268568168954
0.12613069289416545
0.5138053525217126
0.8771043111938166
0.4100386391762618
0.11086624875863738
0.19029566727108238
0.8474117006244395
0.6889540801989714
0.9012682758396477
0.18420300029462977
0.6225104107198353
0.7440264290774242
0.2746509641142675
0.47566962105143207
0.9969566172397587
0.842468572567538
0.2062256869059631
0.5042109039272806
0.7088919812558737
0.9036501271970092
0.1956587784173579
0.42958451788994945
0.5620080467642937
0.20778806366949132
0.8361025320017704
0.7689952254422473
0.23633269315838268
0.6385905008187204
0.9223762195444586
0.17975791939852137
0.48166215458291706
0.7366957671657466
0.36404308642466243
0.4686743868961992
0.21325677027098422
0.9489942241542594
0.6362564441848534
0.5705339941328019
0.2620658410748421
0.7776019874314036
0.325970343815175
0.18228335829096998
0.4293960413592004
0.5931956976291232
0.43300610735592404
0.9646306808019202
0.6799574037191728
0.8195716513641653
0.2356119958341154
0.8634077276752655
0.9246539186026642
0.5335601405648005
0.5986171380784099
0.6083286751496139
0.20876907220970453
0.410485537323927
0.04010410218626104
0.9136542287555102
0.6546298691826689
0.1270621671456208
0.0657968775315948
0.6882979185132568
0.8514089278231753
0.8915089337448613
0.6407593415443488
0.4240818179659529
0.2555967463676905
0.5934834532993748
0.17003434260193784
0.8681213351411108
0.8434397072844854
0.5937837734508841
0.9631478751467286
0.3373100629817223
0.03356491465966549
0.5840706829592952
0.38017050512481043
0.7284412723576319
0.6720454874233028
0.2730175672083047
0.1951846335940054
0.42692608646479213
0.14388852657353401
0.5083257964647512
0.7138297983516705
0.9877718860105738
0.6647042501915901
0.5737010644749094
0.7071032910900444
0.39847329075637483
0.07971469787538987
0.3500336106766849
0.5716924090476715
0.8146644736943488
0.5435251297621116
0.5518920904972476
0.5729784868078909
0.8630804727161505
0.14557938193758024
0.34738913574131947
0.89894243006763
0.5040043049814634
0.2598996558735869
0.0182881502675436
0.31333961452899894
0.48366690888506825
0.399224697097055
0.1043518301684232
0.7802341066409152
0.7397359131356933
0.7551334336752996
0.1867009352517287
0.9306200715292038
0.6023697729671047
0.2179326610932215
0.2419704074471445
0.3384054924665265
0.5081565118537436
0.35939831777684283
0.5608567537170289
0.6499186077157219
0.6521273387146775
0.7857489937285741
0.5849111764653532
0.5837340678510281
0.6796570623531424
0.8878816945693454
0.7023341800737803
0.46889525690763445
0.6178278251260371
0.9488218282029869
0.32332846172895036
0.35619580195892253
0.8415603742061747
0.36901491634190975
0.5583718446524172
0.2984494712790685
0.07259430267911837
0.892680080457503
0.9157652941160703
0.7393746142110077
0.15699103930041924
0.27326332120537167
0.5005070529683752
0.5452006187720035
0.7180972439023691
0.30879307381023013
0.5584631471049823
0.898059649825469
0.5267870418264657
0.30942182077723324
0.5549589958744213
0.5908798127853245
0.5070759429873765
0.2556813022986767
0.4473018241458244
0.9603632209635343
0.2397260116876483
0.019590944520690434
0.8117271662550797
0.5137627766820115
0.8570657222518546
0.15732163919131525
0.3042265007273448
0.36748399443376845
0.46166669852284514
0.4034517843720904
0.8471393288094022
0.8558692194566332
0.20043989852925792
0.0913147763925024
0.32250548782779886
0.3940419462168969
0.8361916187855366
0.5995432049983899
0.13179369255133055
0.1948555005664464
0.5678754326921523
0.12477093390579319
0.06841113701778356
0.6829627960685203
0.6715891689325146
0.10108924868067548
0.7940833882353097
0.7021489306477948
0.40636134326103956
0.441597431455383
0.8735272477703938
0.2507903480737844
0.6920856600039386
0.5082484235786447
0.4427437858895399
0.5469254289101222
0.22041243967487123
0.41271781609318536
0.6106418321342557
0.5929277755838005
0.6647050183025366
0.20257021697493105
0.904651806321443
0.7661026746862002
0.3211650439482968
0.7289314723491835
0.9069439500198969
0.22703088791048487
0.8835887183590758
0.7930845054204826
0.8583107050880171
0.8833998674076768
0.1355596923857918
0.20905584661110277
0.26527298139985733
0.7102794890248486
0.42410527298177914
0.2196838402936172
0.2251718850006279
0.6813129707901113
0.6373108999413
0.48675065366287007
0.01226884484424462
0.24687080440262
0.7621341508275887
0.940769471216647
0.9382551967397375
0.5787905755906619
0.6075749613405734
0.6030378932972164
0.627442179670992
0.7948751568368793
0.026676834848542663
0.8751451077547681
0.3894599944369125
0.5480153370306539
0.9766974886720579
0.36612743504721024
0.16539374055906764
0.07069469633371794
0.298238552765273
0.9203136359849171
0.7284329972350533
0.14724183176941041
0.14187644225408158
0.9506527140803956
0.03679859852417744
0.012467886702575592
0.6914937296151535
0.7414008053140682
0.6571864075189763
0.40028373827847485
0.1495504187275275
0.7184278358678252
0.08557713802436262
0.5988131104105991
0.16672890984168798
0.356755972371797
0.9967322731867707
0.48941391773100473
0.5891539450675339
0.8626333267726078
0.5628738892757223
0.2992137948919731
0.9151792359596306
0.6494790155332258
0.9156330087593253
0.3082531810702215
0.5476585082426696
0.7396792490178481
0.7860135863044385
0.6954509849303322
0.4690890028700466
0.668888514832596
0.14664323871549334
0.9225524341162077
0.7784950072685737
0.30211430386496996
0.09868569303437047
0.625783583562915
0.3049065441259221
0.25926386286518
0.2511755563391759
0.6542422878199723
0.9807160722828607
0.5491694402560638
0.4928322963009155
0.5504268000405239
0.8510855442941532
0.22130493961100162
0.9875652711686097
0.8754490484269881
0.5912614736233387
0.598235340849667
0.7133679112873422
0.8591413085160977
0.6875847925926727
0.227704157108381
0.8002804597438911
0.6778643544365462
0.5368441572057345
0.811785584294397
0.3285276605940569
0.04388600603753712
0.36666071591371485
0.4254272078583481
0.676486254801588
0.26927022419937163
0.007648698140255705
0.3519467953710034
0.11351691813328113
0.14091719204038855
0.5500630229905423
0.4132787011726724
0.6436975743790827
0.09961982686324689
0.925516530235623
0.6088055464538035
0.9578708384884321
0.2816004438943226
0.5605059021215992
0.1817943574225246
0.14346425930623918
0.9265558749647731
0.4181960162504783
0.7556854331938717
0.5927199173410306
0.6685590857634964
0.6675181363359479
0.645878346045692
0.937688203724506
0.14393460584237006
0.2119384269394986
0.19904932472412462
0.2375437316841683
0.9935159039313115
0.23607509392862525
0.7221904503654974
0.527992082102451
0.12408921585712351
0.4604415682077653
0.7594820085293562
0.9311647287553362
0.7487864779655765
0.5878764069704988
0.08803227587804041
0.9311084238939393
0.6826418423646706
0.9059234344516401
0.8172094934160299
0.4271388366956954
0.49049323225658903
0.3657367565397195
0.16860329310982491
0.8142606520879268
0.20867760446009997
0.030913248199082255
0.3902309671817311
0.4319403329199025
0.8258204183777456
0.31827775283880966
0.9530673679635377
0.03320704968530397
0.312996190290761
0.9048274630414823
0.32532412188335535
0.06758541975616816
0.8994132624712173
0.9665477919155414
0.7821255212386014
0.4663465736331116
0.39922567171133994
0.35658511800025394
0.5865852059804577
0.8104829214473276
0.09835674844254783
0.1433433163936032
0.9906462454612172
0.15640164576641524
0.3743986189909957
0.7759460777384353
0.15879841226029723
0.2967022416578259
0.4654745921738622
0.028376326400614604
0.5780671937893928
0.8615532759882991
0.8029050214908654
0.5827949970376051
0.2203123969731111
0.9317509132231684
0.6680144486582362
0.989450947474479
0.907197536181322
0.9872567680488364
0.872458691466412
0.6593088546734142
0.8253084317586445
0.7862405718961881
0.731342349564289
0.968663160746726
0.4772041983705577
0.1441696259034536
0.021296123977811443
0.15251099858935757
0.585691162879553
0.6893512168382218
0.31935686257431695
0.49770577231361446
0.07100554036827866
0.8975781716346783
0.7959887478987917
0.01953720578350615
0.2921207472371323
0.6010634576295593
0.6266490270888947
0.608426663853072
0.09391518311833802
0.7604499462529765
0.43149012807637177
0.08939835316476596
0.9803979484181925
0.5564225700922065
0.1369454470540069
0.7633884374026554
0.47252185998706286
0.861130121370576
0.5870178690643799
0.09406132539326606
0.010528084881157085
0.3885838058723824
0.07348789202032457
0.42372869976551997
0.1830647199662836
0.6980267926181996
0.5051951198508858
0.7975519917435662
0.2544615449049399
0.301894408375568
0.7001921079152615
0.48202509644937763
0.17474911339255872
0.5052399597593464
0.6388892920997689
0.9462786377569066
0.05846717956510483
0.8539380508670495
0.7570352624582876
0.7794887703798169
0.7238379059476657
0.3581813928423052
0.9879952673931769
0.9751033589638667
0.8499849994766973
0.6254906815750529
0.9737211088184552
0.7147077217340575
0.306226037822913
0.8537821172524971
0.5631013813516386
0.037185142076112454
0.9170610455293763
0.7889340515532315
0.16914898163076497
0.24381804764863202
0.47431735374319195
0.4922035962666693
0.08977359820214803
0.09747851952420639
0.9634307796750947
0.4933309992715079
0.7946533625443062
0.5690521025211495
0.5083788558004678
0.7884246995864125
0.7160431856416117
0.18324385031428803
0.11140040784208038
0.21343932778523356
0.3652573374254796
0.4879172682526908
0.06803723211258761
0.4301292756551337
0.7377568833588792
0.6409827613546839
0.5216566746768084
0.8270146134107383
0.18952197376194246
0.46634441769383284
0.2906502255540505
0.6630953338048897
0.345929950382464
0.4515247512851316
0.903498970523957
0.5415398212946883
0.1128467443217901
0.15709101974572204
0.4681156275296531
0.3584777319819027
0.09895595148889114
0.11432493170913338
0.5691249595494499
0.022142758155709097
0.40642617745543397
0.31084827504471335
0.41494912045442855
0.43626548410804367
0.08684960408413589
0.08291411432900275
0.2709249883007383
0.6541575049924745
0.42740618587724566
0.6640546309300192
0.677024947362801
0.5678731307748214
0.7515999778185912
0.3435773845470673
0.6478768127964738
0.6826224769085067
0.7231190508919207
0.24668141934064647
0.342281353231185
0.8951450591641387
0.6234825637577167
0.11315949140221704
0.8767513430612882
0.5916083867444445
0.7126271669386067
0.6024185909598059
0.5698600116857253
0.5729976223408515
0.3096790632557248
0.5831919527750717
0.1450236874672406
0.8059942581411764
0.22124430439114973
0.16220593454851095
0.08930487426347267
0.7941842268188232
0.0560057260168052
0.7938832343001669
0.4314371485425359
0.09626890143574984
0.6809155534034347
0.770093180385639
0.5995640864709292
0.6895515522476431
0.9254275572900843
0.37641749083253473
0.21038448815259292
0.516511422380403
0.805852527921379
0.8175214643596411
0.41752218343614955
0.019979878186267896
0.3451244471173941
0.06840416027360319
0.23809329865450224
0.3562098212091619
0.2187705243504917
0.5147001006840866
0.9194815084499679
0.5560890333385456
0.43001517637392794
0.5575800147457152
0.8296437797206232
0.16405897433165728
0.9812130757161867
0.7950855023625675
0.24069898366948805
0.7858088416286392
0.43626239006762624
0.34477940043920163
0.9932382503918294
0.5158251240741598
0.5750519909567644
0.3714615178238686
0.9492644965502293
0.8236824408119904
0.9988078034982094
0.39118722698322717
0.3747359402434274
0.8650414003734928
0.2889740467203902
0.43230588743221
0.9579537651574925
0.5978355952829351
0.3066272105784167
0.7167365876844936
0.42755469668350854
0.1580318818381482
0.36276791128072916
0.8206096794565899
0.22801271170927817
0.7467413916512586
0.5852988948873049
0.05248890042480636
0.22408105048937588
0.5270205008007303
0.7889232123603004
0.7872106514037084
0.8223627399462349
0.7246575621637423
0.16152684989925992
0.5646705907582478
0.7090831700066181
0.48439820983839
0.04990622999737504
0.7284950619499919
0.92476208156052
0.03164227370886252
0.14626781639887232
0.8263020714316726
0.20598012954629696
0.24398160842514327
0.5843023299999248
0.03142732020538597
0.6186898521869251
0.7797560415360737
0.8866286119953217
0.38885313247782616
0.6482525380646761
0.2898071315507277
0.940436989189587
0.7699761525408422
0.02797318217550926
0.7616653605487541
0.4597299808980506
0.8503955807549963
0.28245943448108213
0.9982182455542552
0.12373927196966317
0.39160560459726124
0.61610553290004
0.6283798658227039
0.23432171382607125
0.17175824094426462
0.6611717326312132
0.30276060170450403
0.2576140693661342
0.837568593543443
0.579267374868169
0.9287728150907375
0.484536572969247
0.02883360160309212
0.08820452917567234
0.3540962238874402
0.02381697586807785
0.3094492515684084
0.3289755536452863
0.7978408696995571
0.5235453948553195
0.24274749823148034
0.9151108247657844
0.4732984925456999
0.5395887445019554
0.5259481495832294
0.8303083664640392
0.7842005262695129
0.23493939988484414
0.9426616874280235
0.03806753355311554
0.2898629296639791
0.6871219086797116
0.2519889808290683
0.24916480200254598
0.6143445300748163
0.32720030870964334
0.5405777975194457
0.8212175634786746
0.42879267246238606
0.02987175099624695
0.7045623822358668
0.12341390867301572
0.12114612524527602
0.3440882053451596
0.5728378199150982
0.08617444204192926
0.65315137000527
0.22226570640746013
0.48638550259389235
0.24658797573843805
0.4388955802748693
0.4547370268201232
0.9372644064101666
0.09356002824296927
0.5549838053693924
0.5414359867109907
0.9051659243417249
0.05961342773570366
0.3700698435733507
0.09182932201978777
0.8018841724769774
0.5827953233670984
0.7168858520735478
0.49250917143055206
0.8384029439895393
0.6846975530082949
0.9532442269492378
0.018744450067732177
0.8775007852014969
0.5941331796019432
0.2786028265623238
0.5589709494706911
0.025949492840463773
0.8608109517288716
0.9094866825091071
0.6815879403171771
0.20834769594205493
0.5578944182236865
0.8511509172104802
0.5055929930078025
0.3289446990497996
0.9288936842673369
0.2102355273378368
0.1592222995940008
0.12075857337536244
0.6985722795482404
0.8048355482229136
0.8938475547540276
0.6314835596639694
0.2162301191654945
0.34125135064875356
0.5309755055098155
0.5016695296668622
0.8865595047746321
0.7185189166717539
0.2838613396642383
0.7471469461719518
0.04037528292580783
0.13169922783552912
0.7887008214438833
0.5681232923574963
0.5759862404375764
0.1753199460982633
0.43589087657512915
0.33679384572170434
0.9983090715611572
0.18337875771826395
0.5340858216550394
0.4563173504307576
0.11590865343094736
0.8031493871975007
0.6882652724046415
0.899756256169614
0.3073597622009996
0.9687084488607051
0.08555923981637381
0.7207185814471102
0.11648495596033448
0.729373125694399
0.0731279647291333
0.33557762443124994
0.44261987600190333
0.7857857228447914
0.7618401201251671
0.6425652391343208
0.9080585922412128
0.736021659407359
0.7244434607182101
0.9025391791521422
0.5011054687076838
0.2806954178837078
0.1381333531052371
0.07280064428278232
0.6176697715546529
0.7065116333994995
0.25092296157712457
0.8450224758149101
0.9189639803734951
0.4797791317970521
0.9863822999899741
0.5743608912826884
0.11255779560379842
0.7927487745611225
0.9146302630923263
0.2896135092267622
0.3673223122352153
0.4588820537708215
0.46055229315644375
0.19087443880533883
0.08311006143610966
0.37262788563188654
0.5184514505308726
0.8819334368128365
0.3044827662433288
0.3720966783852603
0.5389041371803572
0.5995508948125498
0.6140853377035796
0.1353788353716775
0.8860090595198945
0.9151444890803163
0.5152197062025667
0.4368282221115616
0.43092900569486825
0.41532777492232353
0.18943898927622882
0.9793578064067733
0.2151303409347698
0.8740303526335648
0.8187452970903193
0.3320769398819924
0.27074932288195375
0.06690929378748356
0.3605339981102562
0.0977637259274613
0.6583059869868622
0.91750607579154
0.09908209399848045
0.42052800866467555
0.6810289427574241
0.1790640945843649
0.6705866382432891
0.4440253345707701
0.9862424535865306
0.3180936962642309
0.5673415621883473
0.2904094618195934
0.5661406004332713
0.5086785276098621
0.505250985488026
0.47910341162083314
0.07526608009903824
0.6734791983772421
0.773838538628123
0.41884490553765963
0.08734346922021752
0.46079073294032524
0.07973124371429696
0.724285197189072
0.003254456503995362
0.8581930443482839
0.4382683577488935
0.15388795546898693
0.8411586028297692
0.997093920981738
0.3490832006834482
0.8380218658409258
0.41328274293347256
0.46846513687796854
0.876408496339193
0.6955555147908608
0.3109837047976347
0.8780340156397123
0.6469307509734742
0.7051380650703777
0.4630422935341634
0.44054209313572024
0.3142129782308086
0.22118976150076264
0.4810455466657867
0.3474722106937047
0.9678119458922597
0.7079065845805134
0.9440355455038361
0.07542354299281584
0.4079920424589776
0.7985222065154973
0.680260664034281
0.8263467766216425
0.9968650482319423
0.6868620215579858
0.31840680912962016
0.6664810043797993
0.535990234750018
0.49852896182633444
0.7345489823944413
0.3614699146982444
0.9496379721432406
0.16319718459009236
0.6541813834417629
0.7284122409329534
0.30106374166257754
0.8108840319394974
0.6321428700261937
0.4842272768044047
0.7317431649574901
0.03984599130891897
0.5646050914374708
0.6425742156820716
0.025134088249072706
0.8440968136955892
0.8461761015704965
0.6228394055074868
0.5745335479140471
0.5469745577889541
0.0895749319174558
0.9068132232858895
0.038296366033189644
0.05134419131430146
0.12706404269391713
0.3375385627988009
0.8354360687140054
0.7193620678414728
0.5466975399672747
0.47345253007884447
0.5569413908843145
0.11347431073962178
0.7237492758921249
0.24412624075451006
0.1021001352473998
0.16226031560398824
0.3307842596529117
0.10094103650467345
0.7832207487974573
0.6127057657198832
0.6147291624871329
0.3564871620876391
0.08468954036017717
0.6229515041625217
0.311913562584919
0.604000070939891
0.8832736759221741
0.9219933499954663
0.8178492370165181
0.7330021639783056
0.5189678268454617
0.8040908457544955
0.09551002008802345
0.9246171236012617
0.20328521511086917
0.03525751678343858
0.17701104173339677
0.8683560735749634
0.9409562635095888
0.861158278656788
0.402844553324643
0.10597326299257281
0.7609544846034729
0.44501805600303135
0.9929925454404649
0.4606802814960492
0.5261131862512707
0.3116523636376788
0.6729633431086015
0.23599103108877417
0.4516815670586648
0.2824991578448818
0.6479944086256311
0.5740596900086911
0.7201327712123244
0.5944270197439043
0.6518040045108308
0.11750034172723856
0.7120779397475387
0.736667831203455
0.16652240630178416
0.7331394706682647
0.6511359512947956
0.4378701552690212
0.24027047988031858
0.725582551472743
0.8278580701909013
0.7774845907408396
0.6320753816919533
0.7384011929637719
0.7145480513653244
0.6775414559510096
0.4315129235723705
0.04394030526677717
0.6473951899894577
0.08168832706254092
0.762351432628246
0.03803692422378735
0.6593122131009206
0.6733631982818306
0.5328799801092192
0.6375391395054513
0.19527480047247925
0.7835175483010373
0.9828545760011506
0.2823388805073441
0.06403037434376335
0.5697129597920493
0.586729812201578
0.07162591049455647
0.6582028678668849
0.9920511225485874
0.6432831914381966
0.17871207692691982
0.911497368838688
0.9807139925898349
0.10062280990352912
0.961891222153378
0.8387509099758529
0.31940308342787793
0.27230162163457017
0.7480384929326374
0.37971797362400594
0.38344736277485547
0.10212218328368239
0.3632303652515003
0.6620972672791658
0.8488788618185421
0.17613990879829988
0.1303492177398231
0.6023222815440711
0.9549007529429078
0.10845132114837619
0.06674029493411804
0.3148544624290863
0.8438162263447254
0.7481563691734451
0.43405654598227106
0.47314683305743455
0.8436998074921517
0.9501139858094626
0.9725319722290567
0.3023057135600602
0.9819562237116449
0.2953644674408529
0.972838288696946
0.29870222737082297
0.20191606935201212
0.2915670288302886
0.7048518066441866
0.2102527276088474
0.7719522244787003
0.8379348490527873
0.17136894814370462
0.8001878821905618
0.3988511852905602
0.6026233366020769
0.12283748894519964
0.07169347810794735
0.7693004502271498
0.9001405580190308
0.5962180306375471
0.5372978846288454
0.7390288735621515
0.2734262645892236
0.021838859367007246
0.9562233374561793
0.2915221712592011
0.5305704805915539
0.8272441224590319
0.7353554261422656
0.5809462685703624
0.8268302498201218
0.6636884769120307
0.49058182697551933
0.25756858373290903
0.16928756017697966
0.3864017720311185
0.03563307087525047
0.4189993896124825
0.0019108407689627516
0.7933380699907205
0.03812934613508734
0.0574994035659937
0.614874734792555
0.5829373776676288
0.16708351078962325
0.7443392330631045
0.07432886377949754
0.612448909521035
0.23335374186552482
0.6975159685406385
0.888394463641637
0.3726440903667373
0.10785740406723121
0.10400288953005832
0.4818992705535413
0.9471501611070399
0.6093648007684269
0.8916474211868747
0.9161094677639945
0.987419112973692
0.7336475107835426
0.01190536280968113
0.25887834387779995
0.6823973452175499
0.017615597720643028
0.8783732397154969
0.6095683560152141
0.9041606434830811
0.6681227607378174
0.8278360070540433
0.9210592681747803
0.3962374510079941
0.920949433306364
0.33802636919380114
0.8808740309624524
0.9898981343663419
0.6366208088332762
0.6648493196337657
0.5997931299491082
0.6898263477066061
0.5867037648978876
0.9690817191584044
0.6781143318568363
0.0295870886029288
0.342643650134964
0.8672439925051666
0.03182742764462554
0.3595701819438244
0.7965163660364935
0.27300149844530375
0.8372446661333314
0.8214727851674678
0.8449587295947167
0.08628964731018773
0.7615621585028987
0.8238891155485637
0.5966955327772044
0.6986361627928592
0.3825080838323447
0.6894769687148844
0.503576432412874
0.39107817276625234
0.36145850729369844
0.6556953262522437
0.9512819844117347
0.45611681315477803
0.4364322197735049
0.002653728417795209
0.10375578730642221
0.503652266194197
0.7345561789834151
0.9005347971827564
0.37207358910048094
0.6606416861007789
0.008326543536058217
0.23472978486643314
0.7675286262754946
0.8100524043835405
0.6033750616499551
0.49298462893400297
0.019544611029693737
0.2115810234414799
0.10290444252208264
0.05231584111105658
0.18837842293156204
0.1369757546610555
0.07730296445691565
0.46622966488621054
0.1770267058418119
0.08909073251707222
0.2279886349350666
0.6890170835635369
0.5422863243420217
0.920731415166986
0.4469377249184261
0.539253143880351
0.24779599455453793
0.48871104628486006
0.4350395301695016
0.6241556164686128
0.9471090473374272
0.5154281821291484
0.7694559969781899
0.6281591338455155
0.5986210735853882
0.05213729515471188
0.3245633079980901
0.22039096108968592
0.6333871687878547
0.4393218925831328
0.932270892555123
0.11800537775112185
0.7161010613271146
0.2404322035232982
0.4708375083979075
0.42142626655712345
0.4773910422467087
0.9258182008009068
0.49918040627846094
0.9405383108177153
0.5424042543874893
0.3743811131996938
0.12023850800699143
0.5028800976358397
0.5541738731882117
0.9442803412421952
0.5111238736298478
0.11854286716138396
0.5663593613206668
0.6917633512810321
0.6963721316973362
0.5558433350579598
0.6271522804137033
0.5558312860963681
0.36928762549748007
0.18573293748076003
0.8099352172467864
0.7491539375684021
0.4498865533444847
0.7039124268752828
0.27918950294934664
0.7538571191651812
0.11561029234648024
0.32764454743341664
0.2780992101025188
0.1858614306951626
0.7374286127840306
0.8868414024415449
0.6077621736262472
0.3140008772461865
0.7664718058538683
0.22804627649359066
0.2260924360983264
0.9487890262785666
0.9053081701199786
0.9280409305116123
0.9404991998942761
0.6785987162034595
0.12450385795398966
0.6564513500891933
0.7474207555475528
0.570267740965287
0.25600274036066906
0.6373132412762968
0.6832997978017413
0.6027068281219383
0.14860588198258207
0.10816385840295606
0.05128993601796483
0.7142344545839385
0.812414991740447
0.697616512671437
0.005389257060496755
0.0036113081984471274
0.8615129296572378
0.028937651701071765
0.8100388487322778
0.09610834244311639
0.7531902749037173
0.6413101235243158
0.09084866903203492
0.7592635018994416
0.11189249309991078
0.4566025351943014
0.29708768803558994
0.9700432698474719
0.7726322135178532
0.4668650714651168
0.5390257552311846
0.741459024202099
0.8895539412962916
0.04149062133837644
0.08385648881522934
0.8878677629067153
0.5889024739653995
0.9421050131434435
0.39147455447249413
0.2567181447676853
0.5539927594764329
0.704617103320537
0.9345910848800832
0.005452344670032527
0.31315127222875694
0.9953329201675526
0.611591713905539
0.03797765939354869
0.6275160387979433
0.18419561046460442
0.21431238579060197
0.20282277637319845
0.20139261439080736
0.9417259042234027
0.08884049052827614
0.05632741290317278
0.32229329323370237
0.5338540756188253
0.15041155849358778
0.5175139292829583
0.8115593554004621
0.9730429632828362
0.1399705959072428
0.07197195624663599
0.9692312394067741
0.7395243052927604
0.5154526397265274
0.9702651068820424
0.8496416614177649
0.27054433212023976
0.8740830139960584
0.4815688609308011
0.564747400383685
0.6966519377373117
0.8260357363462648
0.9652808122420343
0.4857063502614798
0.9187405966637647
0.9042624940959558
0.7422079537611825
0.34581800975572863
0.4225977575080583
0.3602604741336718
0.8917949219531915
0.5678166188367352
0.23045225044544104
0.7651001004256475
0.5073220357260431
0.3567858239444074
0.418932333862293
0.5641839890382416
0.4630181130181812
0.8194051864999282
0.38838347953851615
0.7278282750161394
0.3263207289157958
0.9929570415298442
0.3750762441060532
0.616760631306136
0.9197525629730768
0.6386186724482981
0.7941314252698793
0.004050206594855998
0.6585778659959513
0.6270198375737819
0.19031950694593103
0.6437221628210978
0.31881253231580897
0.7213462004673006
0.8329607605738121
0.6484043808108565
0.7658842849701294
0.2504868992049777
0.24732480445093608
0.15185811163177154
0.11527301693241054
0.9969994354762827
0.7360669867111231
0.43901542563515494
0.876305546992747
0.818900078037326
0.3718118878005525
0.1421207118562685
0.19256958551206382
0.4961171916076018
0.09067514321159897
0.7946441827431042
0.21006267727267136
0.13685408351594452
0.6207098770205152
0.8690740239478751
0.16248188163024002
0.30388810480004214
0.4762066956595795
0.839437114977424
0.9526280822711393
0.7851893515048282
0.2434286843151109
0.1462276855401845
0.06113756631106715
0.6664911819119227
0.022495886787360253
0.5954049160985698
0.8336955547906162
0.3677149619922071
0.17837878468916468
0.8347706071030334
0.6824049720399897
0.582717203372499
0.30562331231172435
0.9515225581813412
0.06681968713166675
0.5760643501883643
0.7125011816256162
0.8291287361463269
0.615187199361219
0.4065746682223026
0.3465768944670874
0.5403916733982028
0.14778383312492838
0.5828116753398999
0.24784342657979397
0.7189602828619276
0.023647803262128675
0.12523307450801568
0.9069416375633548
0.6725784944992556
0.6166475567374923
0.9055353588503832
0.9911697382833946
0.40356690379169247
0.5936199571804796
0.33187303931328627
0.843144578102341
0.6671108719313575
0.4071130561279359
0.626053935179135
0.5098064553509646
0.9446624527718697
0.14561948240326894
0.3844949407499927
0.17063404159367834
0.5650062437848234
0.5957370986925968
0.756149166890521
0.7103598399155204
0.5409708814484796
0.6379029767262928
0.18905182738513682
0.05210599499826851
0.4930049998176178
0.5308280198381057
0.8769006597482067
0.33178118147982416
0.025892889201040048
0.3413773093255713
0.9171929750172758
0.05182643831514111
0.5799348605535383
0.8267080756370602
0.6601092998559024
0.4018828366192988
0.3457284864816005
0.40274582460219976
0.6689921997540627
0.795342728204171
0.03699330132167156
0.5882795880753359
0.8224629208409331
0.21606674294077322
0.5143963441473032
0.3702382567975293
0.2607022318200194
0.9232052486514273
0.6464066725696257
0.5001057934347228
0.9169325107867715
0.33322717488664444
0.42961036005244213
0.2319754350915918
0.07463510177015775
0.08089198364800143
0.2555271926457299
0.30979323971812445
0.4209830466818498
0.7488870334973965
0.7058795240438115
0.04110057267029288
0.4988761823045095
0.31827131098575356
0.9838624111523986
0.2187229270024773
0.9005183565321399
0.6837335426643415
0.20351918542240643
0.6408205494372917
0.11177986332928369
0.3289999065138899
0.17138334339248407
0.8114374229940913
0.13875327861364495
0.5578659279012589
0.49575788865658843
0.8092203174762478
0.34368041705395336
0.28465369201628765
0.2693704953341729
0.32405452419278447
0.9765590411395242
0.26935601879852644
0.07926000828434077
0.11193730618460696
0.07998310487548665
0.018884543713564073
0.05416196008418572
0.8082255932106607
0.7795961315952219
0.0745766313531876
0.2221685596847549
0.1488348820294929
0.640910962366292
0.5743393618900687
0.4688920802605908
0.017514801247781264
0.5750779052753844
0.7936940710982943
0.5752757376689088
0.1202189470156626
0.17763642460792795
0.09986267789254655
0.34867951140071163
0.8600167864234175
0.1418631166426927
0.8909009251257338
0.4359863305682341
0.27872341208931517
0.7752700009559359
0.26428399325278906
0.5213935757905132
0.43860881837085297
0.8464654688643671
0.393053622933647
0.06837149223255634
0.14238388379206357
0.32114518455462004
0.6051472398025154
0.20074778925843928
0.2066948809088618
0.9677102657121563
0.3487616219997949
0.6401695956511886
0.48253484463669494
0.6753232129220521
0.07971079379006363
0.36188775889087266
0.1317801467427263
0.11572801629175078
0.43611700306590373
0.9069223836302799
0.05878900506102758
0.40686227191426505
0.34545199268334004
0.789658959594014
0.5177419524299208
0.9313611659901702