72.373077
64.080444
70.215683
68.291344
69.967949
73.062439
68.184937
75.505447
64.638657
66.308815
68.554245
70.008736
66.578094
68.665131
69.985161
69.279015
70.618271
71.059700
69.916885
69.658119
64.646362
72.858505
69.223785
72.189690
69.625328
70.033043
65.673256
69.653534
64.383369
72.159004
70.052002
66.235779
70.574043
70.857056
70.853226
68.892487
69.486694
65.787827
72.038681
72.280884
72.361855
71.955727
69.734810
65.058067
71.346664
66.609695
68.466270
67.902939
73.546349
73.315674
70.263138
65.327866
70.852379
69.181641
71.308739
72.692032
68.646935
73.928131
69.937363
66.021080
66.337280
69.627930
68.967567
64.202362
66.898643
66.253868
64.001389
69.627274
67.677887
70.825325
71.496033
68.182037
70.499969
62.969856
71.369667
69.142052
65.603836
69.744057
69.518806
68.053940
64.662827
70.350586
73.109741
65.423904
68.094452
66.622330
68.951599
73.065178
67.324104
61.642841
76.448135
66.772415
73.605568
68.574783
70.887352
72.985710
72.874695
68.617828
64.582603
68.429459
71.903625
64.563156
72.057785
71.676590
72.355835
73.561340
68.840729
66.978119
74.701332
65.860275
69.533195
73.555595
72.400124
66.485626
67.583702
72.051971
62.491917
71.475182
66.117165
75.636589
70.592880
73.755463
70.336861
64.167328
68.447533
70.661713
66.219963
72.214783
66.264877
68.018745
66.406830
65.174644
74.933853
68.443115
75.107567
68.811409
68.944885
67.912827
65.974091
71.058655
67.365814
74.070496
70.131050
65.809181
67.646599
65.910019
64.350151
66.047066
65.621498
68.911919
72.578323
65.172455
68.091850
69.332718
70.825081
73.767052
68.454773
76.186714
71.351227
72.914177
68.081039
75.562920
73.179886
71.644020
70.512993
70.954491
71.586128
67.737076
71.747360
71.918129
69.267586
69.758675
72.173386
73.040009
68.495796
68.024109
64.064735
69.541534
70.165703
68.673813
66.625244
66.734200
68.832199
71.247978
66.825905
71.681526
67.788048
72.757317
69.674355
71.751022
66.547852
71.780220
65.481110
72.575523
70.661865
67.847427
69.738098
68.008415
67.633415
70.253807
70.213348
67.094162
68.019699
68.620384
68.894356
67.113640
68.497589
67.138237
70.425880
67.900681
70.695244
68.963402
66.122108
68.977524
71.626778
67.032806
72.346909
71.726830
68.435005
64.847473
63.340244
69.106621
67.064278
73.493034
67.555557
68.114174
68.125954
69.122208
73.857132
69.652954
67.498367
68.140366
63.232136
72.564178
70.387817
75.303200
63.925800
74.220467
66.712250
70.717560
64.963760
69.211136
69.609642
64.955963
65.635254
72.156776
71.446205
69.682480
68.063217
70.304138
71.932518
79.556946
67.534164
64.069183
69.398712
68.515282
72.373077
64.080444
70.215683
68.291344
69.967949
73.062439
68.184937
75.505447
64.638657
66.308815
68.554245
70.008736
66.578094
68.665131
69.985161
69.279015
70.618271
71.059700
69.916885
69.658119
64.646362
72.858505
69.223785
72.189690
69.625328
70.033043
65.673256
69.653534
64.383369
72.159004
70.052002
66.235779
70.574043
70.857056
70.853226
68.892487
69.486694
65.787827
72.038681
72.280884
72.361855
71.955727
69.734810
65.058067
71.346664
66.609695
68.466270
67.902939
73.546349
73.315674
70.263138
65.327866
70.852379
69.181641
71.308739
72.692032
68.646935
73.928131
69.937363
66.021080
66.337280
69.627930
68.967567
64.202362
66.898643
66.253868
64.001389
69.627274
67.677887
70.825325
71.496033
68.182037
70.499969
62.969856
71.369667
69.142052
65.603836
69.744057
69.518806
68.053940
64.662827
70.350586
73.109741
65.423904
68.094452
66.622330
68.951599
73.065178
67.324104
61.642841
76.448135
66.772415
73.605568
68.574783
70.887352
72.985710
72.874695
68.617828
64.582603
68.429459
71.903625
64.563156
72.057785
71.676590
72.355835
73.561340
68.840729
66.978119
74.701332
65.860275
69.533195
73.555595
72.400124
66.485626
67.583702
72.051971
62.491917
71.475182
66.117165
75.636589
70.592880
73.755463
70.336861
64.167328
68.447533
70.661713
66.219963
72.214783
66.264877
68.018745
66.406830
65.174644
74.933853
68.443115
75.107567
68.811409
68.944885
67.912827
65.974091
71.058655
67.365814
74.070496
70.131050
65.809181
67.646599
65.910019
64.350151
66.047066
65.621498
68.911919
72.578323
65.172455
68.091850
69.332718
70.825081
73.767052
68.454773
76.186714
71.351227
72.914177
68.081039
75.562920
73.179886
71.644020
70.512993
70.954491
71.586128
67.737076
71.747360
71.918129
69.267586
69.758675
72.173386
73.040009
68.495796
68.024109
64.064735
69.541534
70.165703
68.673813
66.625244
66.734200
68.832199
71.247978
66.825905
71.681526
67.788048
72.757317
69.674355
71.751022
66.547852
71.780220
65.481110
72.575523
70.661865
67.847427
69.738098
68.008415
67.633415
70.253807
70.213348
67.094162
68.019699
68.620384
68.894356
67.113640
68.497589
67.138237
70.425880
67.900681
70.695244
68.963402
66.122108
68.977524
71.626778
67.032806
72.346909
71.726830
68.435005
64.847473
63.340244
69.106621
67.064278
73.493034
67.555557
68.114174
68.125954
69.122208
73.857132
69.652954
67.498367
68.140366
63.232136
72.564178
70.387817
75.303200
63.925800
74.220467
66.712250
70.717560
64.963760
69.211136
69.609642
64.955963
65.635254
72.156776
71.446205
69.682480
68.063217
70.304138
71.932518
79.556946
67.534164
64.069183
69.398712
68.515282
72.373077
64.080444
70.215683
68.291344
69.967949
73.062439
68.184937
75.505447
64.638657
66.308815
68.554245
70.008736
66.578094
68.665131
69.985161
69.279015
70.618271
71.059700
69.916885
69.658119
64.646362
72.858505
69.223785
72.189690
69.625328
70.033043
65.673256
69.653534
64.383369
72.159004
70.052002
66.235779
70.574043
70.857056
70.853226
68.892487
69.486694
65.787827
72.038681
72.280884
72.361855
71.955727
69.734810
65.058067
71.346664
66.609695
68.466270
67.902939
73.546349
73.315674
70.263138
65.327866
70.852379
69.181641
71.308739
72.692032
68.646935
73.928131
69.937363
66.021080
66.337280
69.627930
68.967567
64.202362
66.898643
66.253868
64.001389
69.627274
67.677887
70.825325
71.496033
68.182037
70.499969
62.969856
71.369667
69.142052
65.603836
69.744057
69.518806
68.053940
64.662827
70.350586
73.109741
65.423904
68.094452
66.622330
68.951599
73.065178
67.324104
61.642841
76.448135
66.772415
73.605568
68.574783
70.887352
72.985710
72.874695
68.617828
64.582603
68.429459
71.903625
64.563156
72.057785
71.676590
72.355835
73.561340
68.840729
66.978119
74.701332
65.860275
69.533195
73.555595
72.400124
66.485626
67.583702
72.051971
62.491917
71.475182
66.117165
75.636589
70.592880
73.755463
70.336861
64.167328
68.447533
70.661713
66.219963
72.214783
66.264877
68.018745
66.406830
65.174644
74.933853
68.443115
75.107567
68.811409
68.944885
67.912827
65.974091
71.058655
67.365814
74.070496
70.131050
65.809181
67.646599
65.910019
64.350151
66.047066
65.621498
68.911919
72.578323
65.172455
68.091850
69.332718
70.825081
73.767052
68.454773
76.186714
71.351227
72.914177
68.081039
75.562920
73.179886
71.644020
70.512993
70.954491
71.586128
67.737076
71.747360
71.918129
69.267586
69.758675
72.173386
73.040009
68.495796
68.024109
64.064735
69.541534
70.165703
68.673813
66.625244
66.734200
68.832199
71.247978
66.825905
71.681526
67.788048
72.757317
69.674355
71.751022
66.547852
71.780220
65.481110
72.575523
70.661865
67.847427
69.738098
68.008415
67.633415
70.253807
70.213348
67.094162
68.019699
68.620384
68.894356
67.113640
68.497589
67.138237
70.425880
67.900681
70.695244
68.963402
66.122108
68.977524
71.626778
67.032806
72.346909
71.726830
68.435005
64.847473
63.340244
69.106621
67.064278
73.493034
67.555557
68.114174
68.125954
69.122208
73.857132
69.652954
67.498367
68.140366
63.232136
72.564178
70.387817
75.303200
63.925800
74.220467
66.712250
70.717560
64.963760
69.211136
69.609642
64.955963
65.635254
72.156776
71.446205
69.682480
68.063217
70.304138
71.932518
79.556946
67.534164
64.069183
69.398712
68.515282
72.373077
64.080444
70.215683
68.291344
69.967949
73.062439
68.184937
75.505447
64.638657
66.308815
68.554245
70.008736
66.578094
68.665131
69.985161
69.279015
70.618271
71.059700
69.916885
69.658119
64.646362
72.858505
69.223785
72.189690
69.625328
70.033043
65.673256
69.653534
64.383369
72.159004
70.052002
66.235779
70.574043
70.857056
70.853226
68.892487
69.486694
65.787827
72.038681
72.280884
72.361855
71.955727
69.734810
65.058067
71.346664
66.609695
68.466270
67.902939
73.546349
73.315674
70.263138
65.327866
70.852379
69.181641
71.308739
72.692032
68.646935
73.928131
69.937363
66.021080
66.337280
69.627930
68.967567
64.202362
66.898643
66.253868
64.001389
69.627274
67.677887
70.825325
71.496033
68.182037
70.499969
62.969856
71.369667
69.142052
65.603836
69.744057
69.518806
68.053940
64.662827
70.350586
73.109741
65.423904
68.094452
66.622330
68.951599
73.065178
67.324104
61.642841
76.448135
66.772415
73.605568
68.574783
70.887352
72.985710
72.874695
68.617828
64.582603
68.429459
71.903625
64.563156
72.057785
71.676590
72.355835
73.561340
68.840729
66.978119
74.701332
65.860275
69.533195
73.555595
72.400124
66.485626
67.583702
72.051971
62.491917
71.475182
66.117165
75.636589
70.592880
73.755463
70.336861
64.167328
68.447533
70.661713
66.219963
72.214783
66.264877
68.018745
66.406830
65.174644
74.933853
68.443115
75.107567
68.811409
68.944885
67.912827
65.974091
71.058655
67.365814
74.070496
70.131050
65.809181
67.646599
65.910019
64.350151
66.047066
65.621498
68.911919
72.578323
65.172455
68.091850
69.332718
70.825081
73.767052
68.454773
76.186714
71.351227
72.914177
68.081039
75.562920
73.179886
71.644020
70.512993
70.954491
71.586128
67.737076
71.747360
71.918129
69.267586
69.758675
72.173386
73.040009
68.495796
68.024109
64.064735
69.541534
70.165703
68.673813
66.625244
66.734200
68.832199
71.247978
66.825905
71.681526
67.788048
72.757317
69.674355
71.751022
66.547852
71.780220
65.481110
72.575523
70.661865
67.847427
69.738098
68.008415
67.633415
70.253807
70.213348
67.094162
68.019699
68.620384
68.894356
67.113640
68.497589
67.138237
70.425880
67.900681
70.695244
68.963402
66.122108
68.977524
71.626778
67.032806
72.346909
71.726830
68.435005
64.847473
63.340244
69.106621
67.064278
73.493034
67.555557
68.114174
68.125954
69.122208
73.857132
69.652954
67.498367
68.140366
63.232136
72.564178
70.387817
75.303200
63.925800
74.220467
66.712250
70.717560
64.963760
69.211136
69.609642
64.955963
65.635254
72.156776
71.446205
69.682480
68.063217
70.304138
71.932518
79.556946
67.534164
64.069183
69.398712
68.515282
72.373077
64.080444
70.215683
68.291344
69.967949
73.062439
68.184937
75.505447
64.638657
66.308815
68.554245
70.008736
66.578094
68.665131
69.985161
69.279015
70.618271
71.059700
69.916885
69.658119
64.646362
72.858505
69.223785
72.189690
69.625328
70.033043
65.673256
69.653534
64.383369
72.159004
70.052002
66.235779
70.574043
70.857056
70.853226
68.892487
69.486694
65.787827
72.038681
72.280884
72.361855
71.955727
69.734810
65.058067
71.346664
66.609695
68.466270
67.902939
73.546349
73.315674
70.263138
65.327866
70.852379
69.181641
71.308739
72.692032
68.646935
73.928131
69.937363
66.021080
66.337280
69.627930
68.967567
64.202362
66.898643
66.253868
64.001389
69.627274
67.677887
70.825325
71.496033
68.182037
70.499969
62.969856
71.369667
69.142052
65.603836
69.744057
69.518806
68.053940
64.662827
70.350586
73.109741
65.423904
68.094452
66.622330
68.951599
73.065178
67.324104
61.642841
76.448135
66.772415
73.605568
68.574783
70.887352
72.985710
72.874695
68.617828
64.582603
68.429459
71.903625
64.563156
72.057785
71.676590
72.355835
73.561340
68.840729
66.978119
74.701332
65.860275
69.533195
73.555595
72.400124
66.485626
67.583702
72.051971
62.491917
71.475182
66.117165
75.636589
70.592880
73.755463
70.336861
64.167328
68.447533
70.661713
66.219963
72.214783
66.264877
68.018745
66.406830
65.174644
74.933853
68.443115
75.107567
68.811409
68.944885
67.912827
65.974091
71.058655
67.365814
74.070496
70.131050
65.809181
67.646599
65.910019
64.350151
66.047066
65.621498
68.911919
72.578323
65.172455
68.091850
69.332718
70.825081
73.767052
68.454773
76.186714
71.351227
72.914177
68.081039
75.562920
73.179886
71.644020
70.512993
70.954491
71.586128
67.737076
71.747360
71.918129
69.267586
69.758675
72.173386
73.040009
68.495796
68.024109
64.064735
69.541534
70.165703
68.673813
66.625244
66.734200
68.832199
71.247978
66.825905
71.681526
67.788048
72.757317
69.674355
71.751022
66.547852
71.780220
65.481110
72.575523
70.661865
67.847427
69.738098
68.008415
67.633415
70.253807
70.213348
67.094162
68.019699
68.620384
68.894356
67.113640
68.497589
67.138237
70.425880
67.900681
70.695244
68.963402
66.122108
68.977524
71.626778
67.032806
72.346909
71.726830
68.435005
64.847473
63.340244
69.106621
67.064278
73.493034
67.555557
68.114174
68.125954
69.122208
73.857132
69.652954
67.498367
68.140366
63.232136
72.564178
70.387817
75.303200
63.925800
74.220467
66.712250
70.717560
64.963760
69.211136
69.609642
64.955963
65.635254
72.156776
71.446205
69.682480
68.063217
70.304138
71.932518
79.556946
67.534164
64.069183
69.398712
68.515282
72.373077
64.080444
70.215683
68.291344
69.967949
73.062439
68.184937
75.505447
64.638657
66.308815
68.554245
70.008736
66.578094
68.665131
69.985161
69.279015
70.618271
71.059700
69.916885
69.658119
64.646362
72.858505
69.223785
72.189690
69.625328
70.033043
65.673256
69.653534
64.383369
72.159004
70.052002
66.235779
70.574043
70.857056
70.853226
68.892487
69.486694
65.787827
72.038681
72.280884
72.361855
71.955727
69.734810
65.058067
71.346664
66.609695
68.466270
67.902939
73.546349
73.315674
70.263138
65.327866
70.852379
69.181641
71.308739
72.692032
68.646935
73.928131
69.937363
66.021080
66.337280
69.627930
68.967567
64.202362
66.898643
66.253868
64.001389
69.627274
67.677887
70.825325
71.496033
68.182037
70.499969
62.969856
71.369667
69.142052
65.603836
69.744057
69.518806
68.053940
64.662827
70.350586
73.109741
65.423904
68.094452
66.622330
68.951599
73.065178
67.324104
61.642841
76.448135
66.772415
73.605568
68.574783
70.887352
72.985710
72.874695
68.617828
64.582603
68.429459
71.903625
64.563156
72.057785
71.676590
72.355835
73.561340
68.840729
66.978119
74.701332
65.860275
69.533195
73.555595
72.400124
66.485626
67.583702
72.051971
62.491917
71.475182
66.117165
75.636589
70.592880
73.755463
70.336861
64.167328
68.447533
70.661713
66.219963
72.214783
66.264877
68.018745
66.406830
65.174644
74.933853
68.443115
75.107567
68.811409
68.944885
67.912827
65.974091
71.058655
67.365814
74.070496
70.131050
65.809181
67.646599
65.910019
64.350151
66.047066
65.621498
68.911919
72.578323
65.172455
68.091850
69.332718
70.825081
73.767052
68.454773
76.186714
71.351227
72.914177
68.081039
75.562920
73.179886
71.644020
70.512993
70.954491
71.586128
67.737076
71.747360
71.918129
69.267586
69.758675
72.173386
73.040009
68.495796
68.024109
64.064735
69.541534
70.165703
68.673813
66.625244
66.734200
68.832199
71.247978
66.825905
71.681526
67.788048
72.757317
69.674355
71.751022
66.547852
71.780220
65.481110
72.575523
70.661865
67.847427
69.738098
68.008415
67.633415
70.253807
70.213348
67.094162
68.019699
68.620384
68.894356
67.113640
68.497589
67.138237
70.425880
67.900681
70.695244
68.963402
66.122108
68.977524
71.626778
67.032806
72.346909
71.726830
68.435005
64.847473
63.340244
69.106621
67.064278
73.493034
67.555557
68.114174
68.125954
69.122208
73.857132
69.652954
67.498367
68.140366
63.232136
72.564178
70.387817
75.303200
63.925800
74.220467
66.712250
70.717560
64.963760
69.211136
69.609642
64.955963
65.635254
72.156776
71.446205
69.682480
68.063217
70.304138
71.932518
79.556946
67.534164
64.069183
69.398712
68.515282
72.373077
64.080444
70.215683
68.291344
69.967949
73.062439
68.184937
75.505447
64.638657
66.308815
68.554245
70.008736
66.578094
68.665131
69.985161
69.279015
70.618271
71.059700
69.916885
69.658119
64.646362
72.858505
69.223785
72.189690
69.625328
70.033043
65.673256
69.653534
64.383369
72.159004
70.052002
66.235779
70.574043
70.857056
70.853226
68.892487
69.486694
65.787827
72.038681
72.280884
72.361855
71.955727
69.734810
65.058067
71.346664
66.609695
68.466270
67.902939
73.546349
73.315674
70.263138
65.327866
70.852379
69.181641
71.308739
72.692032
68.646935
73.928131
69.937363
66.021080
66.337280
69.627930
68.967567
64.202362
66.898643
66.253868
64.001389
69.627274
67.677887
70.825325
71.496033
68.182037
70.499969
62.969856
71.369667
69.142052
65.603836
69.744057
69.518806
68.053940
64.662827
70.350586
73.109741
65.423904
68.094452
66.622330
68.951599
73.065178
67.324104
61.642841
76.448135
66.772415
73.605568
68.574783
70.887352
72.985710
72.874695
68.617828
64.582603
68.429459
71.903625
64.563156
72.057785
71.676590
72.355835
73.561340
68.840729
66.978119
74.701332
65.860275
69.533195
73.555595
72.400124
66.485626
67.583702
72.051971
62.491917
71.475182
66.117165
75.636589
70.592880
73.755463
70.336861
64.167328
68.447533
70.661713
66.219963
72.214783
66.264877
68.018745
66.406830
65.174644
74.933853
68.443115
75.107567
68.811409
68.944885
67.912827
65.974091
71.058655
67.365814
74.070496
70.131050
65.809181
67.646599
65.910019
64.350151
66.047066
65.621498
68.911919
72.578323
65.172455
68.091850
69.332718
70.825081
73.767052
68.454773
76.186714
71.351227
72.914177
68.081039
75.562920
73.179886
71.644020
70.512993
70.954491
71.586128
67.737076
71.747360
71.918129
69.267586
69.758675
72.173386
73.040009
68.495796
68.024109
64.064735
69.541534
70.165703
68.673813
66.625244
66.734200
68.832199
71.247978
66.825905
71.681526
67.788048
72.757317
69.674355
71.751022
66.547852
71.780220
65.481110
72.575523
70.661865
67.847427
69.738098
68.008415
67.633415
70.253807
70.213348
67.094162
68.019699
68.620384
68.894356
67.113640
68.497589
67.138237
70.425880
67.900681
70.695244
68.963402
66.122108
68.977524
71.626778
67.032806
72.346909
71.726830
68.435005
64.847473
63.340244
69.106621
67.064278
73.493034
67.555557
68.114174
68.125954
69.122208
73.857132
69.652954
67.498367
68.140366
63.232136
72.564178
70.387817
75.303200
63.925800
74.220467
66.712250
70.717560
64.963760
69.211136
69.609642
64.955963
65.635254
72.156776
71.446205
69.682480
68.063217
70.304138
71.932518
79.556946
67.534164
64.069183
69.398712
68.515282
72.373077
64.080444
70.215683
68.291344
69.967949
73.062439
68.184937
75.505447
64.638657
66.308815
68.554245
70.008736
66.578094
68.665131
69.985161
69.279015
70.618271
71.059700
69.916885
69.658119
64.646362
72.858505
69.223785
72.189690
69.625328
70.033043
65.673256
69.653534
64.383369
72.159004
70.052002
66.235779
70.574043
70.857056
70.853226
68.892487
69.486694
65.787827
72.038681
72.280884
72.361855
71.955727
69.734810
65.058067
71.346664
66.609695
68.466270
67.902939
73.546349
73.315674
70.263138
65.327866
70.852379
69.181641
71.308739
72.692032
68.646935
73.928131
69.937363
66.021080
66.337280
69.627930
68.967567
64.202362
66.898643
66.253868
64.001389
69.627274
67.677887
70.825325
71.496033
68.182037
70.499969
62.969856
71.369667
69.142052
65.603836
69.744057
69.518806
68.053940
64.662827
70.350586
73.109741
65.423904
68.094452
66.622330
68.951599
73.065178
67.324104
61.642841
76.448135
66.772415
73.605568
68.574783
70.887352
72.985710
72.874695
68.617828
64.582603
68.429459
71.903625
64.563156
72.057785
71.676590
72.355835
73.561340
68.840729
66.978119
74.701332
65.860275
69.533195
73.555595
72.400124
66.485626
67.583702
72.051971
62.491917
71.475182
66.117165
75.636589
70.592880
73.755463
70.336861
64.167328
68.447533
70.661713
66.219963
72.214783
66.264877
68.018745
66.406830
65.174644
74.933853
68.443115
75.107567
68.811409
68.944885
67.912827
65.974091
71.058655
67.365814
74.070496
70.131050
65.809181
67.646599
65.910019
64.350151
66.047066
65.621498
68.911919
72.578323
65.172455
68.091850
69.332718
70.825081
73.767052
68.454773
76.186714
71.351227
72.914177
68.081039
75.562920
73.179886
71.644020
70.512993
70.954491
71.586128
67.737076
71.747360
71.918129
69.267586
69.758675
72.173386
73.040009
68.495796
68.024109
64.064735
69.541534
70.165703
68.673813
66.625244
66.734200
68.832199
71.247978
66.825905
71.681526
67.788048
72.757317
69.674355
71.751022
66.547852
71.780220
65.481110
72.575523
70.661865
67.847427
69.738098
68.008415
67.633415
70.253807
70.213348
67.094162
68.019699
68.620384
68.894356
67.113640
68.497589
67.138237
70.425880
67.900681
70.695244
68.963402
66.122108
68.977524
71.626778
67.032806
72.346909
71.726830
68.435005
64.847473
63.340244
69.106621
67.064278
73.493034
67.555557
68.114174
68.125954
69.122208
73.857132
69.652954
67.498367
68.140366
63.232136
72.564178
70.387817
75.303200
63.925800
74.220467
66.712250
70.717560
64.963760
69.211136
69.609642
64.955963
65.635254
72.156776
71.446205
69.682480
68.063217
70.304138
71.932518
79.556946
67.534164
64.069183
69.398712
68.515282