0.00325148599
1.7485651e-07
9.54968345e-06
4.16789135e-06
0.0153608629
0.00590308569
0.185518891
4.70979813e-07
0.00010016188
1.88773811e-07
3.87384034e-06
0.000380590267
1.79176141e-07
2.82198721e-06
0.00384369562
0.000717019022
3.98719931e-06
0.0014572253
0.0493614934
1.30031083e-07
0.0465902425
0.00831876509
2.71139143e-05
1.41016972e-06
0.525154531
2.55733703e-05
5.16836678e-07
5.50736161e-07
0.0907576904
0.00183657021
0.0475763567
0.0137906652
0.00028802114
0.312774241
2.31023569e-05
0.000370937953
0.0313778967
0.00107459666
0.0526117682
0.000556139217
0.00425791182
1.12654931e-07
2.0745772e-06
5.54885492e-06
1.93990886e-07
2.24350356e-06
2.72370414e-07
4.62262142e-06
0.00141422288
1.85542558e-05
2.021207e-05
1.54573149e-06
3.8768776e-06
0.174531087
0.00172322209
0.000924710534
8.3661007e-07
0.00630698772
7.3920836e-07
2.344534e-05
0.406670332
0.00151531782
0.000401248253
0.00309397629
0.0384399183
0.013190072
2.08754841e-06
8.93516443e-08
8.31840134e-06
3.87705086e-06
1.56352996e-06
0.190570354
0.0657163635
8.21586946e-06
0.00191646919
3.00040356e-05
0.121052876
8.25043608e-05
3.70359544e-06
2.76561036e-06
0.0004254347
3.57901331e-06
0.000616832287
0.0926317722
3.18688435e-05
1.78667028e-06
0.456718743
0.000185608893
2.289554e-07
1.13617645e-07
3.09006538e-07
0.00122458604
0.0170599855
4.58685972e-05
1.47734951e-07
2.39778292e-05
0.306451559
0.000174286819
0.205279291
0.0351488851
4.40940333e-08
0.00373843312
0.00200267415
0.000197630361
2.62236244e-06
0.00104342273
2.18648097e-07
3.85176645e-05
5.21671027e-05
0.155737609
0.0447353832
2.48208312e-06
0.000110415538
6.39737948e-07
0.0805729702
0.0410756133
4.34918866e-06
0.00101036264
0.000625402899
4.23289606e-07
0.00729573937
0.00020539551
0.00944174826
0.00017777727
3.70318851e-08
6.56248994e-06
5.01117796e-08
0.104867257
0.0754916891
0.0355564319
8.10478468e-06
1.49423784e-07
0.0746362433
0.224901825
2.32860287e-07
0.000140903459
1.78999613e-07
0.0114056356
0.0124015752
4.61391494e-07
0.000118717471
0.000391147769
4.1088133e-06
0.0682652891
5.15439533e-05
1.75242155e-06
0.000330618612
0.00698224222
1.47793469e-06
8.66843766e-06
0.486317754
0.0019396774
6.54855248e-05
0.000233560524
4.09956243e-07
2.15412638e-06
1.32182313e-05
0.000724272395
2.34917366e-06
2.00512432e-06
2.0933166e-07
0.00163258915
2.62044568e-06
0.131530657
0.0632241592
2.0887741e-07
3.029352e-06
0.00299266446
2.07106586e-06
5.58368981e-07
0.212884068
0.000624508422
0.000129413296
0.0190378781
0.0274528973
1.4145819e-06
3.17006652e-07
6.64928157e-05
5.8999769e-05
0.000118234479
0.00782820676
0.0032102624
0.463665515
3.24640041e-07
4.21913792e-05
1.53193414e-05
0.0653188527
3.59224055e-06
1.41004011e-06
8.80664811e-05
5.74193618e-05
5.79501375e-06
1.14185252e-06
0.0546114743
2.51747424e-05
0.0202788804
0.000139903714
4.7130424e-08
0.184290618
0.0135235926
0.11351493
0.0573897734
0.0165622458
3.00210274e-07
4.97001238e-05
6.41276699e-07
1.28378078e-05
5.36065592e-08
9.01887506e-06
0.147368446
1.46082084e-06
0.00588922296
3.04438418e-05
1.82446038e-05
0.0941676423
0.17325376
0.000152633947
0.00205963105
2.49698473e-07
2.41832345e-06
0.112995088
0.000221990442
0.000122838785
0.00330555113
9.00895785e-08
0.000413743546
0.000112619076
0.0303916559
4.48130265e-07
0.171247855
1.30053294e-07
7.058199e-07
0.000492240128
0.00177544437
1.55529744e-06
2.45757775e-07
0.0554369688
1.85493673e-06
0.000488193182
0.000726696744
2.95476348e-05
0.000410412002
0.000154923022
0.112837642
9.47954732e-07
0.00342026632
1.64440803e-06
2.03072686e-05
0.00167815213
4.38574034e-06
5.68164069e-06
0.00605256157
1.15220828e-07
5.52005622e-05
0.312911659
0.301326126
1.58432584e-07
1.48567972e-06
3.41647524e-06
0.149874389
0.0648109317
0.0631789789
1.81348587e-05
6.12229485e-07
0.0304951183
0.00379728596
0.000873271958
0.355447203
0.00171818549
5.56080728e-08
0.02336674
5.90301579e-06
0.00199744059
0.16410847
4.20655994e-07
3.11069584e-07
2.71981349e-07
0.000342743064
3.83041788e-06
0.000782645599
0.00475616846
1.27501801e-06
0.00125289278
3.35061804e-06
0.000121743033
0.0958736911
0.0371627584
2.14848654e-07
6.392676e-05
6.09463905e-06
7.70929205e-08
0.0166211817
0.00194757304
4.81535653e-06
0.0103033036
0.000496414956
6.82731043e-05
8.50292849e-08
2.42786513e-07
0.0997305661
0.139160439
0.000450325228
0.0458919853
0.000812957354
7.78821118e-07
5.5970429e-07
1.01012447e-05
0.12857005
0.0247971136
0.06968683
0.128453195
2.09960672e-06
3.94718018e-06
3.77276535e-07
0.019194616
0.101385035
4.85485325e-05
0.00149683747
8.63620926e-07
0.210790828
0.0342051238
0.203971624
0.0144548798
0.0447612815
4.99377109e-08
0.00440929923
6.83056078e-06
0.0986657888
0.0126094474
0.0339099616
0.014449697
2.39966903e-06
0.00994108617
1.89374248e-07
0.0386038832
0.0310679413
1.17983961e-06
0.0158642791
5.30530124e-05
4.43484851e-06
0.0112933274
1.28141721e-06
4.90493228e-08
7.38241738e-07
6.41494944e-06
0.034067072
0.175723195
2.92249933e-06
0.000963090803
2.01115472e-05
0.220760643
0.000178732647
0.187506527
3.5318709e-07
0.308718234
9.7127986e-07
0.272208512
3.90101377e-06
3.16072089e-07
5.83695983e-05
0.0064413636
8.43687576e-06
0.000909701397
0.000199645525
2.64935461e-05
0.000566333532
3.28489523e-06
0.00469540153
5.73165835e-08
0.150689587
0.000307663548
0.0055672396
0.00798225217
0.00254995492
1.89408001e-05
1.70905494e-07
0.00230210111
1.09898865e-05
8.46910552e-06
0.043565426
0.00559619768
6.8136701e-06
7.86426517e-06
3.84001614e-05
7.51197658e-05
1.36148465e-05
9.20610546e-07
0.000100265155
0.411060721
0.0061105038
0.225385144
0.00227313628
1.48184772e-05
0.000770988001
1.20895635e-07
1.18377902e-05
0.000116616167
0.00128746952
0.00425549876
0.000204483775
0.000141915836
3.66892868e-06
0.000233144048
0.219601691
0.0408259705
1.81437133e-06
4.66454622e-07
0.000458476628
0.00300409365
2.56280964e-05
0.0584222786
0.0199082159
0.00568398787
4.37071958e-06
2.90593994e-06
1.77547705e-07
2.50328662e-06
9.97139578e-05
0.039971713
1.59673519e-07
3.77573415e-05
0.00118366443
1.11749318e-06
0.00343506946
0.000135660957
2.46915124e-06
0.00180272094
5.44126628e-08
0.00823011715
0.0111686159
2.74040531e-07
4.48114079e-05
8.30532031e-07
0.225839674
0.0001978379
1.11204841e-07
2.68396775e-06
0.0390854515
7.39592069e-05
0.0184494499
0.00216758298
0.364544272
0.000683591876
0.198939815
0.0778811425
0.000900150044
0.00495675905
0.000160224328
0.0982597992
0.00106658204
0.285384566
0.0244589262
0.000330647948
1.05205245e-05
8.68935876e-06
0.00448658084
0.0348665118
0.000697191572
0.00376776885
1.34613456e-05
5.74644616e-07
1.60854197e-05
1.28546371e-05
2.77050985e-05
0.000942653511
1.5223394e-06
6.72914211e-06
0.0110419886
0.0134800971
4.64834045e-07
0.000113052585
0.00098047941
0.000128850268
4.5522097e-06
0.00013818033
0.322442114
0.00190366071
0.011323452
0.149339274
0.0347444974
7.93772415e-05
1.98384797e-07
5.02121184e-05
0.0310612861
0.153780669
0.761465847
0.000147297716
0.0282363668
0.00112578075
0.00280780089
6.15173849e-06
6.04276556e-06
0.000192768741
2.87225475e-07
3.9102586e-05
0.00945581775
0.000116417461
2.5315469e-06
0.000319372397
1.39119015e-06
0.00380559172
2.77920293e-07
9.87349631e-05
0.00150777062
2.78523657e-07
0.00528226187
1.58297678e-06
0.000291573029
4.03600353e-07
7.77716778e-05
5.33708771e-06
3.3705066e-05