0.3329643108188213
0.9570197605266731
0.015333706228492838
0.9371597632022477
0.962077556114459
0.11731619944333449
0.9995720070178117
0.4789208763423658
0.24259318184574152
0.6044015340787812
0.2045131429778937
0.9151264595935564
0.5520792925478145
0.7755138820637703
0.38066174437292255
0.533650127416263
0.35925955555157574
0.2615616273853526
0.5128165400237735
0.49727729310098334
0.09860823156548004
0.9813184568465767
0.4694904220225584
0.8397311815636849
0.9143304988974891
0.37070492143125844
0.4139301705786246
0.5625247274643543
0.22127409831622524
0.14592271310254856
0.26077410990976957
0.9347582502963535
0.5791429260374005
0.4175780735551736
0.15241141018414328
0.3298652859778599
0.37983977474115416
0.8333627152869851
0.4993014823693225
0.6546079661210219
0.6848466123459062
0.2573267576348828
0.8215919396923563
0.9665082672503437
0.6416944543987072
0.4905955825807824
0.168233645951541
0.7949755143536341
0.16926571086018172
0.7203135307620937
0.4883163212541324
0.9168993896943668
0.5421368553513551
0.6418094631823665
0.05873205158073014
0.03382375716469055
0.8466973831827224
0.9451881112008982
0.6682155433931528
0.7643388435720192
0.4123922224155927
0.8425447168253485
0.2314333920774455
0.7071695637034598
0.009141461690661767
0.5057329196930651
0.3732006926868119
0.617835235876803
0.6667547295533397
0.6165193610843379
0.4832041536218251
0.48785438400307124
0.0066123569921588965
0.5516435609112569
0.011850968127892436
0.5294176468416506
0.274740737197832
0.9774793482325117
0.0171425976024272
0.8131572209139099
0.6740329521192103
0.8061676989474289
0.9097733659987661
0.1070164286944929
0.09631389025140846
0.14889748574025052
0.1919320569916132
0.5264559854002162
0.8152143907132826
0.2673247366766358
0.39689642249807144
0.37305158346368217
0.40602740987388597
0.5650021824479691
0.9902330316397273
0.22585725262742218
0.6840416254703855
0.8478671020315357
0.6537357195591531
0.8582191590211872
0.7595858501768448
0.09350050542710941
0.3792640222398159
0.5527014395296953
0.0561149391289657
0.009450172654130617
0.17138357522104763
0.499858393112792
0.4339096519716623
0.7843763107901112
0.565856627951035
0.8579603133636694
0.09536183547073007
0.528159185641648
0.042551757617045105
0.21141705588454718
0.8681168905816056
0.8875543070344936
0.4755002876452733
0.046561970741743286
0.07434805992565108
0.9255848100809232
0.8993116508650086
0.5635098640479835
0.03290178015347189
0.9287663612546593
0.31448469322665096
0.9614691898760058