-0.148945421
0.217470005
-0.328776509
-0.00363436341
0.250749618
-0.0608801357
-0.10222356
-0.0794526935
-0.0956208631
0.10962455
-0.158652902
-0.108281419
0.168550849
0.0257563442
0.0376398116
0.109113418
-0.21317333
0.0978315026
0.0459885374
0.136081189
0.215776235
-0.139771476
0.187338263
0.105975129
-0.172426045
0.124046832
0.034352988
0.00392911583
-0.0901334211
-0.00991542637
-0.125919402
-0.211925998
-0.039624393
-0.00145270675
0.168864474
0.185631067
-0.0711108521
0.0868047327
-0.111426428
-0.281627059
-0.0150992498
0.239480406
-0.104536042
0.0887409523
0.0106104612
0.0937592834
0.109796368
0.00478941202
0.0889032632
-0.00956220925
0.147704363
0.212420017
-0.0830774009
0.134935379
0.022710437
0.0949094892
-0.0832239538
0.366224498
0.345018089
0.0712118298
0.173945278
-0.113253497
0.0464484245
-0.181928426
0.0893980861
-0.170999885
-0.109339774
-0.162534207
0.160385504
-0.0434315875
0.0307987444
-0.165345982
-0.150475219
-0.177833438
-0.22464627
0.192526132
-0.020386517
-0.0471657068
-0.0513513535
-0.00117924437
-0.0107571557
0.220873624
-0.0364381634
-0.083812587
0.0714445114
0.075873144
0.0366008505
-0.17257522
-0.0937990248
-0.0346926935
-0.0275134891
0.192904979
-0.0477005988
0.102961183
0.111539014
0.0596542247
-0.0966778994
0.088837117
0.0857168064
0.113902226
0.1156682
0.137404025
-0.370798588
0.00170839578
0.0747581348
0.251740277
0.179225415
-0.0113629662
0.0231080987
0.0742608532
-0.193407565
-0.00103418157
0.197955012
0.236706913
0.0365106463
0.0389765948
-0.0888489485
-0.0894577354
-0.198867783
-0.101157971
0.0263014697
0.126416326
-0.0753879994
0.0364061482
-0.130526692
0.0788102075
0.294208407
0.0474932194