2.23082876
0
0
0
3.78353953
2.82719183
6
0
0
0
0
0.0856846124
0
0
2.39815092
0.719063699
0
1.42825091
4.9508872
0
4.89310789
3.17023039
0
0
6
0
0
0
5.55990982
1.65961647
4.91405249
3.67570853
0.579649448
6
0
0.832650125
5.27047443
1.89631605
5.7873106
1.2376343
3.27314949
0
0
0
0
0
0
0
2.17095113
0
0
0
0
6
2.36856627
1.74609613
0
3.66602874
0
0
6
2.23999619
0.911195874
2.9538281
5.48563051
4.41599846
0
0
0
0
0
6
6
0
2.48701859
0
6
0
0
0
0.981890142
0
1.35337579
6
0
0
6
0.1524207
0
0
0
2.03913665
4.67326975
0
0
0
6
0.465829521
6
5.77247524
0
3.53154922
2.9073658
0.591525316
0
2.25538874
0
0
0
6
6
0
0.00937780924
0
6
5.92829704
0
2.22319198
1.74352336
0
4.2001729
0.630064487
4.45802355
0.485658765
0
0
0
6
6
5.30664825
0
0
6
6
0
0
0
4.16963482
4.25335073
0
0
0.796857476
0
5.95892859
0
0
0.62873745
3.67889714
0
0
6
2.39804888
0
0.281213462
0
0
0
1.41293955
0
0
0
2.09764743
0
6
5.7541666
0
0
2.70364451
0
0
6
1.13668954
0
4.55391073
4.91995192
0
0
0
0
0
3.66521358
2.7738328
6
0
0
0
5.78676081
0
0
0
0
0
0
6
0
5.78158569
0.805204988
0
6
5.37644148
6
6
5.5791316
0
0
0
0
0
0
6
0
4.54512978
0
0
6
6
0.892293155
3.49453235
0
0
6
1.26688468
0.675123215
3.96760893
0
1.34684145
0.0456061251
5.64351845
0
6
0
0
1.5205617
2.80340075
0
0
6
0
1.51230645
1.91010416
0
1.33875668
0.364523441
6
0
3.45906878
0
0
2.74704361
0
0
4.02983189
0
0
6
6
0
0
0
6
6
6
0
0
5.33991909
3.25663877
1.78684425
6
2.46362114
0
5.0736661
0
2.61421943
6
0
0
0
0.851578236
0
1.67727721
3.48179507
0
2.14780736
0
0
6
5.53765965
0
0
0
0
4.33790779
2.19381404
0
3.85969448
0.826886714
0
0
0
6
6
0.729444623
5.35352039
1.32015312
0
0
0
6
4.737957
5.77124119
6
0
0
0
4.48185968
6
0
1.93058419
0
6
5.83369112
6
4.97234774
6
0
3.78503156
0
6
4.83576202
5.8250246
4.97198915
0
4.59799194
0
5.95466852
5.73749208
0
5.06538582
0
0
4.72552776
0
0
0
0
5.82964706
6
0
2.26370788
0
6
0.57945174
6
0
6
0
6
0
0
0
3.65672088
0
1.69934165
0.182768956
0
1.22540867
0
3.34056449
0
6
0.615231931
3.51087999
3.87120128
2.73005605
0
0
2.62780285
0
0
5.56824446
3.51606822
0
0
0
0
0
0
0
6
2.83708715
6
1.84823871
0
0.76699543
0
0
0
1.27975655
2.47529006
0
0
0
0
6
4.73639631
0
0
0.247232154
2.12705374
0
5.0947752
4.01821041
2.76473069
0
0
0
0
0
5.59580326
0
0
2.07624602
0
3.14166808
0
0
2.49692822
0
4.0154314
4.32073879
0
0
0
6
0.287324011
0
0
5.57338142
0
4.82266569
2.68124366
6
1.52723706
6
6
1.80243719
3.50838327
0.0764506385
5.28910685
0.765951216
6
3.89848709
0
0
0
2.20258307
4.25301886
0.340797007
2.02797508
0
0
0
0
0
0.642435551
0
0
3.1031971
3.30270624
0
0
0.681778252
0
0
0
6
1.34527063
3.1283679
5.70771265
4.24951315
0
0
0
4.05560207
5.6551671
6
0
3.96025062
0.73811698
1.65204144
0
0
0
0
0
2.86627007
0
0
0
0
1.95611143
0
0
1.03027177
0
2.28399444
0
0
0
0
0
0