2.23082876
-0.0759982765
-0.0359953083
-0.0442862771
3.78353953
2.82719183
6.27487326
-0.0660897866
-0.0124925086
-0.0752324387
-0.0450179242
0.0856846124
-0.0757542476
-0.0481859781
2.39815092
0.719063699
-0.0447294973
1.42825091
4.9508872
-0.0789601952
4.89310789
3.17023039
-0.0255599152
-0.0551232807
7.31540918
-0.0261448715
-0.0651606619
-0.0645253807
5.55990982
1.65961647
4.91405249
3.67570853
0.579649448
7.56985235
-0.0194344986
0.832650125
5.27047443
1.89631605
5.7873106
1.2376343
3.27314949
-0.0726680979
-0.0435362756
-0.0336979255
-0.0672332868
-0.042753458
-0.0638397709
-0.035524223
2.17095113
-0.0216268506
-0.0207710452
-0.046478875
-0.0372835472
6.98647356
2.36856627
1.74609613
-0.0526178144
3.66602874
-0.053855598
-0.0192871299
7.83237362
2.23999619
0.911195874
2.9538281
5.48563051
4.41599846
-0.0433523059
-0.0748639628
-0.0295275114
-0.0371614583
-0.0462427475
7.08655548
6.02188206
-0.0296515394
2.48701859
-0.016698895
6.63276148
-0.00658370368
-0.0376191735
-0.0405395962
0.981890142
-0.0379613414
1.35337579
6.36516619
-0.0160959195
-0.04490868
7.96060181
0.1524207
-0.0654544905
-0.0724613816
-0.0624561384
2.03913665
4.67326975
-0.0124544045
-0.069835566
-0.0189409126
7.93794203
0.465829521
7.53725386
5.77247524
-0.0781630352
3.53154922
2.9073658
0.591525316
-0.0373079702
2.25538874
-0.0621516518
-0.0104375603
-0.00740420679
7.26105499
6.01364708
-0.0378577523
0.00937780924
-0.0514157005
6.60204554
5.92829704
-0.0322488323
2.22319198
1.74352336
-0.0555457138
4.2001729
0.630064487
4.45802355
0.485658765
-0.0799084902
-0.0281350296
-0.0768837184
6.8655777
6.05954981
5.30664825
-0.0307977386
-0.0707319751
6.0481534
7.15119123
-0.066295445
-0.0022415258
-0.0689259917
4.16963482
4.25335073
-0.0594573617
-0.0039548194
0.796857476
-0.0375909396
5.95892859
-0.0122979293
-0.0461122878
0.62873745
3.67889714
-0.0478158258
-0.0301253926
7.92238951
2.39804888
-0.00990398601
0.281213462
-0.0606393293
-0.0440484211
-0.0259063095
1.41293955
-0.0431816429
-0.0447652191
-0.0686411038
2.09764743
-0.0433693118
6.48672009
5.7541666
-0.0686628222
-0.0419192575
2.70364451
-0.0457221121
-0.058830101
6.96822786
1.13668954
-0.00437263586
4.55391073
4.91995192
-0.0495344102
-0.0644910708
-0.0110318111
-0.0122274207
-0.00527605275
3.66521358
2.7738328
7.74664354
-0.0642531365
-0.0155805945
-0.025711583
5.78676081
-0.0402149856
-0.0495665744
-0.0082218321
-0.0124989375
-0.0354327783
-0.0400309712
6.7722497
-0.00909908023
5.78158569
0.805204988
-0.0719058663
7.98851967
5.37644148
7.50394011
6.82187176
5.5791316
-0.0533902198
-0.00229741982
-0.0458004326
-0.0158335529
-0.0706183314
-0.0193643011
7.76494169
-0.0375675112
4.54512978
-0.00719866063
-0.0123188021
7.31708241
7.92676306
0.892293155
3.49453235
-0.0552325062
-0.0325267464
7.49935007
1.26688468
0.675123215
3.96760893
-0.0708535537
1.34684145
0.0456061251
5.64351845
-0.0548107624
7.37246227
-0.0671821609
-0.0502680056
1.5205617
2.80340075
-0.0423673764
-0.0608181432
6.24459696
-0.040605545
1.51230645
1.91010416
-0.0129240127
1.33875668
0.364523441
6.95530033
-0.0473185293
3.45906878
-0.0418102443
-0.0166742634
2.74704361
-0.0320004672
-0.0294116493
4.02983189
-0.0683931038
-0.00667431625
7.97527122
7.93754339
-0.0682782829
-0.0458953083
-0.0375679322
6.93214989
6.09382677
6.06832409
-0.0208756663
-0.0547605082
5.33991909
3.25663877
1.78684425
7.79572916
2.46362114
-0.0787483007
5.0736661
-0.0320993997
2.61421943
7.02288008
-0.0585134216
-0.0615314133
-0.0628742427
0.851578236
-0.0364242867
1.67727721
3.48179507
-0.0474244282
2.14780736
-0.0377625749
-0.00183490361
6.48538399
5.53765965
-0.0652322397
-0.0122278761
-0.0357311629
-0.0794326887
4.33790779
2.19381404
-0.0380871557
3.85969448
0.826886714
-0.0115700923
-0.0784528479
-0.0679609776
6.12970209
6.46285725
0.729444623
5.35352039
1.32015312
-0.0563049912
-0.0596087165
-0.0306786634
6.38370371
4.737957
5.77124119
6.38279438
-0.0463877507
-0.0400752388
-0.0635530204
4.48185968
6.14615536
-0.0149796177
1.93058419
-0.0552714653
6.8780961
5.83369112
7.61929655
4.97234774
6.10265923
-0.0760341808
3.78503156
-0.026850326
6.89305401
4.83576202
5.8250246
4.97198915
-0.0373110846
4.59799194
-0.0627046973
5.95466852
5.73749208
-0.044410605
5.06538582
-0.00635148212
-0.0311694611
4.72552776
-0.043584723
-0.0762136877
-0.049099233
-0.0274780858
5.82964706
7.47022581
-0.0353399999
2.26370788
-0.0160514582
7.69839478
0.57945174
7.02779436
-0.0615453199
7.52640963
-0.051429145
7.40054893
-0.0375253819
-0.0626555905
-0.0104697989
3.65672088
-0.02981163
1.69934165
0.182768956
-0.0183687303
1.22540867
-0.0392443985
3.34056449
-0.0797293931
6.80920267
0.615231931
3.51087999
3.87120128
2.73005605
-0.021724565
-0.0688041896
2.62780285
-0.0271679945
-0.0297734961
5.56824446
3.51606822
-0.0319484361
-0.0305144545
-0.0146571351
-0.0156159373
-0.0326951668
-0.0596339516
-0.0127285859
7.04581881
2.83708715
6.44488859
1.84823871
-0.0318480209
0.76699543
-0.0799350515
-0.0340938047
-0.0112178959
1.27975655
2.47529006
-0.00560188945
-0.00925443228
-0.0458077751
-0.00429021008
6.41889334
4.73639631
-0.0528493784
-0.0664327145
0.247232154
2.12705374
-0.026369879
5.0947752
4.01821041
2.76473069
-0.0440574922
-0.0481392071
-0.0760919377
-0.0408251956
-0.00397818489
5.59580326
-0.0683474839
-0.0136894379
2.07624602
-0.0488903597
3.14166808
-0.00089965295
-0.0409624912
2.49692822
-0.0791128278
4.0154314
4.32073879
-0.062946029
-0.011976609
-0.0518581271
7.32745647
0.287324011
-0.0719650611
-0.040128272
5.57338142
-0.00696610799
4.82266569
2.68124366
7.80627918
1.52723706
7.20063353
6.262815
1.80243719
3.50838327
0.0764506385
5.28910685
0.765951216
6.35532951
3.89848709
-0.00405208999
-0.0385293514
-0.0404416397
2.20258307
4.25301886
0.340797007
2.02797508
-0.0360644087
-0.0676026642
-0.0342834927
-0.036525581
-0.0288464688
0.642435551
-0.0578601472
-0.0429981612
3.1031971
3.30270624
-0.0697233826
-0.0147841005
0.681778252
-0.0134761222
-0.0469064973
-0.012777037
6.47741556
1.34527063
3.1283679
5.70771265
4.24951315
-0.0191390347
-0.0790566206
-0.0237185899
4.05560207
5.6551671
7.2548852
-0.0129565941
3.96025062
0.73811698
1.65204144
-0.0447138064
-0.0448925383
-0.0102662444
-0.075356029
-0.0262192711
2.86627007
-0.0153093319
-0.0535928421
-0.00521757593
-0.0595795512
1.95611143
-0.075685367
-0.0169567578
1.03027177
-0.0756636709
2.28399444
-0.0582880825
-0.00612824922
-0.071954459
-0.0193433817
-0.0461343527
-0.0277046692
4.1796751
-0.0193398055
4.03215694
5.31078863
-0.0396365523
-0.0668950006
-0.0768986717
0.630704761
7.99852514
-0.0240063444
2.4023056
4.49972868
2.4280746
4.06773138
7.19378757
-0.0481022932
-0.076739192
-0.0556188226
-0.0598046444
2.71134162
1.02351332
-0.0451256745
3.19143963
4.27036953
-0.0531537384
1.71595991
3.96681046
-0.0616747402
5.10881901
7.43553257
-0.0627041981
-0.07589145
-0.0300868414
2.8375566
7.33076525
-0.0165352896
3.44023538
-0.0678405613
3.04983068
2.03587842
-0.0636957884
4.359694
5.60469198
1.60658586
-0.0606311895
7.74150944
4.52216578
-0.0244473983
-0.0114595173
-0.0207086578
0.0953726321
-0.0254030097
5.59321022
5.15729475
-0.0631137788
7.37260103
2.16936159
5.25931692
3.3169384
-0.0103220567
3.7407248
7.44757986
-0.036786817
4.93118763
0.61076653
-0.00264039938
-0.0103080804
3.69641948
-0.0370567106
5.62741041
5.29169607
-0.0661339387
6.10609913
-0.0409818515
-0.00564664509
1.76530731
-0.019361712
-0.0754079968
5.61524534
-0.0509056225
-0.0460608229
4.76531792
-0.0255457852
6.08511972
3.21894002
-0.035797026
-0.0783758163
7.1690011
-0.066301927
3.5211947
-0.00182754453
4.13063431
3.04974937
2.33444643
-0.00146858627
4.68692589
-0.0651114658
-0.0445445776
3.06859446
-0.0310070347
1.30488932
-0.00427832175
0.494750887
-0.0119193895
3.93496704
-0.0270733926
3.24567914
-0.0366533697
-0.0397754125
-0.0606950559
-0.0491865091
-0.0608712435
0.573823452
4.19503355
-0.0503760241
-0.045378454
-0.002528226
3.59335995
7.62571239
0.394189894
-0.0347202085
-0.0639158264
-0.0489411876
-0.0436026938
-0.0512893535
-0.0777362585
0.546161413
-0.0361101851
7.58871889
0.853743494
3.15867829
-0.0597952791
5.89537907
-0.00145940878
5.96351576
1.18502748
-0.00489648851
-0.00952499174
-0.0505018122
-0.0717797205
7.05701733
-0.00356333004
5.15385056
-0.0158868097
-0.0681468546
2.07113123
-0.0714225471
-0.0561283864
1.00543356
-0.0313863158
7.90268993
-0.0610477477
4.23109531
1.70108247
4.65185308
-0.0438900553
0.361160576
-0.00791768543
-0.00916463882
5.7626667
7.84050035
-0.0311391614
1.93643713
1.7540946
3.841429
7.16144323
-0.0467539355
-0.0462359674
2.56685019
-0.0548708625
-0.0521898307
-0.0679896176
-0.0795718879
-0.00791940745
1.50097907
-0.0333985128
-0.0429637991
3.31129336
3.24780083
-0.00735498779
2.99815869
6.78257656
4.60524845
2.00092816
2.57892871
6.93869543
-0.0119777657
0.712998033
2.36215568
6.53458309
5.22609854
-0.0685744211
-0.0534523539
-0.0307821091
3.98332357
1.1073128
-0.0338223055
-0.0601034164
3.01884794
3.19573903
7.08281994
0.00755483378
-0.000992764835
-0.067129299
-0.0736222714
-0.0108754132
-0.0284285471
-0.0399411321
-0.065387696
7.39057779
5.3753376
1.2031858
7.21258068
7.99315882
2.75650525
-0.0368782356
-0.0735629275
4.10030127
-0.0047198683
2.4241519
6.65716457
-0.0509617366
1.36527395
2.15655541
-0.00132387155
-0.0654012114
-0.0243262313
-0.0266706552
2.72213626
5.72372961
-0.0272314139
3.09877872
-0.0338851511
7.12309647
5.01705647
0.801545739
-0.00722785434
-0.0296772551
-0.028276192
7.52295542
-0.0153319901
0.233540043
7.80990744
2.52256608
0.681497514
-0.0138803888
-0.0499867909
-0.0221153013
4.10309029
2.00653982
4.15984869
-0.0474306829
0.78751421
6.84276438
-0.00990142487
3.17200041
-0.060571827
7.57034922
1.7419467
-0.041712407
-0.0546594933
0.81342411
0.836022556
-0.0650865287
7.87611437
6.60687828
-0.00616833661
-0.0612054132
5.314291
-0.000259919238
3.46565318
0.141952246
-0.0362520181
5.35558319
7.68391418
-0.0410030559
0.820241213
-0.0186262373
6.74989033
0.131854266
6.06922007
5.82443094
-0.035800416
4.64009905
-0.0136092119
6.94797421
0.123802811
5.12879181
-0.0347457603
-0.0322310627
1.39100361
7.98243713
-0.00165754452
-0.0562247299
0.617289245
-0.0247801673
0.830678701
0.694881022
-0.00714486092
-0.0285156239
-0.0498156212
3.15997481
1.14876223
-0.0426300094
4.40871143
-0.0730164349
3.91528249
3.28364611
4.98254251
-0.0182273984
2.61902118
5.13196087
7.69309044
-0.000747416052
-0.0740768611
0.0366584025
1.44288683
5.915205
5.98704576
-0.00955100637
0.4152174
-0.00689150812
3.55910134
-0.0144034205
2.47650123
-0.0553022027
-0.00488150399
7.50725794
-0.0258302018
3.08327365
2.39738655
5.62824488
5.63746119
5.749475
-0.0191984959
-0.0293342154
3.49947882
4.15042877
5.95812845
-0.0742561445
-0.0690526813
2.09857631
6.73486567
7.95881462
3.94826198
-0.0105645638
-0.0642490983
2.1399653
5.96126795
-0.0090114316
3.10401869
6.45478487
-0.0726414397
4.73829556
-0.0330611542
-0.0200254247
-0.0567088313
0.498661101
1.05484903
4.68031168
-0.0528026149
-0.0673650652
5.93343353
1.91536593
-0.0414672308
6.60526419
-0.057101164
-0.0062160138
-0.0393636227
-0.0391477272
-0.0784964114
4.8741293
6.41935062
2.84177423
-0.0547238998
-0.00932323467
-0.0247095004
1.40114725
2.22301912
-0.0121105695
-0.0399842821
5.52486277
-0.0481252819
-0.0184490792
-0.00268671033
-0.0420470834
1.15076303
1.19699085
7.88307285
-0.0327630788
7.64711189
2.53167701
-0.0360831358
1.05486429
2.97279191
3.91470146
-0.0721529201
1.70250392
-0.000523634139
6.46648455
-0.0342089348
4.78176212
1.71303999
-0.0236286465
2.18588614
1.93425858
2.84423137
3.53485394
2.54690456
5.41339397
2.05196977
6.45445919
2.34144974
-0.030570738
-0.00946828909
1.27318084
3.71775627
-0.0655786619
-0.0327823274
3.95969391
-0.0518975854
-0.0588544309
0.630524158
7.54383326
0.493637979
6.6157918
5.28756189
-0.038884785
5.19503689
-0.00290434714
4.90381575
3.94494963
-0.025805559
-0.061572846
7.40629292
-0.0574788749
7.46400356
5.76224947
3.58746743
7.67907572
7.47631598
4.87340212
-0.0214759912
4.65091133
-0.0777730122
0.585156918
-0.00723423529
2.76525402
2.75745273
1.35296142
5.15867662
7.0446701
-0.0626646206
-0.0425884947
-0.0759960562
6.14775753
0.982518137
6.64409447
-0.0445812456
-0.0698852688
5.18168545
6.55020237
-0.0316495709
-0.0146726631
-0.0576356761
7.1401844
-0.0313016661
-0.00118006091
-0.0644492805
6.19614887
-0.0582937524
-0.0074169985
2.72777939
3.89024186
7.13558531
-0.0129397186
3.87630415
-0.0552763343
-0.0136184748
-0.0641565323
-0.00170447386
-0.0147014577
7.22434425
-0.0747653916
-0.020715205
-0.00905870553
7.20888281
5.68720293
-0.0641032606
2.97088432
0.711453795
7.64548063
-0.0226121843
-0.016297657
-0.0496306308
-0.0604544431
5.56853104
-0.00724522118
2.60429978
2.26727152
1.55433536
-0.0765828043
4.58871365
-0.0410289764
-0.0598521791
1.03324759
-0.0690223724
4.24251795
-0.0468548201
-0.0454477817
5.9151268
-0.027430471
-0.0563913286
6.40849638
-0.07954631
5.73449802
-0.056849923
-0.0592012592
-0.0398953296
-0.0520804599
2.57692218
-0.075875178
-0.0776223466
4.63975477
-0.04193094
-0.0281965658
-0.0521206073
-0.0716161579
3.86748886
0.417368412
3.93064451
-0.00380064547
4.44827271
0.211807325
-0.0625513569
0.0614190362
7.12665033
-0.0730615929
4.53163195
5.87169456
0.343219429
-0.00671319664
7.42441893
-0.0702679306
-0.00336289429
-0.0157412402
2.97756004
-0.00155698322
6.55521345
-0.0682414845
-0.0670735165
1.73275876
-0.0694908425
-0.0359974392
2.12922764
0.773702919
-0.0279703271
7.9140439
0.488909394
-0.00740553299
1.68682861
-0.0641314462
3.2284708
5.64468384
2.41466665
4.30340385
3.53343868
-0.045596309
-0.00775121292
-0.0434410274
-0.0257709399
-0.0074401754
-0.0134416558
-0.0647862628
-0.0117177591
2.64172578
-0.0201118365
-0.0555777736
6.76776075
-0.0692586675
5.30835009
-0.0650831833
-0.0645496845
3.82073593
4.98830843
0.901931763
1.38344133
0.985382617
-0.0272566434
-0.0604429953
-0.0234243069
2.64544821
4.00454807
5.88947439
3.53697085
7.49437809
1.60656142
-0.0237366091
1.24669635
-0.0459617898
2.50778079
-0.0441208221
-0.0626850575
5.52597475
-0.0211902298
4.2016902
1.18560004
4.91554213
5.5224824
7.59274578
5.09482956
1.81717253
2.28318667
-0.0757993907
6.86534882
5.2713728
-0.0372083634
-0.0511334278
3.24318027
-0.0305624511
-0.0256280527
-0.0790230706
5.91780329
1.06113756
-0.015874505
-0.0573000573
2.13075209
-0.0750948638
3.93778825
-0.0455787368
-0.0128268013
-0.0254566427
-0.0207915045
3.54553556
4.42936993
1.08149695
-0.0664068758
-0.0715825856
-0.0548144132
1.8854109
2.78349948
-0.0364635438
2.59101915
-0.00229412713
-0.00927293021
-0.0362933017
4.07909012
-0.061789196
-0.0112138186
-0.034680564
2.85578012
-0.00213875948
2.6741209
-0.072733216
-0.0167578571
1.5891993
-0.0787700638
-0.0317729004
-0.0462025627
-0.0580424294
-0.0391168781
-0.0275004208
-0.0787632093
3.95222592
-0.051888831
-0.0191668086
3.25874019
0.00419754488
5.33366728
4.89920282
-0.0684679225
5.78822994
-0.0732316375
-0.0770013481
6.73859882
5.7937603
1.21214652
1.17439485
3.35198331
-0.0131689664
-0.0615722612
-0.0766629502
-0.0280370899
4.82115459
1.89000416
5.31241465
6.71631622
-0.0658992156
5.51174974
-0.0410693623
1.42194057
0.383400679
-0.0166773275
-0.03035607
-0.0256778728
-0.0267090201
-0.0530987643
0.167732552
-0.0617557354
0.159233004
6.49476385
-0.0240999572
3.63806558
5.10317755
5.04059219
-0.0421969816
-0.0565689206
-0.0484365113
1.63838375
4.16344452
2.48814416
-0.0516566187
4.36556959
-0.000941276026
4.07113314
4.15803432
-0.00817515887
6.78646803
1.03186858
2.16477299
1.99234843
5.82795
2.03547859
-0.0558468141
-0.0690741986
-0.00924670976
-0.031548731
-0.0360522121
-0.0710124597
0.117390163
-0.0303347446
-0.00769378152
-0.0708975941
5.30714607
-0.0677230358
5.82800055
5.68469381
1.84013426
0.113085076
-0.00596613437
0.869061947
4.66908455
6.33402824
-0.00804260746
4.95705462
2.42939925
-0.0285557173
-0.00389935542
-0.0558622256
-0.0701002032
-0.063439697
6.38602924
-0.0250499547
3.42904878
0.0727840215
-0.0523905754
-0.0403610021
-0.00995867606
-0.00969251338
0.363968551
-0.0546006039
-0.0203436818
-0.0347370245
-0.0145968962
-0.0258612558
1.56617379
4.62763071
2.35688567
-0.0694541037
-0.0648790523
2.85406947
-0.0345364809
3.57973838
2.50502539
6.50148296
5.97247458
-0.0266620722
1.32383227
-0.0573714562
-0.0240286719
7.48314428
3.17567945
-0.0172867216
1.52065969
7.00803518
-0.0304668974
-0.0197313093
4.66659117
5.01095676
2.72186232
5.26334333
3.82039475
2.96663094
0.422293425
2.33639717
-0.0122549804
-0.0221075024
-0.0219843723
-0.0511579327
-0.0457291752
7.16269207
-0.00219665258
-0.0437531136
-0.0579895452
-0.0676535815
5.51085424
-0.0638174787
4.33399534
5.36191702
6.13891459
-0.0739604011
-0.0261177011
4.26092148
-0.0590321533
-0.0197248198
-0.0540404469
5.30152082
4.33756495
4.94469929
-0.0535137318
-0.00997225475
-0.0142626222
2.82180667
-0.0419951677
-0.00892820675
-0.0344115309
3.9765842
-0.00817152578
0.544178367
-0.0304851364
4.93798208
-0.00495750317
5.3618145
-0.0211454462
7.15408278
7.75103664
-0.00613120291
-0.0349165201
-0.0189004093
0.439356625
7.46029043
5.07026005
4.82014751
-0.0578562357
-0.039999485
2.25886464
5.98587132
0.872651935
-0.063585639
5.53427649
5.61865664
-0.0343899168
4.20986938
-0.0363533907
6.48489952
-0.0564242154
-0.01000439
7.14261198
-0.04447392
-0.00781952124
-0.0240663886
-0.0757327676
-0.0714788958
0.0321138352
-0.0422755107
7.91240549
-0.0200139713
-0.0754899904
6.8932147
5.42682076
2.39937091
4.6620903
-0.0579840653
-0.0340992957
5.27618551
3.13715172
-0.0577931665
3.28857875
-0.00822376367
-0.0791598037
-0.067323871
-0.0390521698
5.35940981
0.780867934
3.63575649
0.444344103
-0.0622101016
-0.0339037441
-0.0318158083
-0.0723600835
-0.0128279123
4.7023859
-0.00686182128
-0.0622627325
6.48235035
1.54782474
-0.0773703381
0.246011689
-0.0412898958
-0.057027705
-0.0113217765
1.83695328
-0.0415097214
-0.0133491848
2.62994075
-0.0663017631
7.59447193
-0.0691713095
0.41695112
0.117243148
7.81330395
0.866431236
-0.0175274014
-0.00477838749
2.17073274
7.69663095
-0.0394159555
-0.0774012432
4.61632013
-0.0248316005
3.72705626
2.05211139
4.3440218
3.76299167
-0.0267970227
-0.0729062855
0.736219943
5.01614189
-0.0519857407
4.46628141
-0.005660336
3.12622809
2.10777354
4.98396301
-0.0699039102
4.4190464
-0.00677126739
-0.0330491886
-0.0729909912
-0.0480848253
-0.0732950494
6.93393564
0.246137425
7.82596302
0.688491166
-0.0394697972
4.05265474
-0.0494234487
-0.0228841323
4.49346495
5.85277224
-0.0268920492
-0.0600839965
-0.021116931
6.23178434
3.89292336
6.31419992
-0.0181368366
7.57957745
-0.000607483729
-0.000396257179
6.78896761
0.308413655
4.81836939
3.63330126
-0.0673716739
1.63925278
5.15746069
0.727590382
-0.0286061708
-0.0671889707
2.57470751
-0.0309606623
1.64194608
-0.0118214283
3.036237
-0.0237524807
-0.0732231736
5.92059469
-0.0235905088
7.97040939
-0.036071144
7.68043661
7.16647005
-0.0679934099
2.20020056
-0.0218702201
4.8175354
2.87056971
7.24463034
-0.057155285
1.72116649
4.50099134
-0.0744321644
-0.0692426637
4.4562459
-0.0213874429
-0.0187432952
1.07591426
1.68151724
2.86499286
7.18117666
-0.0204778593
4.20935154
1.18274844
0.471358091
-0.0163145531
2.39297175
-0.0400621369
-0.0618482195
3.77079773
-0.000152966357
-0.0180820189
0.986763358
-0.0381157324
-0.0383536369
-0.00859630201
7.9418416
-0.0343076997
6.66366243
-0.0014079687
-0.0603780113
5.64522076
-0.00767317042
6.37886429
-0.0087822089
-0.0659534857
2.91086817
5.52833939
-0.0288659558
-0.0244119521
-0.0696097463
0.674741805
6.26130676
5.62179279
3.38894558
6.8371911
2.20320034
4.69914198
0.140091926
-0.0605820082
-0.0478431396
-0.0577796958
4.64596891
-0.0757945552
0.864342988
-0.0209742133
4.85858774
0.826350927
1.79117382
-0.0662055165
-0.030513484
7.99352074
3.5019145
0.411130488
4.306633
5.17343044
-0.0681998879
7.5580759
2.27741742
-0.0080040805
2.88174391
-0.0248776339
6.04736233
4.48420668
2.23670292
-0.0508858971
7.46023369
-0.010781073
6.57139635
-0.0711339414
-0.0601342171
-0.0555175245
-0.0536548644
-0.0283742808
3.34931421
-0.0246363059
7.05446482
6.31881475
5.53493929
-0.039903149
2.16091347
0.813462675
-0.0599727519
-0.0315480642
0.535648465
0.0411703177
-0.0530182533
7.06571198
-0.0553289168
2.53972602
3.53012419
1.68222249
5.48048019
1.01788855
5.20378017
-0.0754602402
-0.0727261081
2.26325965
1.22833967
2.41807961
4.27134418
-0.0133461142
2.22385907
-0.000313910394
2.0346241
-0.0336525328
7.30640268
-0.00272882893
4.87501049
2.95985341
-0.0324105807
-0.06832432
-0.0704139099
-0.00966311991
-0.00251981919
-0.0473563187
1.70656419
-0.0299868006
3.49380612
3.74719596
5.77243805
7.60598612
-0.0590774156
-0.0207135677
0.986419439
-0.0289414562
-0.00536438916
-0.0372045301
-0.0403329805
-0.0645101368
-0.03356608
-0.0185360257
1.84603906
-0.0402767546
5.84492016
-0.0544480532
-0.0276102684
1.24299264
-0.029965613
4.20994186
-0.00027751326
0.235597432
-0.000198446651
-0.0306335222
-0.0762917846
7.12372494
0.087111406
7.46698618
-0.0455768891
-0.0235367846
-0.0719135329
-0.000816927408
6.11743164
2.46816063
-0.00470610335
0.587051988
5.55475807
-0.011051557
6.11929178
3.64012909
4.2217083
-0.0214500241
-0.0159069411
1.12450635
-0.048855152
0.851566851
-0.0682349205
0.0680884644
4.23046589
-0.0352446921
7.82545137
2.88637829
-0.0609902367
7.60132504
-0.0169754066
4.71835566
-0.025746353
7.02317715
4.07944298
-0.0481507368
0.145960256
0.0012464571
-0.0727514625
-0.0580741763
-0.0267134868
-0.00420093583
-0.00688183075
1.70016837
0.248091713
-0.0275254641
1.8090899
-0.0539996698
7.84985161
3.82910967
-0.032122504
-0.0261802468
5.25263023
0.517437279
3.33983684
-0.0320335105
5.05198145
-0.0210627504
2.78090239
7.67836857
1.33923423
4.74807692
3.60518742
3.00869846
-0.0757364556
-0.00406556576
7.47313118
4.52646399
4.41859245
1.24215031
3.54240179
1.33637238
-0.0527180694
2.06440377
1.91577291
5.45867395
-0.0563558862
2.89163041
-0.0749487132
7.17128277
-0.0624167137
-0.0769700184
-0.029809203
-0.055770997
3.04800415
-0.0143396137
4.39955664
6.72833538
5.96508312
3.77339625
-0.0700349957
-0.0579068027
-0.046825327
-0.0279920734
2.59562874
0.407634437
-0.0297995843
-0.0522908121
6.59398651
-0.0252276771
-0.023314083
4.35183668
3.5347929
2.29294562
3.09301305
1.76122522
-0.0492377318
-0.0405569337
0.929386437
-0.0440212712
7.56656981
-0.0323816687
-0.0337593369
-0.0468355492
3.2798121
-0.0292734802
-0.0241914913
6.93920612
4.72648573
-0.0362467915
-0.060500145
2.82595587
-0.0192489289
7.68256855
5.09403944
7.27374172
4.87385321
-0.0335275754
-0.0339791439
3.42626071
-0.0245818365
-0.00921982247
-0.0389689617
-0.00334731769
-0.0476691201
0.617246807
6.92838287
3.13874078
-0.0580363274
1.85083258
1.38928795
-0.04120671
2.71734333
0.496663839
2.20711327
-0.0716014206
-0.0138717815
3.47772884
-0.0639128163
4.33225679
-0.0791709721
0.805641055
6.86559486
-0.0148948068
6.96051359
6.05439377
-0.00360823656
-0.0480870418
7.42262459
-0.0286131669
2.3343668
6.52699137
-0.065686278
1.18613362
0.562436402
3.56988287
6.98671007
6.61167574
-0.0519896336
6.11591959
-0.0518738069
6.7141571
7.95474863
-0.0164808668
-0.000738576404
6.98573971
7.3941021
6.81663513
6.02789068
-0.0785172507
1.08738995
-0.0628318861
7.72790241
-0.0344701372
7.82559156
0.692807734
-0.000974012713
7.01696825
5.61695576
-0.00511667645
-0.0491501763
-0.0619765185
-0.0540009141
-0.00657368451
-0.0388376191
-0.0502081476
3.78588629
4.65228271
1.0844996
4.11652422
-0.0519208126
5.69834423
6.35268402
5.23183727
0.244490549
-0.0661219507
2.70809364
-0.0504350066
-0.0575020984
-0.0282237325
-0.0403124653
-0.0382743552
-0.042316597
4.06010628
7.26455736
-0.0316886641
3.56612039
-0.0781702772
2.45893383
3.08429742
-0.0700601041
-0.0610840209
-0.0309109855
-0.0151333408
0.0403275415
6.32189369
3.25691247
-0.0302435271
-0.0612134784
6.6580863
-0.0327939838
1.83400714
-0.0449394211
-0.0586289912
-0.0554903075
3.96375728
1.69182312
-0.0134647004
0.787752151
-0.00466750748
0.600283027
2.62551093
-0.0450541377
-0.0404055305
4.07583284
5.97016096
-0.066900745
-0.00852032378
3.26025796
-0.0675035641
1.02669954
-0.0701187104
0.762387991
0.0877928957
1.16322684
-0.0560236163
-0.027501177
0.325464666
-0.0614015944
-0.0471357629
1.3303628
-0.0654493347
0.166005671
4.93907356
-0.00745083205
0.211965486
-0.00691224402
-0.0707621127
-0.00601947121
4.91064548
3.57248139
-0.0166482069
5.0632515
3.93287182
1.25298023
-0.0727536306
-0.0248753801
-0.0697984099
7.90597868
6.95332479
-0.0689569339
6.94040918
-0.0749224201
-0.0145812901
4.3035531
4.25324297
7.65333271
2.33409309
-0.01274209
7.88570547
-0.0188032612
5.91392469
6.50827694
-0.019896714
2.92368555
2.58868051
0.628804207
2.45654559
-0.0243568178
-0.0514442176
0.596135795
0.461480647
3.64573026
-0.0443695635
-0.0794442743
-0.0763623491
-0.032261923
2.77599764
0.711125433
0.51093775
5.17376709
-0.0403980725
-0.0246144403
-0.0358960442
6.99856567
3.60038304
-0.0619448535
4.9516511
-0.0129215037
4.25685549
6.14010572
-0.0774966702
-0.0470269397
-0.0638565272
-0.0746277943
1.56455839
3.25258017
-0.0722117871
3.84865737
-0.0156375449
-0.042505715
-0.0452369265
5.81968403
-0.0709689483
0.0623335838
-0.0337178446
5.05257988
3.70427966
-0.0289754067
1.56668282
2.76051044
-0.0286935791
-0.0317176916
-0.0570783317
2.56339884
-0.0446331576
-0.0319198444
-0.0702467784
7.17632389
6.07542229
6.58524275
2.01589012
-0.0116479062
-0.000700673962
7.55664396
7.06538248
2.74148035
4.57287359
-0.0290024877
-0.0133880591
-0.0561251827
-0.0197663698
4.07065773
-0.00423698872
5.58945513
-0.0318821743
3.32122874
4.89241838
6.63585901
0.998175204
7.48457909
0.916588128
-0.0585451573
-0.041142635
-0.0474661179
2.34729362
6.75561762
5.55413437
-0.0652057603
3.59335542
-0.0495229363
-0.0370461456
2.77875066
1.64675272
5.97792721
-0.0498938747
4.18714285
3.58888388
0.941607594
-0.00329692685
5.91158152