2.34393406
-1.75721931
-1.71003902
-1.73712373
3.97536874
2.97053337
6.59301567
-1.75572908
-1.25401795
-1.75714934
-1.73860359
0.0900289118
-1.75719762
-1.7438972
2.51973963
0.75552094
-1.73803318
1.50066471
5.20190239
-1.75744486
5.14119339
3.33096433
-1.62164414
-1.75100231
7.68630791
-1.62939703
-1.75549817
-1.75532758
5.84180307
1.7437607
5.1631999
3.8620708
0.609038293
7.95365143
-1.50632358
0.874866366
5.53769302
1.9924612
6.0807333
1.30038357
3.43910146
-1.75687158
-1.73549008
-1.69762635
-1.75598514
-1.73364902
-1.75513089
-1.70772064
2.28102064
-1.55588996
-1.53782272
-1.7412535
-1.71584809
7.3406949
2.48865509
1.83462501
-1.74898171
3.8519001
-1.75004315
-1.50258577
8.22948265
2.35356641
0.957394421
3.10359025
5.76375771
4.63989401
-1.73507023
-1.7571137
-1.66633368
-1.71532917
-1.74085104
7.44585085
6.32719755
-1.66746485
2.61311293
-1.42710578
6.96904945
-0.847941339
-1.7172426
-1.72759008
1.03167295
-1.71861696
1.42199337
6.68788671
-1.4065336
-1.73838937
8.36421204
0.160148591
-1.75557351
-1.75684595
-1.75469053
2.14252305
4.91020918
-1.25209343
-1.75646961
-1.49358451
8.34040356
0.489447564
7.91940022
6.06514549
-1.75739062
3.71060228
3.05477214
0.621516228
-1.7159512
2.36973929
-1.75458503
-1.13902056
-0.919638515
7.62919807
6.31854534
-1.71820581
0.00985327363
-1.74781704
6.93677616
6.22886753
-1.68819654
2.33591008
1.83192182
-1.75129592
4.41312599
0.662009418
4.68405008
0.510282159
-1.75750411
-1.65262306
-1.75729394
7.2136693
6.36677504
5.57570076
-1.67728007
-1.75660932
6.35480118
7.5137639
-1.75577724
-0.3530384
-1.7563144
4.38103962
4.46899986
-1.75349832
-0.574273527
0.837258995
-1.71712708
6.26105213
-1.24411345
-1.74062455
0.660615087
3.86542106
-1.74336159
-1.67165947
8.32406235
2.51963234
-1.10509098
0.295471281
-1.75401127
-1.73661876
-1.62628984
1.48457706
-1.73467386
-1.73810458
-1.75626278
2.20400023
-1.73510933
6.81560326
6.04590893
-1.75626671
-1.73152184
2.84072208
-1.7399292
-1.75320053
7.32152414
1.19432092
-0.622716665
4.78479862
5.16939831
-1.74568868
-1.75531816
-1.17473757
-1.24047673
-0.720792234
3.8510437
2.914469
8.1394062
-1.75525105
-1.3879416
-1.623698
6.08015537
-1.72658348
-1.74572861
-0.985465407
-1.25434184
-1.70725787
-1.72599816
7.11560965
-1.05035663
6.074718
0.846029699
-1.75677431
8.3935461
5.64903259
7.88439751
7.1677475
5.86199951
-1.74965942
-0.360869944
-1.74007094
-1.39718771
-1.75659227
-1.50454998
8.15863228
-1.71703088
4.7755723
-0.902225971
-1.24518526
7.68806601
8.3286581
0.937533319
3.67170882
-1.75107944
-1.69011247
7.87957478
1.33111703
0.709352672
4.16877079
-1.75662732
1.41512764
0.0479184017
5.92965078
-1.75077713
7.74625349
-1.75597441
-1.74656653
1.59765577
2.94553614
-1.73268664
-1.75408375
6.56120443
-1.72779059
1.58898199
2.00694847
-1.2753067
1.40663302
0.383005142
7.30794096
-1.74261034
3.6344471
-1.7312305
-1.42628944
2.88632154
-1.68643868
-1.66526437
4.2341485
-1.75621665
-0.856151283
8.37962532
8.33998489
-1.75619495
-1.74024117
-1.71703267
7.28361702
6.40279007
6.37599421
-1.54011524
-1.75074017
5.61065865
3.42175364
1.87743914
8.19098091
2.58852935
-1.75743091
5.33090639
-1.68714416
2.74676299
7.37894726
-1.75304294
-1.7543602
-1.75483
0.894754112
-1.71205699
1.76231682
3.65832567
-1.74277341
2.25670338
-1.71782434
-0.294727921
6.81419945
5.8184247
-1.75551689
-1.24050021
-1.70875251
-1.75747514
4.55784416
2.30504274
-1.71911061
4.05538511
0.868810713
-1.20530879
-1.75741088
-1.75613356
6.44048405
6.79053068
0.766428232
5.62494946
1.38708627
-1.75179338
-1.75356758
-1.67631197
6.70736408
4.97817612
6.06384897
6.7064085
-1.74109936
-1.72614002
-1.75504458
4.70909452
6.45777178
-1.36501396
2.0284667
-1.75110686
7.22682238
6.1294651
8.00560284
5.22445107
6.41207027
-1.75722241
3.97693658
-1.63816369
7.24253893
5.08094025
6.12035942
5.22407389
-1.71596432
4.83111477
-1.75477421
6.25657654
6.02838898
-1.73738289
5.32220602
-0.826558232
-1.68022919
4.96511698
-1.73559928
-1.75723803
-1.74513674
-1.64546132
6.12521601
7.84897375
-1.70678401
2.3784802
-1.40496707
8.08871078
0.608830512
7.38411093
-1.75436544
7.90800619
-1.74783087
7.77576447
-1.71685755
-1.75475776
-1.14101315
3.84212041
-1.6689043
1.78550005
0.192035526
-1.47800803
1.28753817
-1.72337115
3.50993443
-1.75749326
7.15443611
0.64642483
3.68888521
4.06747532
2.86847258
-1.5578562
-1.75629246
2.7610352
-1.64191365
-1.66856349
5.85056019
3.69433641
-1.68606484
-1.67495787
-1.35213101
-1.38924754
-1.69124794
-1.7535789
-1.26577878
7.40304899
2.98093033
6.77165127
1.94194627
-1.6853379
0.805882871
-1.75750566
-1.69997358
-1.18549263
1.34464157
2.60078979
-0.754046798
-1.06126666
-1.74008417
-0.613319576
6.74433756
4.97653627
-1.74919045
-1.75580895
0.259767085
2.23489761
-1.63226068
5.35308552
4.22193766
2.90490532
-1.73663831
-1.74383068
-1.75722754
-1.72844911
-0.577036381
5.87951612
-1.75620806
-1.31088197
2.18151379
-1.74486315
3.30095387
-0.151261762
-1.72885346
2.62352514
-1.75745487
4.21901798
4.53980446
-1.75485337
-1.22732997
-1.74826205
7.69896603
0.301891625
-1.75678217
-1.72630906
5.85595751
-0.882089138
5.06717968
2.8171854
8.20206547
1.60466957
7.56571293
6.58034611
1.89382255
3.68626189
0.0803267658
5.55727005
0.804785728
6.67755127
4.0961442
-0.585732937
-1.72079706
-1.7272898
2.31425619
4.46865129
0.358075768
2.13079548
-1.71036994
-1.75606191
-1.70106578
-1.71252108
-1.65986633
0.675007701
-1.75270164
-1.73424006
3.26053238
3.47015691
-1.75645113
-1.35725296
0.716345131
-1.30123961
-1.74195874
-1.26815832
6.80582714
1.41347718
3.28697944
5.9970994
4.46496773
-1.49877357
-1.75745118
-1.59405625
4.26122522
5.94188976
7.62271547
-1.27687716
4.16103935
0.775540292
1.73580158
-1.73800159
-1.73835754
-1.12832344
-1.7571609
-1.63035107
3.01159286
-1.37776315
-1.7498287
-0.714708626
-1.75355434
2.05528831
-1.7571913
-1.43553174
1.08250761
-1.75718939
2.39979529
-1.75292766
-0.805529237
-1.75678074
-1.50401902
-1.74066305
-1.64798474
4.39158869
-1.50392818
4.23659134
5.58005095
-1.72470677
-1.75591242
-1.75729501
0.662682116
8.40405846
-1.59870934
2.52410483
4.72786951
2.55118036
4.27396965
7.55851984
-1.74377787
-1.75728214
-1.75134552
-1.75365543
2.84880948
1.07540643
-1.73881257
3.35324883
4.48688173
-1.74945748
1.80296087
4.16793203
-1.75441337
5.36784124
7.81252146
-1.75477397
-1.7572099
-1.67132556
2.98142362
7.70244265
-1.421646
3.61465883
-1.75610971
3.20446014
2.1390996
-1.75508797
4.58073473
5.88885546
1.68804145
-1.75400794
8.13401222
4.75144434
-1.60558641
-1.19916236
-1.53644419
0.100208119
-1.61948609
5.87679148
5.41877508
-1.75490737
7.7463994
2.27935052
5.52596951
3.48511052
-1.13182855
3.93038344
7.82517958
-1.71369624
5.18120384
0.641732991
-0.407979518
-1.13095272
3.88383174
-1.71487868
5.91272593
5.55999041
-1.75573945
6.4156847
-1.72890997
-0.758530378
1.85481024
-1.5044843
-1.75716579
5.89994383
-1.74727905
-1.74053442
5.00692463
-1.62145102
6.39364147
3.3821435
-1.70907652
-1.75740552
7.5324769
-1.75577879
3.69972277
-0.293650687
4.34006166
3.20437479
2.45280528
-0.240128204
4.92455769
-1.75548542
-1.73765862
3.22417521
-1.67895401
1.37104857
-0.611957788
0.519835234
-1.22428429
4.1344738
-1.64080942
3.4102385
-1.71309984
-1.72516716
-1.75403404
-1.74524939
-1.75410497
0.602916896
4.40772581
-1.74669051
-1.73929393
-0.392749518
3.77554703
8.01234341
0.414175719
-1.70350289
-1.75515342
-1.74493027
-1.73563969
-1.74768639
-1.75735974
0.57385236
-1.71058786
7.9734745
0.897029161
3.31882644
-1.75365126
6.19428062
-0.238734379
6.265872
1.24510956
-0.68066299
-1.07986736
-1.74683309
-1.7567575
7.41481543
-0.527008951
5.41515589
-1.3991046
-1.75616968
2.17613959
-1.75670874
-1.75168109
1.05641007
-1.68189967
8.30336475
-1.75417495
4.44561625
1.78732908
4.88770676
-1.73627591
0.379471779
-0.961604953
-1.05498135
6.05483961
8.23802185
-1.67999291
2.03461647
1.84302902
4.03619337
7.52453566
-1.74171054
-1.74083936
2.69699216
-1.75082099
-1.74858308
-1.75613916
-1.75748372
-0.961742222
1.57708025
-1.69578838
-1.73415792
3.47917938
3.41246772
-0.915501475
3.15016842
7.12646008
4.8387394
2.10237718
2.70968294
7.29049444
-1.22739136
0.749147773
2.48191929
6.86589336
5.49106693
-1.7562505
-1.74971175
-1.67715371
4.18528223
1.16345465
-1.69837391
-1.75378621
3.17190671
3.35776615
7.441926
0.00793787185
-0.166153908
-1.75596309
-1.75698328
-1.16554224
-1.65567398
-1.72570848
-1.7555567
7.76528788
5.64787292
1.26418853
7.57826567
8.39842033
2.89626288
-1.71410036
-1.75697672
4.30819082
-0.661464274
2.54705882
6.99468946
-1.74733949
1.43449473
2.26589489
-0.218001187
-1.75556004
-1.60372722
-1.63598919
2.86015129
6.01392841
-1.64264822
3.25588989
-1.69874811
7.48424482
5.2714262
0.842184901
-0.904720902
-1.66769755
-1.65410161
7.90437698
-1.37862408
0.245380759
8.2058773
2.65046287
0.716050148
-1.31934059
-1.74623775
-1.56552958
4.31112099
2.10827351
4.3707571
-1.74278295
0.82744199
7.18969965
-1.10492373
3.33282399
-1.75398362
7.95417356
1.83026516
-1.73096645
-1.75066543
0.854665518
0.878409743
-1.75547886
8.27544117
6.941854
-0.809340239
-1.75423634
5.58373117
-0.0451076552
3.64136529
0.149149373
-1.71125698
5.62711668
8.07349682
-1.72897184
0.861828268
-1.48512852
7.09211683
0.138539419
6.37693596
6.11973572
-1.70909309
4.87535667
-1.30727971
7.30024338
0.130079746
5.38882685
-1.70364225
-1.6880722
1.4615289
8.38715458
-0.26854226
-1.7517426
0.648586452
-1.61057818
0.872794986
0.730112195
-0.897608936
-1.65656197
-1.74603283
3.32018876
1.20700562
-1.73334527
4.63223743
-1.75691366
4.11379147
3.45013022
5.23516273
-1.47402143
2.75180817
5.3921566
8.08313751
-0.126612544
-1.75703287
0.0385170206
1.51604271
6.21511173
6.29059505
-1.0816294
0.436269343
-0.875529647
3.73955131
-1.34169936
2.60206246
-1.7511282
-0.679047346
7.88788366
-1.62528288
3.23959875
2.5189364
5.91360283
5.92328644
6.04097939
-1.5003109
-1.66454268
3.67690587
4.36085987
6.26021147
-1.75705183
-1.75633681
2.20497632
7.07633018
8.36233425
4.14844275
-1.1468333
-1.7552501
2.24846363
6.26351023
-1.04412615
3.26139569
6.78204918
-1.75686836
4.97853184
-1.69365036
-1.52077055
-1.75204289
0.523943722
1.10833097
4.91760826
-1.74914873
-1.7560128
6.23426485
2.01247692
-1.73029292
6.94015789
-1.75227594
-0.813852847
-1.72378278
-1.72303391
-1.75741386
5.12125254
6.74481821
2.9858551
-1.75071323
-1.06604457
-1.60953188
1.4721868
2.33572841
-1.23439276
-1.72584796
5.80497885
-1.74381077
-1.48024952
-0.414217621
-1.73185945
1.20910788
1.25767946
8.28275299
-1.69170034
8.03482819
2.66003561
-1.71045923
1.10834694
3.12351561
4.11318064
-1.75680661
1.78882265
-0.0896912515
6.79434204
-1.70063901
5.02420235
1.7998929
-1.592574
2.29671288
2.03232741
2.9884367
3.71407461
2.67603517
5.68785858
2.15600681
6.78170681
2.46016359
-1.67542458
-1.07601058
1.33773243
3.90625024
-1.75560474
-1.69182813
4.16045427
-1.74830079
-1.75321245
0.662492394
7.9263134
0.51866591
6.95121908
5.5556469
-1.72209966
5.45843077
-0.443149447
5.15244436
4.14496279
-1.62495518
-1.7543757
7.78179932
-1.75249183
7.84243631
6.0544014
3.76935577
8.06841278
7.85537291
5.12048864
-1.55281639
4.88671732
-1.75736248
0.614824951
-0.905265212
2.90545511
2.89725828
1.4215579
5.42022657
7.40184212
-1.75476074
-1.73324227
-1.7572192
6.45945501
1.03233278
6.98095703
-1.73773336
-1.75647771
5.44440222
6.88230419
-1.68387949
-1.35276091
-1.75257909
7.50219917
-1.68125188
-0.195692897
-1.75530648
6.51030016
-1.75293064
-0.920710325
2.86608052
4.08748102
7.49736691
-1.2760644
4.07283688
-1.7511102
-1.30769706
-1.75522351
-0.275516301
-1.35392642
7.59062576
-1.75710392
-1.53658915
-1.04749346
7.5743804
5.9755497
-1.75520813
3.12151122
0.747525215
8.03311443
-1.57486415
-1.41355491
-1.74580753
-1.75393498
5.85086107
-0.906201601
2.73634052
2.38222456
1.63314176
-1.75726926
4.82136631
-1.72904718
-1.75367653
1.08563435
-1.75633144
4.45761776
-1.74187505
-1.73942387
6.21502972
-1.64492357