0.902983963
0.00050028722
0.0266091395
0.0117901815
0.977763653
0.944127619
0.998120487
0.00134639302
0.222829849
0.000540084729
0.0109674828
0.521408081
0.000512639643
0.00801337324
0.916686177
0.672400773
0.0112847956
0.806628644
0.992972612
0.000372083567
0.992557764
0.959698439
0.0720249936
0.0040204688
0.999335229
0.0682118535
0.00147729146
0.00157403445
0.996165633
0.840186536
0.992710829
0.975294352
0.6409868
0.99948442
0.125269324
0.696914971
0.994885147
0.869474053
0.996943176
0.775151968
0.963496149
0.000697848853
0.0126967942
0.0332529731
0.00120108458
0.0137164807
0.00168554916
0.0278569013
0.897610366
0.103151776
0.111342132
0.00949088018
0.023468338
0.999076486
0.91439873
0.851459682
0.00515930029
0.975060105
0.00456137164
0.126893103
0.99960345
0.903784156
0.713244855
0.950444102
0.995871246
0.988061786
0.012929488
0.000560345652
0.0496066436
0.0237497725
0.00971545186
0.999164462
0.997580767
0.0490251593
0.923226714
0.158438906
0.998685181
0.341105759
0.0227113497
0.0170575138
0.727483153
0.0219641607
0.794681013
0.998282552
0.166645274
0.0110866176
0.999651194
0.538031578
0.0014345774
0.000712414447
0.00193518726
0.884845316
0.99074477
0.223490432
0.000926141802
0.130778685
0.999643207
0.614396214
0.999467432
0.996897578
0.00040294652
0.97157222
0.948209345
0.643715024
0.0234124362
0.905114353
0.00199489878
0.260425925
0.322912157
0.999298096
0.997560859
0.0221877974
0.502344429
0.00581449363
0.998644292
0.997344077
0.0382399857
0.902312875
0.851134062
0.00385480886
0.985228539
0.652504086
0.988547444
0.619083166
0.000338431826
0.0565988459
0.000457913527
0.998957992
0.997669995
0.995065928
0.0439493135
0.000846801209
0.997643292
0.999216676
0.00131902215
0.4441953
0.00101424137
0.984777451
0.985982716
0.00261014374
0.402398318
0.689301848
0.0227740966
0.997424006
0.226217687
0.00984177366
0.652203143
0.975371122
0.00831303373
0.0468625873
0.999637604
0.916678369
0.270833343
0.569843709
0.00231984397
0.0120705534
0.0697438344
0.80422914
0.0131491171
0.0112450114
0.00104352133
0.890674353
0.0129078049
0.99847883
0.996840477
0.0010412595
0.0148920156
0.937241316
0.0102293603
0.00277864211
0.999059618
0.757071376
0.392393202
0.989583671
0.992753446
0.00700959424
0.00157943543
0.249144331
0.22745426
0.3710756
0.975040317
0.941245317
0.999568045
0.00161740428
0.173925281
0.071017839
0.996941507
0.0176103935
0.00698724389
0.305300415
0.222718537
0.0281056128
0.017931588
0.998856187
0.287018657
0.996925652
0.691086829
0.000753079308
0.99966073
0.995397031
0.999449432
0.9989115
0.996238351
0.00477762707
0.44281581
0.0101503655
0.170320809
0.000856470899
0.126040578
0.999575794
0.0228263009
0.989492774
0.32742247
0.225852549
0.999336302
0.999639153
0.709363163
0.970531762
0.00397696812
0.0372308902
0.999446809
0.780209005
0.662649333
0.981432617
0.000836576452
0.793612778
0.511399567
0.99647212
0.00414757105
0.999372065
0.00120723294
0.006517014
0.820621192
0.942859292
0.0142487111
0.00227882434
0.998062789
0.0169472937
0.819402754
0.871030867
0.215446636
0.792285442
0.590134978
0.999047339
0.0087331906
0.969500422
0.0150527917
0.158767596
0.939746141
0.0391639657
0.0501557402
0.982533216
0.00106969639
0.339072198
0.9996562
0.999643087
0.00108203571
0.0100554824
0.0228253584
0.999025106
0.997748315
0.99769032
0.110311165
0.00416837959
0.995226622
0.96291101
0.856539965
0.999588668
0.921551824
0.000380048994
0.99377948
0.0387933739
0.931771159
0.999109566
0.00286778831
0.00212227646
0.00185609155
0.700898111
0.025520321
0.842543662
0.970165312
0.00864198804
0.895463705
0.022395229
0.454255641
0.998476803
0.996079743
0.00146677042
0.227446273
0.0273019318
0.000354918011
0.987104654
0.899692595
0.0216955058
0.979360521
0.695696235
0.239211157
0.000391440757
0.00111688045
0.99782747
0.998442113
0.674683392
0.995290875
0.78920722
0.00357396435
0.00257103681
0.0444523692
0.998314023
0.991319478
0.996893764
0.998312473
0.00957692787
0.0178537965
0.00173449679
0.988814175
0.997862875
0.182729706
0.873314083
0.00396156451
0.998970985
0.99708122
0.999509335
0.99312073
0.997768044
0.000498495006
0.977796018
0.0638623461
0.998986185
0.992121935
0.997056007
0.993118286
0.0234053135
0.990028441
0.00188776874
0.99741298
0.996787548
0.0116462028
0.993728161
0.346344113
0.0424136259
0.991211832
0.0126362061
0.000489630969
0.00731908716
0.0602105297
0.997069538
0.999430478
0.0283601526
0.90582639
0.167263657
0.999546587
0.640941203
0.999113858
0.00211933372
0.999461591
0.00580672594
0.99938941
0.0229204576
0.00189704483
0.259805471
0.974832714
0.0482841544
0.845448732
0.545565486
0.137421533
0.773013949
0.0193705671
0.965794504
0.00034454561
0.998897672
0.649133384
0.970995724
0.979591787
0.938777089
0.102251314
0.00102665788
0.932629645
0.0619892962
0.0484596901
0.996197343
0.971141517
0.0393602252
0.045155108
0.187595025
0.173418075
0.0366318822
0.00256457389
0.218768314
0.999129713
0.944647312
0.99841392
0.863920212
0.0397416726
0.682870567
0.000337534584
0.032003589
0.245679483
0.782408297
0.922391236
0.363503754
0.283850074
0.0101429913
0.394360125
0.998372257
0.991306007
0.00504179811
0.00130106346
0.561495125
0.893504977
0.0667955428
0.993908644
0.982332647
0.94073993
0.0120597426
0.00805063546
0.000495625718
0.0165852122
0.401836544
0.99630034
0.00107458211
0.202790529
0.888572872
0.00747241825
0.958579183
0.477523863
0.0163627602
0.923926234
0.00036644956
0.982284307
0.986884236
0.00184283906
0.231891602
0.00556425191
0.999343216
0.571340859
0.000748638005
0.0177610386
0.996216714
0.332564086
0.992018878
0.935910702
0.99959296
0.821601748
0.999254405
0.998097718
0.858445346
0.970925391
0.519103408
0.994979084
0.682644367
0.998265564
0.980130196
0.400061458
0.0207765419
0.017222533
0.900481284
0.985978186
0.584384143
0.883703172
0.0264307521
0.0011575789
0.0314211249
0.0252696127
0.0529177599
0.655303776
0.00306079513
0.0133893471
0.957024395
0.964521587
0.000936580414
0.185667694
0.664135456
0.206261024
0.00909719802
0.217941359
0.998464584
0.793355346
0.958047926
0.99669075
0.985929668
0.128542945
0.000368514244
0.0853439048
0.982969999
0.99651283
0.999293804
0.214896441
0.981298089
0.676583946
0.83916676
0.0113023194
0.0111043258
0.263739049
0.000533454528
0.0677404851
0.9461537
0.177857175
0.00468224473
0.372441351
0.0025785265
0.876111507
0.000516180997
0.155030861
0.736968637
0.000517301494
0.907542706
0.00293295295
0.351415068
0.000749431434
0.126271188
0.0098202955
0.0589411072
0.984927177
0.126310647
0.982573032
0.995086253
0.0186395254
0.00124235882
0.000457229646
0.652649283
0.999664187
0.0831243247
0.917002916
0.989010155
0.918943226
0.983171821
0.999249279
0.00808017049
0.0004645765
0.00382683706
0.00252127904
0.937692583
0.735656381
0.0108512174
0.96051085
0.986216068
0.00489139697
0.847607791
0.981418073
0.00209213817
0.993993104
0.999410391
0.00188786315
0.000505657517
0.0470350944
0.944671869
0.999345362
0.160632566
0.968938589
0.00113039603
0.954775214
0.884512901
0.00170995062
0.987379014
0.996332884
0.832936883
0.00232172851
0.99956578
0.989251316
0.0798240751
0.241229296
0.111960918
0.523825109
0.0730807781
0.996290803
0.994275749
0.00181223964
0.999372184
0.897464216
0.994828045
0.965005338
0.262656718
0.976813436
0.999417543
0.0246340837
0.992833853
0.648115635
0.434370846
0.262927473
0.975788534
0.0239938516
0.996415019
0.994991958
0.00134046981
0.997775733
0.0163316298
0.362468868
0.853873074
0.126069099
0.000530690886
0.996371269
0.0061169113
0.00989205204
0.991551876
0.0721195042
0.997728646
0.961540818
0.0271275602
0.000394466362
0.999230504
0.00131816883
0.971284807
0.45443812
0.984181583
0.954771698
0.911689997
0.46335119
0.990869164
0.00148456683
0.0114929974
0.955578506
0.0430782475
0.786656678
0.394644111
0.62122494
0.232912332
0.980828345
0.0625416711
0.96251756
0.0249567591
0.0183872171
0.00230698148
0.00725594908
0.0022667828
0.639644921
0.985153556
0.00644744933
0.0105832238
0.437128872
0.973230541
0.999512434
0.597290933
0.030118892
0.00167279947
0.00743481703
0.0126138031
0.00588798942
0.000420508062
0.633244514
0.0263132062
0.999494076
0.701351881
0.959249258
0.00252363551
0.997255385
0.463579386
0.997435749
0.765850604
0.379976273
0.27838248
0.00636736769
0.000762631709
0.999139428
0.411847532
0.994256079
0.169569552
0.00109633524
0.888065517
0.000790341466
0.00363741233
0.732125521
0.0415415615
0.999630332
0.0022272123
0.985671759
0.845676124
0.990546346
0.012260871
0.589321315
0.311789036
0.285678953
0.99686712
0.999606669
0.0425368622
0.873960197
0.852468491
0.978988051
0.999224663
0.00923576113
0.00972197764
0.928697407
0.00412282068
0.00538368942
0.00111368997
0.00035001355
0.311752111
0.817720413
0.0342290699
0.0134348134
0.964814186
0.962593973
0.323989242
0.952490866
0.998867989
0.990099728
0.880894423
0.92949307
0.999031425
0.231870979
0.671063304
0.913895547
0.998549759
0.994654298
0.00105049543
0.00474817539
0.0440150276
0.981716931
0.751627803
0.0328554437
0.00244724611
0.953418434
0.96067363
0.999161363
0.501888692
0.475201249
0.00121362368
0.000634380267
0.252081543
0.0550518446
0.0180904791
0.00144417817
0.99938333
0.995391965
0.76909101
0.999263227
0.999662399
0.940279722
0.0244153813
0.000638153637
0.983702302
0.384146124
0.918650568
0.998716831
0.00608289056
0.796615481
0.896279812
0.466951489
0.00144222996
0.0807186142
0.0649449304
0.938320339
0.996743143
0.0616215654
0.956842303
0.0326563306
0.999194443
0.993419588
0.690304995
0.326779902
0.0489054099
0.0558497943
0.999459803
0.177526116
0.558121085
0.99959451
0.925708771
0.664072871
0.199721023
0.00670163799
0.0987198427
0.983746946
0.881482065
0.984629929
0.00863663387
0.687297344
0.998933971
0.270883948
0.959766865
0.0023355193
0.999484777
0.850934207
0.0151985371
0.00421052054
0.692838669
0.697626889
0.00148826826
0.999620438
0.998650849
0.350501925
0.00219244836
0.995103359
0.493502349
0.969694495
0.535428584
0.0259522591
0.995300412
0.999540091
0.0162976012
0.694287479
0.134397522
0.998830378
0.53291589
0.997692347
0.997054219
0.0271186195
0.9904356
0.204090625
0.999040306
0.530911267
0.994111121
0.030044334
0.0383053869
0.800752461
0.999658704
0.458655983
0.00360266143
0.649601817
0.0774137154
0.696498394
0.667051852
0.328608334
0.0546006039
0.00681654923
0.959299922
0.759284735
0.0138844913
0.987975538
0.000673974981
0.980454743
0.963863492
0.99319011
0.139105424
0.932075739
0.994129777
0.999544203
0.481323272
0.000606204849
0.509163558
0.80890131
0.997309208
0.997495294
0.277860194
0.602338254
0.334222019
0.972323358
0.191492394
0.922477961
0.00394945452
0.38032937
0.99945122
0.070239231
0.9561975
0.916627765
0.996417999
0.996450782
0.996825695
0.127878338
0.0505259261
0.970672965
0.984486759
0.99742198
0.000595439982
0.00100148621
0.890764773
0.998812675
0.999650598
0.981076837
0.257987231
0.00161805667
0.89472729
0.997430027
0.288815618
0.957058251
0.998429477
0.000699710101
0.991322398
0.0353619829
0.118936241
0.00343299541
0.622144639
0.741704941
0.990809083
0.00506531121
0.00118537934
0.997357547
0.871620774
0.0155699002
0.998648584
0.0033013518
0.349417329
0.0191453863
0.0195550527
0.000389739871
0.992416143
0.998372912
0.94489193
0.00418360252
0.282453567
0.0779199451
0.802365839
0.902297676
0.229514092
0.0180139896
0.996029496
0.00806176662
0.136471853
0.43323338
0.0147056514
0.75965023
0.767989099
0.99962306
0.0363929756
0.999522805
0.926332831
0.0263825972
0.741707921
0.951329768
0.980443597
0.000734715723
0.845861495
0.486912131
0.998447657
0.0316488296
0.99168843
0.847230136
0.0860486329
0.898974895
0.87372005
0.945019662
0.971663356
0.927365303
0.995563269
0.886146486
0.998429
0.912252247
0.0449130535
0.279522985
0.781286776
0.976287544
0.00141689973
0.0363255255
0.981287837
0.00554246129
0.00277190888
0.652608335
0.99947089
0.620963037
0.99866271
0.994971275
0.0200656019
0.994486511
0.427897453
0.992636323
0.981015205
0.0704003423
0.00211351993
0.999392986
0.00317937043
0.999426961
0.996865809
0.973076582
0.999537826
0.999433935
0.992410779
0.104555778
0.990537584
0.0004189662
0.642253101
0.326639533
0.940769017
0.94033289
0.794613361
0.994283497
0.999128759
0.00189533527
0.0139414463
0.000500398339
0.997866333
0.727607548
0.998700023
0.0114514139
0.000921553874
0.994412839
0.99857223
0.0405059494
0.187358484
0.00313006085
0.999208033
0.0418799147
0.470532686
0.00158603932
0.997966826
0.0029312952
0.322632551
0.938646138
0.979968965
0.999204338
0.215181276
0.979693592
0.00395964365
0.203940183
0.00163307891
0.45749101
0.186920449
0.999271929
0.000565892959
0.111895852
0.287845582
0.999260604
0.996622443
0.00164178852
0.951241314
0.670722306
0.99952209
0.0943861529
0.163862452
0.00694293715
0.0023630308
0.996198356
0.326397955
0.931137741
0.906130016
0.825538993
0.000471895532
0.989936352
0.0162560977
0.00250935252
0.737544954
0.00100452302
0.985832214
0.00914390292
0.0105108749
0.997308969
0.0604805164