2.01440263
-0.0038020967
-0.0957804173
-0.0522143282
3.69940734
2.66922998
6.26307964
-0.00889828242
-0.27837038
-0.0040631895
-0.0493733324
0.0446766503
-0.0038834631
-0.0386132225
2.19835186
0.483498991
-0.0504763275
1.15206814
4.91609526
-0.0029379793
4.85669231
3.04246521
-0.184095278
-0.0221621431
7.31054592
-0.178339019
-0.00962612964
-0.0101565169
5.53859091
1.39438736
4.87823296
3.58489776
0.371547639
7.56594944
-0.243454665
0.580286324
5.24351692
1.64879763
5.76961994
0.959354639
3.15366697
-0.00507113477
-0.0552771166
-0.112055629
-0.00807528663
-0.0586426966
-0.0107605066
-0.0989594758
1.94866824
-0.223084807
-0.231269255
-0.0441125445
-0.0874982923
6.98002148
2.16581392
1.48673046
-0.0271471124
3.57459831
-0.0245655403
-0.244740367
7.8292675
2.02447295
0.649905741
2.80744839
5.4629817
4.36327934
-0.056052316
-0.00419496978
-0.146476075
-0.0882576182
-0.044926919
7.08063459
6.00731373
-0.145367146
2.29608202
-0.264575481
6.6240406
-0.224573925
-0.0854382217
-0.0691504776
0.71430856
-0.0833789036
1.07550204
6.35423422
-0.268230885
-0.0497885384
7.95782518
0.0820071474
-0.00938995369
-0.00516225351
-0.0120864324
1.80432045
4.63001776
-0.278344035
-0.0064677638
-0.247706786
7.93510962
0.286203891
7.53323984
5.75456667
-0.00314955227
3.4311552
2.75679135
0.380773723
-0.0873470455
2.0413847
-0.0123986257
-0.271821111
-0.239090845
7.25595856
5.99897909
-0.0839980096
0.00471089035
-0.029895626
6.5930953
5.91255188
-0.123319492
2.00601482
1.48397207
-0.0214118119
4.13813019
0.41111964
4.40696764
0.300663173
-0.00270435773
-0.159241021
-0.00352060958
6.85842371
6.04543114
5.28046465
-0.135353953
-0.00598959206
6.03389978
7.14558935
-0.00874451641
-0.0995675251
-0.00699075963
4.10616255
4.19373035
-0.0155192269
-0.159141272
0.549275339
-0.0856099725
5.94357824
-0.278200924
-0.0453826711
0.410064548
3.58828998
-0.0397494584
-0.141175389
7.91951847
2.19823956
-0.268232971
0.160247728
-0.0140673779
-0.0531688854
-0.180680543
1.13632715
-0.0567800477
-0.0503385402
-0.00716284569
1.86832082
-0.0559802614
6.47685289
5.73598623
-0.0071495818
-0.0624262281
2.53396726
-0.0467707962
-0.0163467806
6.96167517
0.860555112
-0.171579257
4.50647593
4.88429928
-0.0347216129
-0.0101859486
-0.274851322
-0.278117895
-0.195781454
3.57373095
2.61085725
7.74329758
-0.0103923306
-0.270985931
-0.182598114
5.76906204
-0.0708201751
-0.0346333757
-0.251012892
-0.278374523
-0.0995859951
-0.0717818886
6.76450348
-0.261160582
5.76381111
0.556466579
-0.00541508198
7.98580933
5.35169411
7.49980879
6.81444597
5.55814505
-0.0255078562
-0.101733387
-0.0464891121
-0.269678354
-0.00604825467
-0.244068772
7.7616477
-0.0857527331
4.4973731
-0.235700339
-0.278223276
7.3122263
7.92390251
0.632959902
3.39155459
-0.0219657905
-0.121099979
7.49520159
0.988434851
0.447369963
3.89394093
-0.00592744164
1.06887054
0.0233229529
5.62360859
-0.0227331538
7.36783266
-0.00811045244
-0.0327597298
1.24780512
2.64321256
-0.0603680499
-0.0138593866
6.23250008
-0.0688154101
1.23918808
1.66375971
-0.278443515
1.06067741
0.215118036
6.9486742
-0.0413241759
3.35356855
-0.0629360899
-0.264733285
2.58152366
-0.125326529
-0.14751631
3.95944357
-0.00731598539
-0.226307511
7.97252941
7.9347105
-0.00738795428
-0.0461499467
-0.0857501552
6.92539167
6.0801053
6.05430841
-0.230281904
-0.0228262581
5.31442976
3.13585329
1.53050351
7.79252243
2.27035451
-0.00299282139
5.0421052
-0.1245244
2.4358542
7.01662683
-0.01678041
-0.0130586671
-0.0116700353
0.596869588
-0.0929559469
1.41317928
3.37791681
-0.0409841351
1.92328358
-0.0845701545
-0.0833515301
6.47550535
5.51595068
-0.00956807286
-0.278118491
-0.0975529775
-0.00281920913
4.28196907
1.97375822
-0.0826320127
3.7800324
0.57526195
-0.276769519
-0.00307096425
-0.00759042939
6.11638498
6.45278883
0.492144167
5.32831001
1.04187441
-0.0201232042
-0.0153256208
-0.136373922
6.37294102
4.69682884
5.7533145
6.37202311
-0.0444252156
-0.0715495199
-0.0110232504
4.43172646
6.1330204
-0.273722112
1.68600631
-0.0218961481
6.87101841
5.81666374
7.61555815
4.93814182
6.08903837
-0.00379026611
3.70098877
-0.171472475
6.88606596
4.7976656
5.80787563
4.93777323
-0.0873277709
4.55214262
-0.0118371975
5.93926382
5.7190609
-0.0517214909
5.03361654
-0.219979852
-0.132200986
4.68399906
-0.0550745539
-0.00373165822
-0.0359361582
-0.165447012
5.81256342
7.46597147
-0.100224786
2.05052638
-0.268482566
7.69490433
0.371394485
7.02156687
-0.013043507
7.52235746
-0.0298634972
7.39603043
-0.0860098898
-0.0118860463
-0.272011101
3.56469107
-0.143942937
1.4367063
0.0997124314
-0.252425909
0.947257996
-0.076018624
3.22629881
-0.00274704141
6.80169678
0.399367571
3.40904951
3.79219699
2.56291413
-0.222136527
-0.00706383679
2.4507668
-0.168412492
-0.144281447
5.5470705
3.4145999
-0.125749767
-0.137788355
-0.274960548
-0.270808578
-0.119768552
-0.0152935674
-0.278461128
7.03968668
2.6800468
6.43466663
1.59673083
-0.12656936
0.52375859
-0.00269808434
-0.109112412
-0.275600672
1.00129211
2.28318596
-0.20363079
-0.262687117
-0.0464627892
-0.169188783
6.40844488
4.69521809
-0.0266455896
-0.00864331797
0.13881965
1.90053308
-0.176139042
5.06374121
3.94721937
2.60089254
-0.0531322025
-0.0387551226
-0.00377131207
-0.0677094534
-0.159858018
5.5751009
-0.0073444983
-0.277608842
1.84489584
-0.0365329236
3.01153755
-0.0429605767
-0.0670259446
2.30697751
-0.0028990861
3.94429517
4.26406908
-0.0115999412
-0.277727515
-0.0288551692
7.32264376
0.164159954
-0.00538757769
-0.0712719858
5.55229568
-0.231667742
4.7841754
2.50940466
7.80310154
1.25478065
7.19526482
6.25090122
1.54729378
3.40637851
0.0396857858
5.26255083
0.522872269
6.34430647
3.82102489
-0.162108511
-0.0800506696
-0.0696507543
1.98338485
4.19338369
0.199156374
1.79212797
-0.09532094
-0.00782554131
-0.107722595
-0.0922987312
-0.152649045
0.420990437
-0.0177098066
-0.0575717315
2.96983528
3.18553138
-0.00653015543
-0.274493009
0.452793121
-0.277959883
-0.0426717736
-0.278464496
6.46747017
1.06727767
2.99712634
5.68882418
4.18972111
-0.246018797
-0.00291334931
-0.202423722
3.98653507
5.63544655
7.24976206
-0.278432608
3.88618636
0.499398112
1.38633823
-0.0505369715
-0.0498501398
-0.270760953
-0.00401990162
-0.177610621
2.71193194
-0.272287458
-0.0250934809
-0.194324106
-0.0153627461
1.7137717
-0.00390673475
-0.262882084
0.759277999
-0.00391409313
2.07282257
-0.0170956198
-0.215355903
-0.00539249321
-0.244251192
-0.0453052968
-0.16329439
4.11667538
-0.244282335
3.96188879
5.28469276
-0.0738806576
-0.00831075944
-0.00351603539
0.411629021
7.99583912
-0.19955112
2.20292115
4.45027733
2.23126268
3.99927878
7.18838692
-0.0388674736
-0.00356512284
-0.0212844182
-0.0150784198
2.54240489
0.752954125
-0.0489668511
3.06541228
4.21150684
-0.0259996038
1.45446098
3.89309955
-0.0129032079
5.07813072
7.43114853
-0.0118376948
-0.00383750838
-0.14151375
2.68055987
7.32596636
-0.265610605
3.33337688
-0.00766867027
2.91190267
1.80076075
-0.0108916657
4.30467033
5.58413887
1.3381846
-0.0140769165
7.73814774
4.47355843
-0.195149094
-0.276437134
-0.231856048
0.0499585792
-0.185647175
5.57246399
5.12777328
-0.011437729
7.36797237
1.94692445
5.23211575
3.20086336
-0.27111575
3.65399027
7.44324207
-0.0906209499
4.89585018
0.39584735
-0.11469125
-0.271027774
3.60692382
-0.0889133289
5.60723639
5.26519489
-0.0088650547
6.09251738
-0.0669300407
-0.20467332
1.50734842
-0.244091362
-0.00400183396
5.59486914
-0.0311385188
-0.0455636084
4.72505999
-0.184234932
6.07129812
3.09514213
-0.0971086025
-0.00309166242
7.16348457
-0.00873971358
3.42008281
-0.0830505937
4.06529427
2.91181445
2.12829137
-0.0680471212
4.64413023
-0.00966623239
-0.0511950701
2.93228292
-0.133572876
1.02649987
-0.168841451
0.307351589
-0.277617306
3.85952711
-0.169321522
3.1240232
-0.0914749354
-0.0731359124
-0.0140022375
-0.0356894806
-0.0137981884
0.367043257
4.13275242
-0.0324796848
-0.0480250344
-0.110516064
3.49716759
7.6219945
0.235446051
-0.104573421
-0.0106918355
-0.0363868773
-0.0549995825
-0.0301991161
-0.00326887262
0.345853716
-0.0950174779
7.5848794
0.598774612
3.02995992
-0.0150901489
5.87919855
-0.0676551834
5.94822359
0.90755403
-0.18605496
-0.2651591
-0.0321563631
-0.00547414925
7.05094433
-0.146754876
5.12424707
-0.269391924
-0.00747117959
1.83930027
-0.00564482016
-0.0204162095
0.736103594
-0.13038367
7.89976835
-0.0135966297
4.17047119
1.43856478
4.6078763
-0.0538130328
0.212839633
-0.246864751
-0.261814445
5.74461317
7.83741665
-0.132456228
1.69236898
1.49531043
3.7607131
7.15589046
-0.0431808196
-0.0449505039
2.38382721
-0.0226222724
-0.0280973837
-0.00757193612
-0.00278512388
-0.246889204
1.22738123
-0.11432001
-0.0577210635
3.19478273
3.12631345
-0.238293692
2.85571885
6.77489853
4.55965519
1.7626065
2.3970964
6.93197489
-0.27772963
0.478466809
2.15876365
6.52510643
5.1981616
-0.00720371166
-0.0253801141
-0.135487542
3.91049623
0.832287073
-0.111124687
-0.0147087853
2.87822533
3.07006216
7.07687998
0.00379168568
-0.0471763127
-0.00814697146
-0.00467045186
-0.27414909
-0.156504393
-0.0722554252
-0.00944314804
7.38602018
5.35056782
0.925359368
7.20726681
7.9904604
2.59188604
-0.0900396183
-0.00469444506
4.03347588
-0.181311905
2.2269485
6.64862251
-0.0309994668
1.08759832
1.93287706
-0.0618183836
-0.0094323596
-0.196357965
-0.173212394
2.55423594
5.70508814
-0.167804241
2.96504259
-0.11065647
7.11735821
4.98404217
0.55331105
-0.236191764
-0.145137832
-0.157921955
7.51889133
-0.272182882
0.130343616
7.80674076
2.33516145
0.452564001
-0.277220547
-0.0334993377
-0.218321919
4.0364027
1.76872885
4.0959115
-0.0409641452
0.541256428
6.83546972
-0.268213689
3.0443809
-0.014146667
7.56644869
1.48228204
-0.0633967593
-0.0230144933
0.563571692
0.583231807
-0.00968662091
7.87312508
6.59796476
-0.216201395
-0.0134189716
5.28826904
-0.012827076
3.36062479
0.0760052875
-0.0940821767
5.3304143
7.68038034
-0.066825144
0.569483221
-0.250332028
6.74199533
0.0702672303
6.05521441
5.80727339
-0.0970857888
4.59571934
-0.277751267
6.94130611
0.0657283068
5.09858894
-0.104391329
-0.123462334
1.11384952
7.97971296
-0.0760242715
-0.0202558674
0.400992215
-0.191832498
0.578566372
0.463521659
-0.234786093
-0.155697033
-0.0339570642
3.03136349
0.872237623
-0.059189599
4.35569906
-0.00492112478
3.83875728
3.16498661
4.94861174
-0.253553003
2.44112611
5.10183525
7.68958378
-0.0359748751
-0.00449057529
0.0186651219
1.167153
5.89928818
5.97205019
-0.265384465
0.250101328
-0.230329379
3.46059728
-0.275814563
2.28451777
-0.0218413547
-0.185657933
7.50313807
-0.181429356
2.94821858
2.19751096
5.60808468
5.61745262
5.73122454
-0.245507181
-0.148213848
3.39684939
4.0860424
5.9427681
-0.00442150747
-0.00691553066
1.8693378
6.72686911
7.95603371
3.87354827
-0.272552282
-0.0103958687
1.91468537
5.94594765
-0.260264218
2.97072673
6.44464731
-0.0050827954
4.69717836
-0.116910808
-0.238174871
-0.0194681156
0.310239345
0.78238672
4.63729525
-0.0267461687
-0.00798531529
5.91775465
1.66947269
-0.0645640641
6.5963378
-0.0188511033
-0.217198297
-0.0753631815
-0.0765535906
-0.00305931829
4.8371644
6.40890598
2.68516946
-0.0228943061
-0.263338089
-0.192536294
1.12423265
2.00582504
-0.277954638
-0.072027646
5.50292635
-0.0387974791
-0.251778007
-0.116397262
-0.0618329793
0.874177396
0.919275939
7.8801012
-0.119234592
7.64346266
2.3451755
-0.0951966867
0.782401204
2.82810545
3.83814406
-0.00530118868
1.44008255
-0.0254963823
6.45644617
-0.108267277
4.74201822
1.45133913
-0.203321278
1.96505678
1.69000053
2.68785453
3.43468809
2.36191082
5.38937616
1.81834579
6.44431925
2.13599277
-0.137302518
-0.264660448
0.994719326
3.62959909
-0.00929183885
-0.119083531
3.88559937
-0.0287640374
-0.0163139123
0.411485314
7.53984165
0.306530952
6.60694456
5.26097202
-0.0780246705
5.16639423
-0.124276273
4.86770582
3.87005568
-0.181672022
-0.0130135445
7.40179729
-0.018274663
7.45972633
5.74418926
3.49088049
7.67552662
7.47208405
4.83641672
-0.224543914
4.6069026
-0.00325842644
0.375818849
-0.236298725
2.60146523
2.5929234
1.07508123
5.12918711
7.03853273
-0.0118770469
-0.0593745224
-0.00380282989
6.13464022
0.714887619
6.63545752
-0.051051829
-0.00644030422
5.15273476
6.54085016
-0.128199592
-0.274904788
-0.018040318
7.13452959
-0.131091118
-0.0555257238
-0.0102219097
6.18355083
-0.0170876198
-0.239296526
2.56041956
3.81231618
7.12990761
-0.278438538
3.79759026
-0.0218874589
-0.277735442
-0.0104772691
-0.0779781491
-0.27480033
7.21908426
-0.00423092116
-0.231794551
-0.26075086
7.20355272
5.66799402
-0.0105243996
2.82602787
0.477187932
7.64182663
-0.213427722
-0.267057419
-0.0344582349
-0.0142855719
5.54736137
-0.236482531
2.42496181
2.05444288
1.2831645
-0.00361390854
4.54253435
-0.0666971058
-0.0150190219
0.762066543
-0.00693345629
4.18241072
-0.0428435914
-0.0477695949
5.89920902
-0.165900916