-2.6725710268988596
7.31231616842677
-7.754660700344115
6.994556211235963
7.393240897831344
-6.122940808906648
7.993152112284987
-0.33726597852214724
-4.118509090468136
1.6704245452604987
-4.727789712353701
6.642023353496903
0.8332686807650322
4.408222113020324
-1.9094120900332392
0.5384020386602089
-2.251847111174788
-3.8150139618343584
0.20506464038037642
-0.04356331038426653
-6.422268294952319
7.701095309545227
-0.4881532476390653
5.435698905018958
6.629287982359825
-2.068721257099865
-1.3771172707420067
1.0003956394296694
-4.459614426940396
-5.665236590359223
-3.827614241443687
6.956132004741656
1.2662868165984076
-1.318750823117222
-5.5614174370537075
-2.7221554243542414
-1.9225636041415335
5.333803444591762
-0.011176282090840317
2.4737274579363504
2.9575457975344985
-3.8827718778418756
5.145471035077701
7.464132276005499
2.2671112703793153
-0.15047067870748165
-5.308261664775344
4.719608229658146
-5.2917486262370925
3.525016492193499
-0.18693885993388193
6.670390235109869
0.6741896856216822
2.2689514109178646
-7.060287174708318
-7.458819885364951
5.547158130923558
7.123009779214371
2.691448694290445
4.229421497152307
-1.4017244413505168
5.480715469205576
-4.297065726760872
3.3147130192553576
-7.853736612949412
0.09172671508904173
-2.02878891701101
1.885363774028848
2.668075672853435
1.8643097773494066
-0.26873354205079814
-0.19432985595086016
-7.894202288125458
0.8262969745801101
-7.810384509953721
0.47068234946640963
-3.6041482048346882
7.639669571720187
-7.725718438361165
5.010515534622558
2.7845272339073652
4.898683183158862
6.556373855980258
-6.2877371408881135
-6.458977755977465
-5.617640228155992
-4.929087088134189
0.42329576640345934
5.043430251412522
-3.722804213173827
-1.649657240030857
-2.0311746645810853
-1.5035614420178245
1.0400349191675051
7.843728506235637
-4.386283957961245
2.944666007526168
5.565873632504571
2.4597715129464497
5.731506544338995
4.153373602829516
-6.503991913166249
-1.9317756441629452
0.8432230324751249
-7.102160973936549
-7.84879723753391
-5.257862796463238
-0.0022657101953278413
-1.057445568453403
4.550020972641779
1.0537060472165596
5.72736501381871
-6.474210632468319
0.4505469702663678
-7.319171878127278
-4.617327105847245
5.889870249305689
6.200868912551897
-0.3919953976756272
-7.255008468132107
-6.810431041189583
6.809356961294771
6.388986413840138
1.0161578247677365
-7.47357151754445
6.8602617800745485
-2.9682449083735847
7.383507038016093
1.3925776653518138
4.036071517549841
3.4033823991897556
-1.6272636736780477
-6.769000136938466
-5.400795988564706
-4.152444891131411
5.354408961468032
-1.7734942821222592
6.344412272043517
-2.692322566050743
4.089748232334276
-5.760790492236843
7.815647326625649
3.586617121509038
0.01268562620360214
7.589173238975942
-7.1408570888417024
-1.0065879545040133
5.418794521810799
-2.5505160563983047
4.304090453847078
7.277734350634653
-1.652751211056648
4.376878658101159
-7.525989456877358
-3.626767541939243
7.881374055212758
-0.1503447022273079
-2.3070208367064335
7.058285519531607
-1.0904328601672848
2.875117729410542
2.5707505202380077
-6.628894117812228
1.8978542441582054
4.768882780843946
3.409736522854171
-6.687391845229623
-5.532464578151705
3.3868344764578673
2.142414111408815
3.8344846236255137
-2.9331483410954213
-6.295185316619822
-7.916876442079518
-3.067720717819231
-2.2413200424496544
-3.6837369081698164
-5.87988792809281
-5.0017314635539645
-0.8185011676567768
0.8758400097418839
-1.4712931986698
-7.579809535787245
-2.337371402475858
-6.510971832642014
1.5687007647083657
-2.8091147108413974
-1.8361933216642612
-3.330442379258864
-1.7952070499457005
-6.64480772914364
6.418176717702929
6.483321189013742
7.650769024222196
1.151366891992632
-5.286673225722792
-1.9082876241801099
-5.778559056649332
-3.1818997539989002
-0.11001692462744472
-6.98772559556873
-1.045179691796081
-1.262362563639611
-0.2522989770571442
-6.769258217677486
-3.972804195377554
-4.054558906447953
2.000539004302315
1.5009023686252583
-4.8712284019158325
-6.288442118705568
-3.1254720679798886
7.181175398313043
-2.6845245550139687
1.9230750059950292
4.8652233913181195
-2.7273325395318366
-2.644220420048688
5.04760752004805
5.752135473613363
7.587606024073709
-5.822008454747763
-2.8693575139985974
7.156462752257859
-4.786376180766853
-2.973067500872938
7.433193969516703
7.499603547947128
-3.3368295747191485
3.1193242827537606
-0.14388299372636304
1.2140685059993697
-4.121211251510831
-1.9831151628136467
5.063912246926609
-1.713037924168642
-6.17779482220803
1.021608138060575
1.4756325480061676
0.7300653672131538
2.907402130081403
0.8015865119595649
7.248073783780736
-0.6140444346696246
3.3338728200970156
-0.9847207310574628
-3.338700672235275
3.085364469189484
5.103449088071336
4.73050937593527
-1.4537345560815762
-0.011148555376635727
2.1333766344586174
-4.1276613172672185
2.5386074965170895
3.443782260790819
4.625228211521007
-6.816557830683385
7.851209830991488
-0.33224480363798037
-1.5871184427300218
0.10580228847214457
6.726274951652732
3.0673418543697224
0.6983232541996429
4.651534672788147
-2.2475281117398413
6.328024245774385
0.5904957763934053
2.210885872173458
-6.640289055184196
4.303264766720648
2.5216263132922503
-2.3198588888241662
2.351997567734468
-7.2912529035544065
7.737731295231724
2.8395503338269705
-1.6061160603986835
4.042924443673693
7.451468443421252
-1.1127112977570839
-7.8312356354467205
-3.860186073541513
0.17081984840071485
0.30076426958959246
1.2882927283840662
1.2037663723268182
-0.867543175921492
-1.7418533011599546
4.357475719398913
1.4174393046423557
0.0074525059157526385
-2.4805217984077075
-7.606997551587691
-6.327210271903013
-1.344393143588599
7.387645850879526
-6.142890592656405
7.050818530339088
-5.733197170695227
-3.009754497639337
-0.7146778363859667
-4.690122780666968
-0.27318401952978455
-0.3813995006533837
-0.9893449876315668
3.148212248378657
-2.897448412516793
-3.195774669088955
4.96297499069917
-6.158635732819425
5.586880128750556
2.367518676443419
2.8342293262541443
-5.370334514388748
7.742407529412446
-4.097392855168117
-5.208748274813857
-5.437828620554251
0.9575832398378097
7.335401947743195
-4.2903112414174345
-1.5192410195159542
-5.048771597577701
2.2476620265612492
-1.08584876113148
-7.532923610521751
1.8257109979507167
-4.8428090274840585
1.4752505337658928
-1.7786275143086865
3.275769855355751
-4.707448330122849
4.037207925767866
4.939676618100172
-6.99897997649337
-6.371967220365722
5.951669280158162
-5.008642629886506
-2.7842414144189043
-0.6791932447010325
-3.8023456727622253
5.802184759316917
0.44344031404452267
2.2257373706584094
1.551533268527896
1.7809347382240297
1.3920754330434875
-2.4332058010119297
5.528284842712948
1.8778028693827995
5.019812068174941
3.295813775135681
-3.2408826448103696
1.8317522514067122
-6.643968502031555
-5.85683568558863
-6.114213557413493
-3.1139199594320175
-5.071287706696264
3.0949846674631285
0.1731979117945741
-1.3081743006198625
-5.79412322344708
-1.8606405945970081
-5.02794081131575
2.168026272938164
3.0949268244696846
2.3241615212792066
7.998392841009473
0.8786012133199588
-0.1657275809246581
-5.755255438435247
-2.9667197654264914
-0.7839844680535819
-7.142219797906611
-2.255373245258099
-7.8466649669875
-5.815444565400066
5.043455050461789
7.421265430639037
0.08700831569072598
-0.08048243413754186
2.955146728959784
-1.3499130356142093
5.4382688336195635
-0.1808078089650298
-6.67726998741653
-7.506228709711923
4.176905896726787
-3.326561447060694
-3.6023533076234564
0.6017378912771107
-5.308656361014821
-0.682857803624815
3.8802920308765927
4.254712879099051
0.7956189526088213
-6.188624075327629
-6.172693578256499
4.401808445823928
5.172524927961065
-2.130211646313265
5.161774844740181
-7.334231643676267
3.5036838580806933
0.7416523955514336
7.8364116460269315
-6.361336977960027
5.2811314646806355
4.021527915898755
-3.2366570383537017
7.9890027084625235
-0.8042825147133801
-2.422768370842979
5.0676573618630165
-0.9748815458666726
7.903322949097873
4.410106398092378
-4.2088631141331
4.971243469430563
1.4067823516289693
-2.389906542176165
3.372063351900792
2.1243300948342156
-5.344294116955853
-5.772240545171583
-4.694085501011626
-4.688916467971744
-7.050274661770542
-2.386952336754705
-3.5026396993568323
0.6202967367622083
-2.8215421463250934
3.2648601880830164
-3.3706681045609024
-3.722510939550718
5.728269519140122
7.767812836188707
2.868789054772961
-6.476397378970516
7.404351919900671
4.571056772660757
6.700299389277205
7.87977961031479
5.872761446940455
-5.969789302179036
5.857260719858509
-4.0051641289897635
3.3823175814267046
5.255708843178121
4.183577399677711
2.819752859199136
-0.16866038534979566
1.2388084688665835
-3.7005255666002252
-1.3723985701593975
-0.7681324391941704
2.138044213604763
6.082001300917176
-6.510483455318122
0.2498155534031845
-3.548388994371461
6.981377825417203
-2.094861214793248
7.204065261846122
-2.7633715174251154
-7.960430637728244
4.386164647003092
3.7235844246317917
3.6949109997928478
-0.6648118931245168
2.6263011333094806
-2.268436330544205
-6.986709023037205
0.5507914302010377
-4.514721039756706
-1.1257103890362217
-4.6103765374761885
-3.7034105869692393
5.253497872780928
-2.5959175172674023
1.2469382441752241
1.0582737746742445
-0.23459353586391885
-2.500166071158093
2.9208308174912947
-7.225451821572433
-6.406804129340706
4.542236189449092
-0.64669179722293
-6.012205132313625
5.722425598857821
-0.9394248179771747
-7.989185095806333
7.328508308863556
-4.762908697641604
3.0174701105841653
-5.889390601855784
2.399955189450443
-5.45636059350689
6.9236090036147875
-3.6156886704754854
2.4734074307007052
-3.993771543214258
-2.050499717651748
6.460804301370526
-5.3515987334504995
-1.6585349290842686
-3.111852082492309
3.1910619443931765
-4.2536985362492885
2.4877636541365593
3.2591686362247074
-7.982619140932421
-0.37109266782537453
-5.876803327360214
-4.3809462166495035
2.8797236019452654
-7.851408838264637
3.129553716608779
5.073744430612775
7.810478551428352
-1.242977059599042
-5.885197582519027
-6.866747113591806
-1.870881189187637
3.6922141082235367
-6.361165272807893
-2.986376360945501
6.09582391968433
-5.80593128410327
4.375367738409986
4.050524815857088
-5.869660301020605
7.88704248394216
-5.714350930641698
0.48813242474689567
-7.864404128751847
2.4003234105249103
-0.9584092675223701
3.5589124218291577
2.0492806134544406
-5.578013906491504
-1.4126416902451506
2.985058718011839
5.759400393634399
-6.612991464544184
-6.392558200357779
4.039130344767239
1.4331826841842101
-1.8554894505100687
7.411979368852226
-2.9679413090852904
-5.762716979052261
-3.568517488882474
-6.652020544032213
0.8543461085556814
1.6001258756136458
1.7214895826483723
4.463514440212158
3.047617200234461
5.566273671039344
2.534485921362302
-3.1736106627648226
0.2839860447557996
0.15236105783540133
3.965498255699993
-3.2713271801269332
-7.126893903755953
6.366600965711834
7.2747441815544445
-0.08179648090773028
-6.196101398339064
-0.006679339637479131
1.5028762902035702
0.45258401497894774
7.64315116549337
7.790120525491023
6.942790426787454
-5.888273908276767
5.773024062987959
1.094086220367375
-2.153400594430421
2.9270727840388187
4.203615006329372
7.271247743054182
4.325872787593822
-7.732969571666301
-6.919478891635725
-3.805035565406927
-7.362770209004964
-7.032498246588709
4.628639983889462
0.10576966839883184
2.0571311369692165
0.01678344811320187
-1.3530880899935696
3.2289702179762614
-6.681155009205666
0.5850370571202461
1.856752890667968
-3.560516228247039
-3.041489830133729
0.18087517272530285
-4.748840096674755
4.928961295530453
0.5822427662313334
-1.748295952506405
2.148707957652107
5.352423506956043
2.8968909553473665
-6.94215866206056
3.178814105687861
3.6793340389046634
5.54348984225242
-7.073504895629913
-6.620595225736171
-1.0482625823036944
-0.7460505232457173
1.7413184708390972
-3.051358978023581
3.8670961449208683
3.850530883746851
-6.088911889473801
3.326409713889573
3.223993779581857
-5.378677905033479
7.248259228075161
0.36808580365453203
4.5277936246999335
3.532248289495344
-5.328592732921907
-5.969110280302003
4.497983678991801
-3.6997682174520694
6.182636155850496
4.342884647833994
-7.530299981235144
4.913725546517917
-3.64831047965834
-6.978048174029631
3.3971719712079267
1.2264267954269439
-6.7668794994178345
-0.7168355571291603
-2.2380176716519475
-0.0062399078178678735
1.0701780518151978
-2.1169955542910124
-3.91814270337475
-6.353521359650086
1.182596883072904
3.5644539732138636
-4.345529229547983
0.141198158570349
-7.295393483795047
5.80685591844178
-4.087176794292745
-0.45176656675618965
-1.8723284101216144
-5.598645308141599
6.898561234514968
5.719763163967558
0.8458366159338322
6.623162712338065
3.85065324970523
-1.2900911301952238
-2.85116776844702
-1.3398944239789543
3.5246067428511534
-3.6598726718429333
-6.7538068805294085
-2.035069332194219
0.032655080953324145
6.431056148132342
-5.130490395643109
4.869408311340107
7.70262182306392
7.265270519366842
-6.8971769956360784
-0.5584931533298221
-3.483090070065561
5.517544068181248
-2.7631852523820974
0.8494623251850815
-7.872493223080712
-4.789261544752707
1.0209078531869906
-3.1374510837106726
1.9634803822736728
-0.5771729507120114
1.4670549597570588
-0.1062291863218423
4.36181220720839
-4.873241218034824
6.407092755622772
4.167715525147145
-4.077970009974674
-7.897953875971135
-1.439422246943682
-4.272036130244112
-2.457220836169501
5.433184110338782
6.0351778280251995
7.215844194295093
-7.976607351430756
2.5168616028159647
5.5840958044627484
3.63544062465556
-6.336815690375046
0.4770318249601999
-4.189318487666149
-0.1275379704016384
-7.041678789548966
7.951348321720776
3.3864395952016437
-6.5115737862705885
6.740390447553702
6.356599550903347
0.31614749587259183
3.2135505551788732
-2.040128414814708
7.592876642692017
-6.641561319736168
-6.470767914601831
-5.8637783959846885
5.119406270307456
-6.80271225072196
1.0851316526273322
-1.0402739450402354
7.427492395723853
-4.211652244129656
-3.8241449772222396
-2.9598573534438675
4.8130691519919235
3.211609701144674
3.765645900517889
-2.9110764917423904
-3.6487060506807296
-6.8050010271603245
-4.756597979532261
4.478991719501806
1.3553285728660622
-5.513431178849013
-5.370000308803709
-0.5431182010134119
-1.4957991694525798
0.574792785440378
7.43415555600366
-4.677820390234343
-3.0670765085999268
-3.7598731693646688
-6.081383098313703
-5.478153966951741
2.9768774872082435
5.222187007034396
3.1500477317932223
-7.354723070261386
5.37479601580778
-2.755301457843329
-6.540593539338422
-4.028499368619919
-2.308115911931461
0.21535480605967194
2.8349340318251492
-3.8373313164604177
7.850825926526515
-7.502686506259847
-1.5297243768452056
-0.7647812895829968
3.969255155339347
-4.002357948455183
-0.6073080179801771
4.862348055101602
-5.763311371630042
-7.808689229289392
5.285957310314176
7.721075799737946
-5.908556199296353
5.178774643013693
-2.0441640989440373
2.0847607776611916
2.3149602513360286
1.3171808226250104
-3.8588695624555864
5.00395346581783
-7.651197076182196
-6.968447423249444
6.439937310932503
-0.9050988186241788
-5.939335216047928
6.481247526082447
5.269698835478687
-2.695201739963572
-7.316858894553107
-0.6240812479689488
-5.312172660335097
1.1821471969075645
5.14696642451654
-1.6800209884492894
-7.528283311995336
2.9314066680269253
-5.235084610707373
-4.564542304479573
-5.005582180621413
-3.522327131508419
6.134780782298018
-7.445608900295905
1.9068247815343327
-4.067443532076073
-3.2783173920045368
-1.408124699261359
0.8110186432636883
-7.024334897074516
-3.523584200976458
-5.804223725886963
-4.808675093334614
6.15444025959944
0.41302493204447543
2.092070221196087
4.83468932433804
4.717539908829924
7.8304578521845425
4.510652269526799
-2.2542062425989595
0.7122848965448263
-0.24512823295186692
6.602832265573872
0.03829208869986722
-1.7858996068911939
-5.1229460208340925
-2.897958922729927
-4.495676990830487
6.3322365058290195
4.4566125012555915
-7.062540315550104
7.864501174889133
0.47091667144690597
4.269474695204366
7.993691948981537
7.583677787736034
-6.397850603120679
2.509830742019748
-3.735567982949071
5.060562585739756
6.676151721127049
-7.105461506360804
7.942272776103314
-4.489414623297202
5.54408144744213
4.75825099807054
-2.323125846957442
5.427556036894549
5.5235344378604925
-5.182394118720159
1.4803121469026035
4.899363605750214
3.1620250175932796
6.623680066056549
-7.548694884365455
3.208972853622692
7.160939761120243
1.017703788531099
1.0097422538242942
-4.9882613615158995
7.8080993664742895
6.1060217583641645
-0.12437241767351637
-3.0551508455804868
-0.15301727796033227
-6.555881970385554
-4.278026270668175
-4.499056932934764
0.42317622637617447
-7.989064057858707
6.686338974730344
-4.776569866365742
-5.912167270093079
3.471002123053058
6.700492596915296
5.508545383002412
-2.822579019122605
-7.649393660102843
1.3857468014593515
6.675586359697897
4.389863981118271
5.543694201266154
5.770711465464812
7.368940004412126
-2.0225475186660287
7.070771415488666
-1.6704710023383313
-6.383485277109019
-3.1717575403924947
-5.816773298280159
-5.479937823730467
7.179096512421175
4.669480399997948
7.370593605899812
2.3868842503170242
-5.2127572647115095
7.499886341330683
3.096966372680688
6.861523343766805
4.591868681529229
-4.428204576309721
1.4232024925296578
-5.194373920156467
-3.0908283312326716
3.015975033583315
-5.962426164423432
3.661295294975984
7.180609667540603
7.179170557598447
-1.734377163558369
7.90853008876209
7.442943044600815
-7.481876113166601
1.638218679215539
6.73661146268927
7.480506969854968
-4.465675993007807
1.0488039379251273
6.987004696868068
-5.749706109622906
3.925493249631719
-4.192065197609649
7.718074479045709
-5.313801331974654
6.165124054322197
-6.580383798877978
3.343453010323591
2.225643006478064
6.186456243485148
-0.8539210544352986
-3.756600950993981
-4.007346189835539
-6.9152835189722595
-3.893472935316563
-6.271446380565932
-7.979501480084961
-1.8250064327454414
3.721351911980298
7.505629201690963
6.1528319613956395
-0.11068810441843802
-1.9405988036118558
0.7363834828552687
-6.377143045806054
-0.3281719936454319
5.82481152749723
2.415513009815637
2.994566467473831
-5.397495812024186
-6.820649767018013
5.532199744392965
-3.2814621901419176
-2.9005294726934796
7.2265941029459295
-6.812793571733451
-5.278316749580949
-1.9926738547200582
3.7117613643410703
0.752740137795703
6.369986769919576
-6.510325033909014
1.504488704833518
1.8183156124623014
-0.2762114161843492
-7.5041087351652
7.079076129631421
-5.360044883809374
6.236052326464698
-5.486339562707455
-6.37987502442663
-4.711192372513006
-4.960251878585833
3.1551472609177136
3.55260967321081
3.6795840907246387
-3.755763690400375
-3.4956308248757555
-4.199227440844069
-7.205832911383842
1.148316925723865
5.437672077530417
-5.542561047732253
-2.226737260363631
-1.158304680868584
-3.287208816540563
2.5923236161578824
1.6034484482203002
-4.8052031878248584
-7.588228916293028
-5.266684932924431
-3.3310165432622796
-6.6890224845921225
5.500305189550986
-3.06634559811633
-1.640522423870033
-0.17445100606948394
2.5766408759360786
-6.541809959189132
0.7060164675148854
-5.041900471327244
6.167883083992622
-2.0895733610888794
-0.8675956672886702
-3.787264533073852
-0.5590727015255919
-4.3801235154773295
-3.7030081076328063
-7.013770085438411
4.035762273844593
2.679495346153095
-6.628683010561327
-2.499337815263253
0.6631840960963533
7.531288594777212
1.4356230768576559
0.8576304985265413
5.452754662884008
5.094483437845977
-1.3018868010487914
0.5682305916628749
5.870304219288997
-0.40280979004928064
6.106461910681965
-0.3798035026965021
-6.736719203614669
6.444435221426465
3.4288911860857585
0.03362352504967703
6.407280983545469
4.807205387530971
2.840558169216484
1.9243698295888478
-6.0754900039130675
4.115020090227095
-5.233936435096089
7.7498878439861265
7.55463805340411
4.935371541109809
-5.981024021783364
-1.2260016109504086
7.812478981390651
-1.033708071479884
7.95630762846041
2.0356193957183653
5.345729898816067
-3.8738182401955754
6.572871771705508
6.626782990377386
-6.9278087512222015
-1.7904135517639883
-1.6423200902874253
-2.7819711140842234
-3.580786881484011
-0.6694851020381574
5.975460053964113
4.584810221244348
1.9689268574209304
0.3609921671969474
-1.2864986523963413
-1.3689216196963407
-5.628804139304886
1.406946132502208
4.134038205722767
7.034399759793757
6.798850668148376
1.0029401516371603
-6.384152914792821
-3.4225143352180414
0.570135698334667
-2.4980931427605686
-1.4257594032124725
-1.871304433967154
-0.2306433234187093
1.743394431238963
-7.400549272036585
-3.5933737274439395
-5.69835726997322
1.7384842253700317
3.0985800506734726
-7.379479480291279
6.23318742262812
-2.696094788251669
-4.198731297339085
3.931997117426178
6.7333597264986444
6.352501794390761
-7.67627378250765
5.078174804884441
-3.151120744830454
-3.5144535490457347
-0.13409258625092768
3.138925514799597
-6.42852175563614
5.902400401587178
-5.849831664504952
7.587510793652967
-0.9102301866971381
5.213173308476009
-3.689280303859782
-1.3316363567138758
2.328876982842308
-4.993028945718217
-4.617751966305638
5.183510948082251
3.8551167827201276
4.151892723620106
5.875023528803611
5.136278278375364
0.24431524175290953
-5.456440917775993
-3.0220305073774583
0.1087244037848869
-5.829602863727043
5.620725455795075
6.069321461757696
-7.536829450877029
-4.9157848506950685
5.32687892922482
5.39162684173912
-4.008155818811531
-0.6968213259507099
6.68849710945786
3.2741431235205845
-3.616360024410257
5.1761006670258585
0.08202199899462137
2.166556945213504
-6.0180342577488
-7.510988921888103
-2.0405318154350844
1.5046974952344208
-5.158660893378213
5.927692350695406
1.390083974758829
-2.4038415736855274
-5.3837821677143864
6.311870724995126
3.9833781517589326
3.0216086018552684
-3.438889977043809
-1.814949268144245
-5.393481510422072
1.156128976324812
7.438681747236082
5.7137789990128365
2.3580782681837125
2.843123937455532
-3.6946627316966865
-1.447884856071326
-7.67916228000761
4.484858628170294
4.281163654589621
-7.857632222879268
6.584247008837949
2.357944866800386
1.6182712079125405
-7.864580366162059
-3.9617529382295764
4.881369107127782
-3.1126448258470916
7.472391093894027
2.2838449806426233
-1.219091189446095
-1.9763927636639878
-2.4206528116466988
-3.9680206515539833
-0.5328317520445491
2.8351385021970135
5.1889731435306174
-1.645559360446077
-6.363006352502397
0.18421947949282824
2.5976872404200364
5.492543201372435
-2.0123237894228563
2.3574739210334457
1.7448016742082686
-3.224385179947241
-6.270327510626505
-6.978607137646241
7.813775453148274
2.2495159298344927
5.783865604029289
-3.82164947317605
3.3775004091486682
6.277980762894924
-3.219342209296217
-5.601131258333496
4.24759021285797
6.394992715927918
4.886877162136477
4.837819911244985
1.600532818329146
2.5684851788980634
2.8920920061981086
3.54053116148177
2.4864091273990656
7.959505593252734
-3.849179636608177
-1.3029490226985345
-1.7876012639126664
-7.434895922777212
3.3291033500139378
1.152678944589459
-4.961357433418389
3.6247980252944565
-4.442188896379697
0.5541616247074099
4.558352884737872
6.504424088080876
2.7498956153985414
0.11703768970904527
5.526707907913524
5.450219113542399
6.023916549473768
-5.101826275135988
-6.438350978996651
-5.952893764863147
-3.8615703910366737
4.933501906279522
4.20669149310884
-5.070906287798479
2.8753979086388526
-2.6298805887181
-6.571202847688973
-2.3154656620826817
3.907358869484929
-3.0866356586846635
4.609446988921588
-2.6989258084675765
-3.8310522335087427
-3.295182053594516
5.619422211382563
-0.4714149172691169
5.862293915080635
1.3371939158812882
7.108815744001232
-6.860548201534787
6.230816983526205
0.007637991883269635
5.87996407517168
-1.8932924831106064
-3.2263079389205878
-7.135008469718798
5.6678363264535
-5.802155853230017
-4.795254547277704
-1.4529304519663349
1.1104574075752627
6.505934952098041
-0.6788570710153401
-2.9378646776206576
3.4506952977605767
4.463058838941032
-0.1987064680302808
2.0965243562031226
-5.170811734984628
2.151983506442736
-7.924583977216098
-3.6235542047760063
4.179092499439987
-5.302307894673477
4.231739778332127
-0.16676654991973727
4.217106673687988
-6.591338499855286
1.8316758196009886
2.1358006512415066
-1.5457043136327933
7.44524544208053
-1.8669372791446293
-7.396394904400992
-4.809371980350129
-2.0303775131620636
-7.774766100405886
-2.8445898584308953
5.331658665065024
-4.950772640953527
2.827970266833761
2.026990858745961
-4.018830033985889
3.096395954726354
-2.4904036149868656
-5.937107193147156
-1.8631923790769012
1.4187310106891502
-5.32767700370705
5.181501274790566
-3.22876394409378
-3.3467553310482145
3.645310583149005
1.541918697848038
-2.594637580673073
6.207584701392667
7.927558557246854
-2.516274571879041
6.422140418312392
-2.251985818133882
-4.985183457746089
7.169349659311083
6.691286541462935
-1.5457336879819952
-4.345307442626792
3.6347012501811413
-5.900707577325079
3.7452259089843345
1.4350853567878659
-5.296244129757646
-2.134536777602424
2.4086460819395956
-7.402185156918476
6.02470620159162
-3.907373217195314
0.5557349471014472
-7.222608614692204
7.914883738513037
2.5915186534063146
2.457081894412042
-7.684131735773677
3.0359959740388174
-1.3315909571272986
-1.9159397931581665
0.7565181556628087
-0.4096585867562048
-5.549966430009018
3.123072467534545
2.08498144260699
-3.1821367238913236
2.5866332174515527
2.5997274542223483
-3.6803656074049744
1.6901493907840663
-5.805383632323057
5.2904435275342365
-6.321372209598449
3.5002595922586863
-6.1162469050041715
-6.175799157052033
-6.29978066709768
-4.821653412699485
-4.804009821658264
-3.79209735018029
0.37033772148128996
-4.773228960284969
3.2549880039401327
-3.2743807839901926
-7.3695086779429015
-0.058324586110517274
-4.67689625165416
6.929989514430039
-2.7103421408527772
-7.956192015081717
2.7461301194432775
6.510080708316673
5.363714644211859
2.704350888026241
-5.613688117331742
-6.558677222785208
0.18728555143454173
3.5770178703756628
-6.379352342512682
-3.905726355989362
-4.301435416132065
7.818654892121666
-3.2636451406329847
-0.5715622842216259
-6.403057359078121
-5.204771056873746
-7.368887680500903
-3.350925164197129
4.8255376430471575
-2.9966862885957717
3.8166431326748196
-6.480024474710715
4.131264077459813
-7.265774606505357
5.63197960119181
2.6136804398535034
-5.271803578297995
-2.279561532196091
-0.9965677314890442
1.9489125333201152
6.055608598359578
-6.512778953001243
5.039428632583942
-5.074089275141716
-1.5875597715079532
7.3969588823960635
-3.650670547996958
-1.828552163850972
5.610745248585344
4.798385551183202
2.3815437419562198
4.75055291256651
-6.191095097957662
3.1387179763807183
-7.061657669357162
7.0794718079984005
-5.449673640285361
-1.3435565339056552
1.4520048478454157
4.836236544721535
2.854290179987288
-5.099831031403166
-1.9239875341457982
-2.2624173627664543
-7.538940326860455
2.9514261341035652
5.4165836247537875
7.5751132836059085
-5.909514727225346
6.726367770209643
-6.193000330019721
-1.4194517802372122
-7.26444279392528
-3.814194124344162
-2.9721928820180654
3.2730908236899694
2.8468627363226293
4.280459492638565
1.2263841299740719
1.0401956109982624
7.646328920812776
2.717509731429047
-2.5871897317052284
0.36965080359478364
3.209282948760869
-6.476125784772885
2.587412205535408
-4.022768082388678
-2.4680082006799413
2.820729093719059
-1.8419741214925711
5.424528339676597
0.9335077872350066
7.804665996183635
-7.126942156357186
2.2943794649090066
-5.48916202717214
5.581529196416012
5.629938423137059
5.910650153804287
-6.8021561203682435
-0.13363262168958023
-4.145730932844302
7.522320780534402
-7.194388567575297
-4.436695629299216
2.2930770371720293
-1.5475681046124343
-4.240000000139405
-0.6544864840282365
4.820180603627554
-0.8304226293540182
5.705427586848275
-0.8469100813792316
-6.100690367141874
-0.04202643093598368
2.4539680502139483
-6.357706856317561
-1.4025832371912088
0.9140961824773299
-7.997284552346617
-6.545671249415484
1.6672524169887595
1.9050584599421168
-3.1264326703416234
0.1334038451114381
-4.690380018401626
2.743589932466497
7.205682079893851
-2.1865203588830244
-7.131596587110915
-4.4333101696589665
-0.7286402783426507
0.9624135216970906
1.9161275148333488
-0.4298611025025778
2.514675302898233
3.454616004530484
-6.175626266308187
4.1491192172658735
-4.45204627487696
-2.5382861667705807
5.278142170150419
7.43093893526944
-3.328262979067496
0.3517613856661743
3.233536852159766
-7.267550242319452
-5.373514116713746
-5.752813002844018
3.469697802366124
3.5449455272210546
-6.288615911687696
1.77362825821894
-4.9993055914943465
6.883460146450325
-1.7136561613572248
-0.6872638673121774
4.502726458380074
3.4686066315094877
-6.275748043400128
-1.368474477946716
6.826024488596971
5.39945979978344
1.4209777263664218
4.354322778195661
-0.7919264486565751
2.5353071200032424
7.299045146012016
-5.845823769109876
-0.018741726358220134
0.48582956030534774
-7.222854309889517
6.964932493306442
5.421057770862664
-0.2730885834251797
0.1333263851501325
6.738597024700818
-5.164760983965671
1.2568701712668258
3.6879145878844444
-5.945891487174755
-1.8015107324693442
1.6087363488865805
6.123133816938848
0.06576190965063056
-1.8453977801007344
7.672012163280687
6.654563867153588
4.197994500188683
-3.6224659207022203
7.417496602876042
7.527866398593609
-0.7544687026981318
-5.866050703742504
-1.396072435078091
3.200228558354002
3.974829854046657
-3.2173898407132118
3.2239089665181595
5.771320738066528
3.389989702322321
6.968193239400572
2.121332552116222
-4.785774682794489
1.9866814272862108
-3.3507280723319894
-2.4753027056227026
2.757979408821072
7.701367939757876
2.4013822049116467
7.333223244883143
0.06229502469199488
3.1089915796372214
-2.841897641378317
-6.153515963461993
-2.3641951605939617
-0.314081241749971
1.130211108049588
2.674515808835462
-1.3203530699916506
3.965899574025391
5.462228838670587
-3.4251523163941826
5.556817462728782
4.932876469227136
0.36367977934723683
-7.595645739928447
-5.674772613875271
2.724066860271069
-4.801561323764531
4.0029602987208595
-5.42503369050832
-3.414151229454241
-3.991023880669072
5.43010903144274
3.0495176058241604
-3.2777509446143043
4.05750316872264
-7.483097868122766
5.024419480871499
-6.360319898592374
5.888565978470565
3.8318796827655994
5.837463763273641
3.878603773965768
0.9803288446529699
-4.198472438940728
4.548914765934185
4.781148039833127
-3.397781527884476
2.631897097465977
6.823756978700473
-1.7991256217281553
7.307231520189228
7.613163552898021
-2.9975363056858537
0.8339935605290165
-7.792556197205787
-3.9785419460431086
1.9289871297895846
4.494798286014166
5.921889477141361
5.279735711282312
6.583782033179817
3.274065102284604
2.3621181688000092
4.081723283336798
0.7458421872198606
1.6541916366182647
4.418347921957315
7.428637170016492
-3.2931564511281355
-5.161185624187789
2.922541627224563
-5.008374695482821
-5.219277890315118
0.22154964439318192
-1.9648283671576703
-1.1438749695882517
0.905577929525327
-5.9189355181540435
1.343776922942899
-3.9197416298812477
-2.710995380123695
3.355028741061025
-5.52310883522742
-5.540745862885924
-2.8379195217036806
-7.1863129408763715
6.918109849139054
1.8497388175892802
2.590243375439025
-0.15118494154117457
1.1628318488788807
-2.27063058938017
4.544503177128023
-2.9142559140449684
-4.480607753159081
-5.058094439434257
-6.909176494329186
0.08224560730105424
-1.3451000996732532
0.5925752405425389
-6.528871136974937
-4.4608307023767555
-4.586339037020865
-2.689863761536296
-2.227234805396277
-4.5048754274477645
4.04249103287227
0.48798232970919386
7.94609732166942
5.179014414803236
7.698131161844744
-7.859140859279401
2.7030154879101858
-0.8693240594449207
6.471943335803074
1.8192175529727095
1.9381071619781434
7.342349057182936
2.9208217722964473
-2.8650078318866967
6.654918884778807
7.119802726909402
-1.8259850434552973
0.643797007080984
-3.474736091529641
6.581374826057889
5.153745027839459
-2.0006713254083337
4.845067800132702
-0.8710896388525118
-7.298373425431972
6.372505742493653
-4.919801793061167
0.22231520203893673
7.171389114374689
-5.321683052584081
7.300419303574385
0.6075972954280164
-7.882710620530478
-6.952450846340481
2.725362018288907
4.377316261908426
5.839213691402099
-1.2126487689417509
-6.337171053221278
0.6040674243865798
3.2438858602806597
7.619582741424445
4.40330784740898
2.3449785490935255
7.036017784133016
3.950253210788194
-5.539926764517672
-0.6523962358393334
-2.6925539925233952
-6.5996656330528225
-7.1317108657369435
4.707436591614245
0.9293472850849724
1.1993967082046648
-4.357669840933493
-3.8616326561411896
-1.7914783416836677
2.083476234012606
-1.0715994457716658
-7.72974450713374
2.772779717243404
0.5573499209760335
2.2627639437062346
1.8935897425696346
4.095369547122839
1.369728213014227
3.2141125021280335
-6.838568883216366
6.8487640026613406
-6.301831330080439
4.590270362601119
-3.178388642482062
-6.615916456995317
4.2443878563274
-0.9971816085084004
-1.6781878683421176
2.5715706385158477
-0.4161971621127769
0.535484220965591
-5.817896634727251
-1.7441189531361552
4.759753805335453
0.7315914982531613
7.3621482412869526
-5.69479140066427
2.8366247280810004
6.626702662153885
4.720273955719348
3.6691932258535154
-2.029911761594816
7.1914416564882035
0.8563870042284627
0.8811159302441904
-6.028237457064016
-7.919522574815918
1.5464781992532846
0.5944327768713755
7.151670227661949
-3.124941562407866
3.9727453877246948
6.456742015592734
-2.4983736024216494
-1.3975280635800331
2.334904056961399
0.2008431127613921
-5.42473027896968
-4.467392490281473
5.355973869888993
-4.890780554458793
-5.098272243621599
4.794560857688502
5.636018044279611
5.622203558807588
6.917917846450377
7.909008806806934
-0.6197567409664977
0.794633754866668
-3.3495573196786346
-6.922195881523178
-6.428761577914049
3.609428117346244
-0.2049534378600235
-2.7063850930764257
-5.948557654464775
2.487567691151243
-6.399279083593234
1.9122524344693268
6.4018974534867485
-2.9154250042603937
-0.7896643485610397
1.86147888415125
-3.1091921694924682
1.346718925523156
1.0488321264817575
-2.168105029141932
-2.938669448058734
-1.1470817126465427
-7.922689877365258
-4.061197783272254
-4.455588732695684
3.8370594550178687
-1.0220149425649847
5.441760940490484
-5.8511066818737785
3.7275647320226355
6.046173272127385
-0.5944259827902361
-2.2601343661824522
-3.1124512568746354
0.8267492185631546
-5.1876774256763944
1.7060426571337803
5.468687925412169
5.739418485932788
-5.759973300540802
0.6178885932483578
-3.788245590502667
6.181373313262329
-6.776601943084554
-6.793600691305974
-7.701915282060234
0.11485298056918225
-7.5008923038670545
1.3102478479028683
-1.5178485191821753
1.4405809894514885
6.500857238370932
0.825503976418533
0.6955091826898965
7.979650800189628
-0.44633678747318584
4.403155821398851
-2.1469019183518476
-4.427093638010319
4.354317496967404
3.731629235406416
-3.344013436570018
-0.5647817252727556
0.16659189350056813
-1.6514374776046807
0.034676314662894114
2.6028558300591467
5.567709441661865
4.904640910846375
1.8245756249620495
-5.3465031674854675
0.22618688826211475
-0.8604728985759724
-5.133677057462068
7.179389305807653
2.5506129112476277
7.483768957400208
3.774716941357191
-0.26394534836110495
-2.259271378467105
-4.498894123855546
-0.19772562602163468
-6.994221417384493
-2.0890370328404106
-7.31506494658165
-4.691614804519984
6.523617481167371
-2.219978167045939
-0.4852123358366569
-0.7257048032817863
-7.25700067998115
7.689436513009637
-2.8148622389763585
3.259780045561957
0.34196646613681025
5.274354490458405
5.357956259478295
-3.7869428898535453
0.7096009934139431
-5.2184029368567995
2.4588050101421484
-2.1552515521432376
2.453384744909597
5.3675050828263124
0.2666063608630189
-1.9787395033032773
6.515878823149114
0.2619485146811247
-2.353631875844389
5.883510749939957
-0.2102149972131908
-0.28623856458998453
1.66737568457099
0.029391751531868238
-5.776507086765921
-5.350306841136126
-6.76658838814005
2.295632038212956
-4.615726333827924
-5.009509187059718
-2.2044328925585432
3.476843335265526
-6.106716434823317
-4.314458678410807
4.97876206996736
3.5240905419991844
-0.29573360976822194
-0.3389657164786861
-4.628736783171785
-5.420059842197988
5.333839942324067
-7.640863389531338
-7.309690698637354
1.175784181636292
-5.421933754119392
2.0726467982104797
-7.372946156168263
1.1563087876874327
-7.105407933432893
-3.8678456637326644
-5.119399366779247
7.331813383752859
1.5897203647188753
1.0176752373722433
-7.7020794298042095
3.512756792065419
2.5879210020665298
-3.4647259775097528
-6.628023956228088
-0.8127462140886923
7.884413179327661
5.87683838387351
-5.27093145616486
5.285817195268493
1.6134194305792011
4.71385712416722
5.127250882087958
-5.0898535700784056
2.554380000925649
-3.767668823275365
3.586988769244094
-2.51725960703469
-0.7444776777585318
1.4495358549169168
-4.322979405139524
-1.832609876130439
-6.262878177575752
-4.762423214589198
5.753467072169688
0.06975241713140257
-1.283279797254302
-5.607020901976703
-6.459222772428729
-0.3860930321683629
1.8359707116858708
-7.375414982109948
4.541891757420295
0.053267330215351905
-6.1197374948036725
-0.2841450382003057
-5.914738547565371
1.6555944131953684
5.240348458433175
6.351503245560506
4.397926769084853
2.387707761704542
0.35270767458486674
-2.0739607960195183
-7.304987466616296
0.4770643030352897
-4.328219897935197
4.83680313612502
4.632889362415273
-1.9002160608151186
1.4247693782593043
3.8623046765159206
4.18462763275987
3.1473216505194674
-6.4365294664514785
-5.857870310006378
-0.3657402079273595
-4.279793750037509
5.744851956822583
-3.4677333118567066
6.028261011091592
-1.4616527250045568
-4.975663780514068
3.346381395297726
4.6307597168819985
1.247794332807139
-6.114742336301584
-7.8848951607906965
2.4727379328511585
3.0042677884444178
-2.94557256593167
-2.2036833636065474
-5.5235427110109825
2.425214956446908
-3.9418763802882566
5.679630820286857
-1.2230152410661894
-2.1496944890164524
-3.5910313139201797
2.8896912810151747
4.079550409757335
-1.3883494672650176
4.5406146714166
-0.28051588788991033
-2.076592497933648
0.8785817007732568
-3.939557672916859
-3.0935506132064887
-2.490299132562342
3.2879137275373633
3.772518889673771
5.6799827651775505
2.548525586019249
3.9650271212782027
-0.8544819613564911
3.188983076720854
-5.41127811666982
-4.568669735390719
-1.5910254971884346
-2.5849944590504492
0.8092194335490888
3.152918539591365
3.3086389365259166
-5.428191853868524
7.433124021992279
-7.9153498644388485
-6.5425826521807355
-5.6747450266279404
6.813788604765586
-1.0339610471557759
-6.974712698091031
-4.451676086087808
-6.719364212867157
-7.395914587438737
-1.8507838331836481
7.751169610100371
1.8234494514674218
0.3360886915289427
3.3856933073436988
1.5595610210255408
7.131453725529724
5.123659750851527
2.244661032482192
-0.9764472233402266
-4.7726841151037664
2.510147563309486
4.862558545846138
-3.4238958126608736
-7.462250377659865
1.5922386062798317