2.23082876
-1.74162722
-0.824892521
-1.01489389
3.78353953
2.82719183
6.27487326
-1.51455772
-0.286286682
-1.72407687
-1.0316608
0.0856846124
-1.73603487
-1.10426199
2.39815092
0.719063699
-1.02505112
1.42825091
4.9508872
-1.80950463
4.89310789
3.17023039
-0.585748076
-1.26324189
7.31540918
-0.59915334
-1.49326527
-1.47870672
5.55990982
1.65961647
4.91405249
3.67570853
0.579649448
7.56985235
-0.445373952
0.832650125
5.27047443
1.89631605
5.7873106
1.2376343
3.27314949
-1.66531062
-0.997706354
-0.772244155
-1.54076278
-0.979766786
-1.46299469
-0.814096808
2.17095113
-0.495615363
-0.47600314
-1.06514096
-0.854414701
6.98647356
2.36856627
1.74609613
-1.20582497
3.66602874
-1.23419082
-0.441996723
7.83237362
2.23999619
0.911195874
2.9538281
5.48563051
4.41599846
-0.993490398
-1.71563256
-0.676672161
-0.8516168
-1.0597297
7.08655548
6.02188206
-0.679514468
2.48701859
-0.382683039
6.63276148
-0.150876552
-0.862106085
-0.929032505
0.981890142
-0.869947433
1.35337579
6.36516619
-0.368864834
-1.02915728
7.96060181
0.1524207
-1.49999881
-1.66057336
-1.43128657
2.03913665
4.67326975
-0.285413444
-1.60039842
-0.4340626
7.93794203
0.465829521
7.53725386
5.77247524
-1.79123628
3.53154922
2.9073658
0.591525316
-0.854974329
2.25538874
-1.42430866
-0.239194095
-0.169679746
7.26105499
6.01364708
-0.8675735
0.00937780924
-1.17827654
6.60204554
5.92829704
-0.739035785
2.22319198
1.74352336
-1.27292264
4.2001729
0.630064487
4.45802355
0.485658765
-1.83123636
-0.644761145
-1.76191866
6.8655777
6.05954981
5.30664825
-0.705781519
-1.62094104
6.0481534
7.15119123
-1.51927066
-0.0513682999
-1.57955408
4.16963482
4.25335073
-1.36256456
-0.0906312838
0.796857476
-0.861459076
5.95892859
-0.281827569
-1.05674005
0.62873745
3.67889714
-1.09577942
-0.6903736
7.92238951
2.39804888
-0.226966366
0.281213462
-1.3896513
-1.00944304
-0.593686283
1.41293955
-0.98957938
-1.02586961
-1.57302535
2.09764743
-0.993880093
6.48672009
5.7541666
-1.57352304
-0.960649729
2.70364451
-1.0477984
-1.34818995
6.96822786
1.13668954
-0.100206241
4.55391073
4.91995192
-1.13516366
-1.47792041
-0.252812356
-0.280211747
-0.120909549
3.66521358
2.7738328
7.74664354
-1.47246778
-0.357055306
-0.589223802
5.78676081
-0.921593487
-1.13590074
-0.188417003
-0.286433995
-0.812001169
-0.917376459
6.7722497
-0.208520606
5.78158569
0.805204988
-1.64784276
7.98851967
5.37644148
7.50394011
6.82187176
5.5791316
-1.22352588
-0.0526492074
-1.04959333
-0.362852275
-1.6183368
-0.443765253
7.76494169
-0.860922158
4.54512978
-0.16496931
-0.282305896
7.31708241
7.92676306
0.892293155
3.49453235
-1.26574492
-0.745404661
7.49935007
1.26688468
0.675123215
3.96760893
-1.62372744
1.34684145
0.0456061251
5.64351845
-1.25608003
7.37246227
-1.53959131
-1.15197515
1.5205617
2.80340075
-0.970919073
-1.39374912
6.24459696
-0.93054378
1.51230645
1.91010416
-0.296175301
1.33875668
0.364523441
6.95530033
-1.08438301
3.45906878
-0.95815146
-0.382118583
2.74704361
-0.733344078
-0.674017012
4.02983189
-1.56734192
-0.152953088
7.97527122
7.93754339
-1.56471074
-1.05176759
-0.860931814
6.93214989
6.09382677
6.06832409
-0.478400707
-1.25492835
5.33991909
3.25663877
1.78684425
7.79572916
2.46362114
-1.80464864
5.0736661
-0.73561126
2.61421943
7.02288008
-1.34093261
-1.41009498
-1.44086814
0.851578236
-0.834723234
1.67727721
3.48179507
-1.08680987
2.14780736
-0.865392387
-0.0420498773
6.48538399
5.53765965
-1.49490559
-0.280222178
-0.818839192
-1.82033241
4.33790779
2.19381404
-0.872830749
3.85969448
0.826886714
-0.265147954
-1.79787779
-1.55743921
6.12970209
6.46285725
0.729444623
5.35352039
1.32015312
-1.29032278
-1.36603308
-0.7030527
6.38370371
4.737957
5.77124119
6.38279438
-1.06305265
-0.91839093
-1.4564234
4.48185968
6.14615536
-0.343282908
1.93058419
-1.2666378
6.8780961
5.83369112
7.61929655
4.97234774
6.10265923
-1.74245012
3.78503156
-0.615319967
6.89305401
4.83576202
5.8250246
4.97198915
-0.855045736
4.59799194
-1.43698275
5.95466852
5.73749208
-1.01774311
5.06538582
-0.145554811
-0.714300215
4.72552776
-0.998816609
-1.74656379
-1.12519085
-0.629706144
5.82964706
7.47022581
-0.809875071
2.26370788
-0.367845923
7.69839478
0.57945174
7.02779436
-1.41041362
7.52640963
-1.17858469
7.40054893
-0.859956682
-1.4358573
-0.239932895
3.65672088
-0.683183193
1.69934165
0.182768956
-0.420950085
1.22540867
-0.899350822
3.34056449
-1.82713199
6.80920267
0.615231931
3.51087999
3.87120128
2.73005605
-0.49785462
-1.5767628
2.62780285
-0.6225999
-0.68230933
5.56824446
3.51606822
-0.732151687
-0.69928962
-0.335892677
-0.357865244
-0.74926424
-1.36661136
-0.291696787
7.04581881
2.83708715
6.44488859
1.84823871
-0.729850471
0.76699543
-1.83184493
-0.78131634
-0.25707677
1.27975655
2.47529006
-0.128376633
-0.212080747
-1.04976153
-0.0983173251
6.41889334
4.73639631
-1.21113157
-1.52241635
0.247232154
2.12705374
-0.604309738
5.0947752
4.01821041
2.76473069
-1.00965095
-1.1031903
-1.74377358
-0.935577393
-0.0911667421
5.59580326
-1.56629646
-0.313716292
2.07624602
-1.12040412
3.14166808
-0.0206170473
-0.938723803
2.49692822
-1.81300235
4.0154314
4.32073879
-1.44251335
-0.274463981
-1.18841553
7.32745647
0.287324011
-1.64919937
-0.919606328
5.57338142
-0.159639984
4.82266569
2.68124366
7.80627918
1.52723706
7.20063353
6.262815
1.80243719
3.50838327
0.0764506385
5.28910685
0.765951216
6.35532951
3.89848709
-0.0928604007
-0.882964373
-0.926787674
2.20258307
4.25301886
0.340797007
2.02797508
-0.826476038
-1.54922771
-0.785663426
-0.837044656
-0.661064923
0.642435551
-1.32596183
-0.98537457
3.1031971
3.30270624
-1.59782755
-0.338802338
0.681778252
-0.308827817
-1.07494068
-0.292807132
6.47741556
1.34527063
3.1283679
5.70771265
4.24951315
-0.438602924
-1.81171441
-0.543551028
4.05560207
5.6551671
7.2548852
-0.296921968
3.96025062
0.73811698
1.65204144
-1.02469146
-1.02878737
-0.235268101
-1.72690904
-0.600858331
2.86627007
-0.35083887
-1.22816932
-0.119569451
-1.36536479
1.95611143
-1.73445642
-0.388592392
1.03027177
-1.7339592
2.28399444
-1.33576858
-0.140439048
-1.64895642
-0.443285853
-1.05724561
-0.634898722
4.1796751
-0.443203896
4.03215694
5.31078863
-0.908337712
-1.53301048
-1.76226139
0.630704761
7.99852514
-0.550145447
2.4023056
4.49972868
2.4280746
4.06773138
7.19378757
-1.10234427
-1.75860667
-1.27459812
-1.3705231
2.71134162
1.02351332
-1.0341301
3.19143963
4.27036953
-1.21810651
1.71595991
3.96681046
-1.41337955
5.10881901
7.43553257
-1.43697131
-1.73917913
-0.689490139
2.8375566
7.33076525
-0.378933728
3.44023538
-1.55467963
3.04983068
2.03587842
-1.45969534
4.359694
5.60469198
1.60658586
-1.38946474
7.74150944
4.52216578
-0.560252905
-0.262613952
-0.474573433
0.0953726321
-0.582152367
5.59321022
5.15729475
-1.44635749
7.37260103
2.16936159
5.25931692
3.3169384
-0.236547142
3.7407248
7.44757986
-0.843031228
4.93118763
0.61076653
-0.0605091527
-0.236226857
3.69641948
-0.849216342
5.62741041
5.29169607
-1.51556945
6.10609913
-0.93916744
-0.129402295
1.76530731
-0.443705916
-1.72810006
5.61524534
-1.16658723
-1.05556059
4.76531792
-0.585424244
6.08511972
3.21894002
-0.820348561
-1.79611266
7.1690011
-1.51941919
3.5211947
-0.0418812297
4.13063431
3.04974937
2.33444643
-0.0336551033
4.68692589
-1.49213779
-1.02081323
3.06859446
-0.710577905
1.30488932
-0.0980448797
0.494750887
-0.273152679
3.93496704
-0.62043196
3.24567914
-0.839973092
-0.911519885
-1.39092839
-1.12719095
-1.39496601
0.573823452
4.19503355
-1.15445054
-1.03992295
-0.0579385161
3.59335995
7.62571239
0.394189894
-0.795671463
-1.46473765
-1.12156892
-0.999228477
-1.17538106
-1.78145611
0.546161413
-0.827525139
7.58871889
0.853743494
3.15867829
-1.37030852
5.89537907
-0.0334447883
5.96351576
1.18502748
-0.112211205
-0.218281075
-1.15733325
-1.64495206
7.05701733
-0.0816596523
5.15385056
-0.36407274
-1.56169879
2.07113123
-1.63676679
-1.28627563
1.00543356
-0.719269812
7.90268993
-1.39901102
4.23109531
1.70108247
4.65185308
-1.00581384
0.361160576
-0.18144697
-0.210022986
5.7626667
7.84050035
-0.713605821
1.93643713
1.7540946
3.841429
7.16144323
-1.07144439
-1.05957425
2.56685019
-1.25745726
-1.19601703
-1.55809557
-1.82352245
-0.181486428
1.50097907
-0.765382648
-0.984587133
3.31129336
3.24780083
-0.168551803
2.99815869
6.78257656
4.60524845
2.00092816
2.57892871
6.93869543
-0.274490476
0.712998033
2.36215568
6.53458309
5.22609854
-1.5714972
-1.22494984
-0.705423415
3.98332357
1.1073128
-0.775094509
-1.37737
3.01884794
3.19573903
7.08281994
0.00755483378
-0.0227508638
-1.53837991
-1.68717718
-0.249228224
-0.651487529
-0.915317655
-1.49846804
7.39057779
5.3753376
1.2031858
7.21258068
7.99315882
2.75650525
-0.845126271
-1.68581724
4.10030127
-0.108163647
2.4241519
6.65716457
-1.16787314
1.36527395
2.15655541
-0.0303387251
-1.49877787
-0.557476163
-0.611202538
2.72213626
5.72372961
-0.62405324
3.09877872
-0.776534736
7.12309647
5.01705647
0.801545739
-0.165638342
-0.680103779
-0.647996128
7.52295542
-0.351358116
0.233540043
7.80990744
2.52256608
0.681497514
-0.318092257
-1.1455307
-0.506808996
4.10309029
2.00653982
4.15984869
-1.08695316
0.78751421
6.84276438
-0.226907656
3.17200041
-1.38810444
7.57034922
1.7419467
-0.955909371
-1.25261343
0.81342411
0.836022556
-1.4915663
7.87611437
6.60687828
-0.14135772
-1.40262413
5.314291
-0.00595648261
3.46565318
0.141952246
-0.83077538
5.35558319
7.68391418
-0.939653397
0.820241213
-0.426851302
6.74989033
0.131854266
6.06922007
5.82443094
-0.820426226
4.64009905
-0.311877787
6.94797421
0.123802811
5.12879181
-0.796257079
-0.738628566
1.39100361
7.98243713
-0.0379853956
-1.2884835
0.617289245
-0.567878902
0.830678701
0.694881022
-0.163736403
-0.653483093
-1.141608
3.15997481
1.14876223
-0.976937771
4.40871143
-1.67329335
3.91528249
3.28364611
4.98254251
-0.417711258
2.61902118
5.13196087
7.69309044
-0.017128285
-1.69759476
0.0366584025
1.44288683
5.915205
5.98704576
-0.218877241
0.4152174
-0.157930404
3.55910134
-0.330078393
2.47650123
-1.26734221
-0.1118678
7.50725794
-0.591942132
3.08327365
2.39738655
5.62824488
5.63746119
5.749475
-0.439965546
-0.672242463
3.49947882
4.15042877
5.95812845
-1.70170331
-1.5824573
2.09857631
6.73486567
7.95881462
3.94826198
-0.242104605
-1.47237527
2.1399653
5.96126795
-0.206511989
3.10401869
6.45478487
-1.66469979
4.73829556
-0.757651508
-0.458916008
-1.29957747
0.498661101
1.05484903
4.68031168
-1.21006
-1.54378271
5.93343353
1.91536593
-0.950290799
6.60526419
-1.30856836
-0.142450318
-0.902083099
-0.897135437
-1.79887617
4.8741293
6.41935062
2.84177423
-1.25408947
-0.213657469
-0.566259444
1.40114725
2.22301912
-0.277533889
-0.916306496
5.52486277
-1.10287106
-0.422791421
-0.0615704469
-0.963579059
1.15076303
1.19699085
7.88307285
-0.750820577
7.64711189
2.53167701
-0.826905251
1.05486429
2.97279191
3.91470146
-1.65350449
1.70250392
-0.0119999498
6.46648455
-0.783954799
4.78176212
1.71303999
-0.54148984
2.18588614
1.93425858
2.84423137
3.53485394
2.54690456
5.41339397
2.05196977
6.45445919
2.34144974
-0.700579464
-0.216981634
1.27318084
3.71775627
-1.50284433
-0.751261711
3.95969391
-1.18931973
-1.34874737
0.630524158
7.54383326
0.493637979
6.6157918
5.28756189
-0.891109705
5.19503689
-0.0665579587
4.90381575
3.94494963
-0.591377437
-1.41104448
7.40629292
-1.31722426
7.46400356
5.76224947
3.58746743
7.67907572
7.47631598
4.87340212
-0.492158175
4.65091133
-1.78229821
0.585156918
-0.165784568
2.76525402
2.75745273
1.35296142
5.15867662
7.0446701
-1.43606436
-0.975986421
-1.74157631
6.14775753
0.982518137
6.64409447
-1.02165353
-1.60153759
5.18168545
6.55020237
-0.725302756
-0.336248547
-1.32081771
7.1401844
-0.717329919
-0.0270430632
-1.47696269
6.19614887
-1.33589852
-0.169972897
2.72777939
3.89024186
7.13558531
-0.296535224
3.87630415
-1.26674938
-0.312090069
-1.47025406
-0.0390608609
-0.33690843
7.22434425
-1.71337366
-0.474723488
-0.207595348
7.20888281
5.68720293
-1.46903312
2.97088432
0.711453795
7.64548063
-0.518195927
-0.373487979
-1.13736868
-1.38541436
5.56853104
-0.166036323
2.60429978
2.26727152
1.55433536
-1.75502276
4.58871365
-0.940247416
-1.37161255
1.03324759
-1.58176279
4.24251795
-1.07375634
-1.04151177
5.9151268
-0.628615022
-1.2923013
6.40849638
-1.82293642
5.73449802
-1.30281079
-1.35669553
-0.914267957
-1.19351053
2.57692218
-1.73880613
-1.77884543
4.63975477
-0.960917473
-0.646171331
-1.19443071
-1.64120364
3.86748886
0.417368412
3.93064451
-0.0870981291
4.44827271
0.211807325
-1.4334687
0.0614190362
7.12665033
-1.67432821
4.53163195
5.87169456
0.343219429
-0.153844088
7.42441893
-1.61030686
-0.0770663321
-0.360736758
2.97756004
-0.0356808677
6.55521345
-1.56386745
-1.53710163
1.73275876
-1.59249854
-0.824941397
2.12922764
0.773702919
-0.640986681
7.9140439
0.488909394
-0.169710144
1.68682861
-1.469679
3.2284708
5.64468384
2.41466665
4.30340385
3.53343868
-1.04491544
-0.177631974
-0.995523572
-0.590584099
-0.170504019
-0.308037937
-1.4846853
-0.268531978
2.64172578
-0.460896283
-1.27365732
6.76776075
-1.58717787
5.30835009
-1.49148965
-1.47926378
3.82073593
4.98830843
0.901931763
1.38344133
0.985382617
-0.624631405
-1.38515198
-0.53680706
2.64544821
4.00454807
5.88947439
3.53697085
7.49437809
1.60656142
-0.543964028
1.24669635
-1.05329108
2.50778079
-1.0111022
-1.43653262
5.52597475
-0.485609472
4.2016902
1.18560004
4.91554213
5.5224824
7.59274578
5.09482956
1.81717253
2.28318667
-1.73706937
6.86534882
5.2713728
-0.85269171
-1.17180777
3.24318027
-0.700389504
-0.587309599
-1.81094551
5.91780329
1.06113756
-0.363790751
-1.31312633
2.13075209
-1.7209239
3.93778825
-1.04451275
-0.293947548
-0.583381414
-0.47647199
3.54553556
4.42936993
1.08149695
-1.52182424
-1.64043438
-1.25616372
1.8854109
2.78349948
-0.835622907
2.59101915
-0.0525737479
-0.212504655
-0.831721544
4.07909012
-1.41600251
-0.25698334
-0.794762969
2.85578012
-0.0490132384
2.6741209
-1.666803
-0.384034216
1.5891993
-1.80514741
-0.728129029
-1.0588088
-1.33013904
-0.896428466
-0.630218029
-1.80499029
3.95222592
-1.1891191
-0.439239353
3.25874019
0.00419754488
5.33366728
4.89920282
-1.56905663
5.78822994
-1.67822516
-1.76461434
6.73859882
5.7937603
1.21214652
1.17439485
3.35198331
-0.301788837
-1.41103101
-1.7568593
-0.642516673
4.82115459
1.89000416
5.31241465
6.71631622
-1.51019049
5.51174974
-0.941172957
1.42194057
0.383400679
-0.382188797
-0.695659995
-0.588451266
-0.612081707
-1.2168467
0.167732552
-1.41523576
0.159233004
6.49476385
-0.552290738
3.63806558
5.10317755
5.04059219
-0.967014253
-1.29637122
-1.11000347
1.63838375
4.16344452
2.48814416
-1.18379748
4.36556959
-0.0215709098
4.07113314
4.15803432
-0.187347397
6.78646803
1.03186858
2.16477299
1.99234843
5.82795
2.03547859
-1.27982283
-1.58295035
-0.211903781
-0.722991765
-0.826196551
-1.62736893
0.117390163
-0.695171237
-0.176315844
-1.62473655
5.30714607
-1.55198634
5.82800055
5.68469381
1.84013426
0.113085076
-0.136723921
0.869061947
4.66908455
6.33402824
-0.184309751
4.95705462
2.42939925
-0.654401898
-0.0893602297
-1.28017604
-1.60646307
-1.45382643
6.38602924
-0.574061513
3.42904878
0.0727840215
-1.20061743
-0.924939692
-0.228219658
-0.222120106
0.363968551
-1.25126386
-0.466209412
-0.796056867
-0.334512204
-0.592653811
1.56617379
4.62763071
2.35688567
-1.59165657
-1.48681164
2.85406947
-0.79146111
3.57973838
2.50502539
6.50148296
5.97247458
-0.611005843
1.32383227
-1.31476259
-0.550657094
7.48314428
3.17567945
-0.396154076
1.52065969
7.00803518
-0.698199749
-0.452175885
4.66659117
5.01095676
2.72186232
5.26334333
3.82039475
2.96663094
0.422293425
2.33639717
-0.280843318
-0.506630301
-0.503808558
-1.17236936
-1.04796028
7.16269207
-0.0503399558
-1.00267553
-1.32892704
-1.55039465
5.51085424
-1.46248388
4.33399534
5.36191702
6.13891459
-1.6949259
-0.59853065
4.26092148
-1.35282028
-0.452027142
-1.23842692
5.30152082
4.33756495
4.94469929
-1.22635639
-0.228530854
-0.326851785
2.82180667
-0.96238929
-0.204604745
-0.788597584
3.9765842
-0.187264144
0.544178367
-0.698617756
4.93798208
-0.113609448
5.3618145
-0.484583169
7.15408278
7.75103664
-0.140506744
-0.800170302
-0.433134407
0.439356625
7.46029043
5.07026005
4.82014751
-1.32587206
-0.916654885
2.25886464
5.98587132
0.872651935
-1.45717108
5.53427649
5.61865664
-0.788102329
4.20986938
-0.83309859
6.48489952
-1.29305506
-0.229267284
7.14261198
-1.01919401
-0.179197371
-0.55152142
-1.73554265
-1.63805807
0.0321138352
-0.968813777
7.91240549
-0.45865351
-1.72997904
6.8932147
5.42682076
2.39937091
4.6620903
-1.32880151
-0.781442225
5.27618551
3.13715172
-1.32442677
3.28857875
-0.188461274
-1.81407893
-1.54283881
-0.894945621
5.35940981
0.780867934
3.63575649
0.444344103
-1.42564821
-0.77696085
-0.729112267
-1.658252
-0.293972999
4.7023859
-0.157250077
-1.42685437
6.48235035
1.54782474
-1.77307045
0.246011689
-0.946226835
-1.306885
-0.259457409
1.83695328
-0.951264501
-0.305918843
2.62994075
-1.5194155
7.59447193
-1.58517587
0.41695112
0.117243148
7.81330395
0.866431236
-0.401669651
-0.109504715
2.17073274
7.69663095
-0.903282404
-1.77377856
4.61632013
-0.569057524
3.72705626
2.05211139
4.3440218
3.76299167
-0.61409843
-1.67076921
0.736219943
5.01614189
-1.19133997
4.46628141
-0.129716039
3.12622809
2.10777354
4.98396301
-1.60196471
4.4190464
-0.155174881
-0.757377207
-1.6727103
-1.10194397
-1.6796782
6.93393564
0.246137425
7.82596302
0.688491166
-0.90451622
4.05265474
-1.13262081
-0.52442807
4.49346495
5.85277224
-0.616276145
-1.37692499
-0.483929694
6.23178434
3.89292336
6.31419992
-0.415635854
7.57957745
-0.013921503
-0.00908089429
6.78896761
0.308413655
4.81836939
3.63330126
-1.54393435
1.63925278
5.15746069
0.727590382
-0.655558109
-1.53974736
2.57470751
-0.709515214
1.64194608
-0.27090773
3.036237
-0.544327736
-1.67803121
5.92059469
-0.540615857
7.97040939
-0.826630354
7.68043661
7.16647005
-1.55818236
2.20020056
-0.50119257
4.8175354
2.87056971
7.24463034
-1.30980861
1.72116649
4.50099134
-1.70573711
-1.58681107
4.4562459
-0.490128934
-0.429533869
1.07591426
1.68151724
2.86499286
7.18117666
-0.469284296
4.20935154
1.18274844
0.471358091
-0.373875171
2.39297175
-0.918090641
-1.41735506
3.77079773
-0.00350547908
-0.414379627
0.986763358
-0.873485565
-0.878937542
-0.196998596
7.9418416
-0.786218107
6.66366243
-0.03226595
-1.38366282
5.64522076
-0.175843492
6.37886429
-0.201258957
-1.51143408
2.91086817
5.52833939
-0.66151154
-0.559440613
-1.59522343
0.674741805
6.26130676
5.62179279
3.38894558
6.8371911
2.20320034
4.69914198
0.140091926
-1.38833773
-1.09640539
-1.32411814
4.64596891
-1.7369585
0.864342988
-0.480659097
4.85858774
0.826350927
1.79117382
-1.51720989
-0.699267387
7.99352074
3.5019145
0.411130488
4.306633
5.17343044
-1.56291413
7.5580759
2.27741742
-0.183426857
2.88174391
-0.570112467
6.04736233
4.48420668
2.23670292
-1.16613519
7.46023369
-0.247066274
6.57139635
-1.63015294
-1.37807596
-1.27227664
-1.22959065
-0.650243938
3.34931421
-0.56458205
7.05446482
6.31881475
5.53493929
-0.914447188
2.16091347
0.813462675
-1.37437558
-0.722976506
0.535648465
0.0411703177
-1.2150017
7.06571198
-1.26795435
2.53972602
3.53012419
1.68222249
5.48048019
1.01788855
5.20378017
-1.72929728
-1.66664004
2.26325965
1.22833967
2.41807961
4.27134418
-0.305848449
2.22385907
-0.00719378004
2.0346241
-0.771203935
7.30640268
-0.0625356659
4.87501049
2.95985341
-0.742742479
-1.56576562
-1.61365223
-0.221446499
-0.0577458553
-1.08524907
1.70656419
-0.687197566
3.49380612
3.74719596
5.77243805
7.60598612
-1.35385752
-0.474685937
0.986419439
-0.663241744
-0.122933924
-0.852603912
-0.924297512
-1.47835732
-0.769222677
-0.424783945
1.84603906
-0.923009038
5.84492016
-1.24776793
-0.632735312
1.24299264
-0.686711967
4.20994186
-0.00635967916
0.235597432
-0.00454773614
-0.702018261
-1.7483536
7.12372494
0.087111406
7.46698618
-1.04447043
-0.539384663
-1.64801848
-0.0187212527
6.11743164
2.46816063
-0.107848205
0.587051988
5.55475807
-0.253264844
6.11929178
3.64012909
4.2217083
-0.491563052
-0.36453408
1.12450635
-1.11959732
0.851566851
-1.56371701
0.0680884644
4.23046589
-0.807690859
7.82545137
2.88637829
-1.39769304
7.60132504
-0.389019728
4.71835566
-0.590020597
7.02317715
4.07944298
-1.10345447
0.145960256
0.0012464571
-1.66722107
-1.33086658
-0.612184107
-0.0962714478
-0.15770863
1.70016837
0.248091713
-0.630791903
1.8090899
-1.23749256
7.84985161
3.82910967
-0.736140728
-0.599964023
5.25263023
0.517437279
3.33983684
-0.734101295
5.05198145
-0.48268804
2.78090239
7.67836857
1.33923423
4.74807692
3.60518742
3.00869846
-1.73562717
-0.0931692198
7.47313118
4.52646399
4.41859245
1.24215031
3.54240179
1.33637238
-1.20812249
2.06440377
1.91577291
5.45867395
-1.29148912
2.89163041
-1.71757483
7.17128277
-1.43038309
-1.76389635
-0.683127582
-1.27808535
3.04800415
-0.328616172
4.39955664
6.72833538
5.96508312
3.77339625
-1.60496867
-1.3270309
-1.07308042
-0.641485035
2.59562874
0.407634437
-0.682907164
-1.19833112
6.59398651
-0.578134298
-0.534281075
4.35183668
3.5347929
2.29294562
3.09301305
1.76122522
-1.12836468
-0.929429829
0.929386437
-1.00882089
7.56656981
-0.742079973
-0.77365154
-1.07331479
3.2798121
-0.670850635
-0.554388344
6.93920612
4.72648573
-0.830655694
-1.38646173
2.82595587
-0.44112134
7.68256855
5.09403944
7.27374172
4.87385321
-0.76834029
-0.778688788
3.42626071
-0.563333809
-0.211287603
-0.89303875
-0.0767093673
-1.09241736
0.617246807
6.92838287
3.13874078
-1.32999921
1.85083258
1.38928795
-0.9443205
2.71734333
0.496663839
2.20711327
-1.64086604
-0.317894995
3.47772884
-1.46466875
4.33225679
-1.81433475
0.805641055
6.86559486
-0.34133935
6.96051359
6.05439377
-0.0826887563
-1.10199475
7.42262459
-0.655718446
2.3343668
6.52699137
-1.50531065
1.18613362
0.562436402
3.56988287
6.98671007
6.61167574
-1.19142914
6.11591959
-1.18877482
6.7141571
7.95474863
-0.37768656
-0.0169257093
6.98573971
7.3941021
6.81663513
6.02789068
-1.79935372
1.08738995
-1.43989742
7.72790241
-0.789940655
7.82559156
0.692807734
-0.0223211255
7.01696825
5.61695576
-0.117257178
-1.12635827
-1.42029524
-1.23752105
-0.15064694
-0.890028775
-1.15060341
3.78588629
4.65228271
1.0844996
4.11652422
-1.189852
5.69834423
6.35268402
5.23183727
0.244490549
-1.51529479
2.70809364
-1.15580237
-1.31775641
-0.646793902
-0.92382741
-0.877120674
-0.969755411
4.06010628
7.26455736
-0.726198614
3.56612039
-1.79140234
2.45893383
3.08429742
-1.60554409
-1.39984226
-0.708376765
-0.346805751
0.0403275415
6.32189369
3.25691247
-0.693080842
-1.4028089
6.6580863
-0.7515288
1.83400714
-1.02986181
-1.34358108
-1.27165294
3.96375728
1.69182312
-0.308566064
0.787752151
-0.106963724
0.600283027
2.62551093
-1.03249073
-0.925960124
4.07583284
5.97016096
-1.53314221
-0.195257425
3.26025796
-1.54695678
1.02669954
-1.60688722
0.762387991
0.0877928957
1.16322684
-1.28387463
-0.630235314
0.325464666
-1.40711999
-1.08019459
1.3303628
-1.49988067
0.166005671
4.93907356
-0.170748234
0.211965486
-0.158405587
-1.62163186
-0.137946218
4.91064548
3.57248139
-0.381521404
5.0632515
3.93287182
1.25298023
-1.66727066
-0.570060849
-1.59954703
7.90597868
6.95332479
-1.58026314
6.94040918
-1.71697211
-0.334154576
4.3035531
4.25324297
7.65333271
2.33409309
-0.292006254
7.88570547
-0.430908084
5.91392469
6.50827694
-0.455966383
2.92368555
2.58868051
0.628804207
2.45654559
-0.558177114
-1.17893004
0.596135795
0.461480647
3.64573026
-1.01680255
-1.82059801
-1.74997056
-0.739335716
2.77599764
0.711125433
0.51093775
5.17376709
-0.925789177
-0.564080954
-0.82261771
6.99856567
3.60038304
-1.41956961
4.9516511
-0.296117812
4.25685549
6.14010572
-1.77596545
-1.07770073
-1.46337879
-1.71022034
1.56455839
3.25258017
-1.65485358
3.84865737
-0.35836041
-0.974089384
-1.03667963
5.81968403
-1.62637186
0.0623335838
-0.772700667
5.05257988
3.70427966
-0.664019763
1.56668282
2.76051044
-0.657561243
-0.726863801
-1.30804515
2.56339884
-1.02284324
-0.731496513
-1.60982203
7.17632389
6.07542229
6.58524275
2.01589012
-0.266931206
-0.0160571132
7.55664396
7.06538248
2.74148035
4.57287359
-0.664640367
-0.306809694
-1.28620219
-0.452979326
4.07065773
-0.0970976576
5.58945513
-0.730633199
3.32122874
4.89241838
6.63585901
0.998175204
7.48457909
0.916588128
-1.3416599
-0.94285208
-1.08776534
2.34729362
6.75561762
5.55413437
-1.4942987
3.59335542
-1.13490069
-0.848974228
2.77875066
1.64675272
5.97792721
-1.14340138
4.18714285
3.58888388
0.941607594
-0.0755545795
5.91158152