2.23082876
-1.74162722
-0.824892521
-1.01489389
3.78353953
2.82719183
6.27487326
-1.51455772
-0.286286682
-1.72407687
-1.0316608
0.0856846124
-1.73603487
-1.10426199
2.39815092
0.719063699
-1.02505112
1.42825091
4.9508872
-1.80950463
4.89310789
3.17023039
-0.585748076
-1.26324189
7.31540918
-0.59915334
-1.49326527
-1.47870672
5.55990982
1.65961647
4.91405249
3.67570853
0.579649448
7.56985235
-0.445373952
0.832650125
5.27047443
1.89631605
5.7873106
1.2376343
3.27314949
-1.66531062
-0.997706354
-0.772244155
-1.54076278
-0.979766786
-1.46299469
-0.814096808
2.17095113
-0.495615363
-0.47600314
-1.06514096
-0.854414701
6.98647356
2.36856627
1.74609613
-1.20582497
3.66602874
-1.23419082
-0.441996723
7.83237362
2.23999619
0.911195874
2.9538281
5.48563051
4.41599846
-0.993490398
-1.71563256
-0.676672161
-0.8516168
-1.0597297
7.08655548
6.02188206
-0.679514468
2.48701859
-0.382683039
6.63276148
-0.150876552
-0.862106085
-0.929032505
0.981890142
-0.869947433
1.35337579
6.36516619
-0.368864834
-1.02915728
7.96060181
0.1524207
-1.49999881
-1.66057336
-1.43128657
2.03913665
4.67326975
-0.285413444
-1.60039842
-0.4340626
7.93794203
0.465829521
7.53725386
5.77247524
-1.79123628
3.53154922
2.9073658
0.591525316
-0.854974329
2.25538874
-1.42430866
-0.239194095
-0.169679746
7.26105499
6.01364708
-0.8675735
0.00937780924
-1.17827654
6.60204554
5.92829704
-0.739035785
2.22319198
1.74352336
-1.27292264
4.2001729
0.630064487
4.45802355
0.485658765
-1.83123636
-0.644761145
-1.76191866
6.8655777
6.05954981
5.30664825
-0.705781519
-1.62094104
6.0481534
7.15119123
-1.51927066
-0.0513682999
-1.57955408
4.16963482
4.25335073
-1.36256456
-0.0906312838
0.796857476
-0.861459076
5.95892859
-0.281827569
-1.05674005
0.62873745
3.67889714
-1.09577942
-0.6903736
7.92238951
2.39804888
-0.226966366
0.281213462
-1.3896513
-1.00944304
-0.593686283
1.41293955
-0.98957938
-1.02586961
-1.57302535
2.09764743
-0.993880093
6.48672009
5.7541666
-1.57352304
-0.960649729
2.70364451
-1.0477984
-1.34818995
6.96822786
1.13668954
-0.100206241
4.55391073
4.91995192
-1.13516366
-1.47792041
-0.252812356
-0.280211747
-0.120909549
3.66521358
2.7738328
7.74664354
-1.47246778
-0.357055306
-0.589223802
5.78676081
-0.921593487
-1.13590074
-0.188417003
-0.286433995
-0.812001169
-0.917376459
6.7722497
-0.208520606
5.78158569
0.805204988
-1.64784276
7.98851967
5.37644148
7.50394011
6.82187176
5.5791316
-1.22352588
-0.0526492074
-1.04959333
-0.362852275
-1.6183368
-0.443765253
7.76494169
-0.860922158
4.54512978
-0.16496931
-0.282305896
7.31708241
7.92676306
0.892293155
3.49453235
-1.26574492
-0.745404661
7.49935007
1.26688468
0.675123215
3.96760893
-1.62372744
1.34684145
0.0456061251
5.64351845
-1.25608003
7.37246227
-1.53959131
-1.15197515
1.5205617
2.80340075
-0.970919073
-1.39374912
6.24459696
-0.93054378
1.51230645
1.91010416
-0.296175301
1.33875668
0.364523441
6.95530033
-1.08438301
3.45906878
-0.95815146
-0.382118583
2.74704361
-0.733344078
-0.674017012
4.02983189
-1.56734192
-0.152953088
7.97527122
7.93754339
-1.56471074
-1.05176759
-0.860931814
6.93214989
6.09382677
6.06832409
-0.478400707
-1.25492835
5.33991909
3.25663877
1.78684425
7.79572916
2.46362114
-1.80464864
5.0736661
-0.73561126
2.61421943
7.02288008
-1.34093261
-1.41009498
-1.44086814
0.851578236
-0.834723234
1.67727721
3.48179507
-1.08680987
2.14780736
-0.865392387
-0.0420498773
6.48538399
5.53765965
-1.49490559
-0.280222178
-0.818839192
-1.82033241
4.33790779
2.19381404
-0.872830749
3.85969448
0.826886714
-0.265147954
-1.79787779
-1.55743921
6.12970209
6.46285725
0.729444623
5.35352039
1.32015312
-1.29032278
-1.36603308
-0.7030527
6.38370371
4.737957
5.77124119
6.38279438
-1.06305265
-0.91839093
-1.4564234
4.48185968
6.14615536
-0.343282908
1.93058419
-1.2666378
6.8780961
5.83369112
7.61929655
4.97234774
6.10265923
-1.74245012
3.78503156
-0.615319967
6.89305401
4.83576202
5.8250246
4.97198915
-0.855045736
4.59799194
-1.43698275
5.95466852
5.73749208
-1.01774311
5.06538582
-0.145554811
-0.714300215
4.72552776
-0.998816609
-1.74656379
-1.12519085
-0.629706144
5.82964706
7.47022581
-0.809875071
2.26370788
-0.367845923
7.69839478
0.57945174
7.02779436
-1.41041362
7.52640963
-1.17858469
7.40054893
-0.859956682
-1.4358573
-0.239932895
3.65672088
-0.683183193
1.69934165
0.182768956
-0.420950085
1.22540867
-0.899350822
3.34056449
-1.82713199
6.80920267
0.615231931
3.51087999
3.87120128
2.73005605
-0.49785462
-1.5767628
2.62780285
-0.6225999
-0.68230933
5.56824446
3.51606822
-0.732151687
-0.69928962
-0.335892677
-0.357865244
-0.74926424
-1.36661136
-0.291696787
7.04581881
2.83708715
6.44488859
1.84823871
-0.729850471
0.76699543
-1.83184493
-0.78131634
-0.25707677
1.27975655
2.47529006
-0.128376633
-0.212080747
-1.04976153
-0.0983173251
6.41889334
4.73639631
-1.21113157
-1.52241635
0.247232154
2.12705374
-0.604309738
5.0947752
4.01821041
2.76473069
-1.00965095
-1.1031903
-1.74377358
-0.935577393
-0.0911667421
5.59580326
-1.56629646
-0.313716292
2.07624602
-1.12040412
3.14166808
-0.0206170473
-0.938723803
2.49692822
-1.81300235
4.0154314
4.32073879
-1.44251335
-0.274463981
-1.18841553
7.32745647
0.287324011
-1.64919937
-0.919606328
5.57338142
-0.159639984
4.82266569
2.68124366
7.80627918
1.52723706
7.20063353
6.262815
1.80243719
3.50838327
0.0764506385
5.28910685
0.765951216
6.35532951
3.89848709
-0.0928604007
-0.882964373
-0.926787674
2.20258307
4.25301886
0.340797007
2.02797508
-0.826476038
-1.54922771
-0.785663426
-0.837044656
-0.661064923
0.642435551
-1.32596183
-0.98537457
3.1031971
3.30270624
-1.59782755
-0.338802338
0.681778252
-0.308827817
-1.07494068
-0.292807132
6.47741556
1.34527063
3.1283679
5.70771265
4.24951315
-0.438602924
-1.81171441
-0.543551028
4.05560207
5.6551671
7.2548852
-0.296921968
3.96025062
0.73811698
1.65204144
-1.02469146
-1.02878737
-0.235268101
-1.72690904
-0.600858331
2.86627007
-0.35083887
-1.22816932
-0.119569451
-1.36536479
1.95611143
-1.73445642
-0.388592392
1.03027177
-1.7339592
2.28399444
-1.33576858
-0.140439048
-1.64895642
-0.443285853
-1.05724561
-0.634898722