2.23082876
-1.89995694
-0.899882734
-1.10715699
3.78353953
2.82719183
6.27487326
-1.65224469
-0.312312722
-1.8808111
-1.12544811
0.0856846124
-1.89385617
-1.20464945
2.39815092
0.719063699
-1.1182375
1.42825091
4.9508872
-1.97400498
4.89310789
3.17023039
-0.638997912
-1.37808204
7.31540918
-0.653621793
-1.62901664
-1.6131345
5.55990982
1.65961647
4.91405249
3.67570853
0.579649448
7.56985235
-0.485862494
0.832650125
5.27047443
1.89631605
5.7873106
1.2376343
3.27314949
-1.81670249
-1.08840692
-0.842448175
-1.68083215
-1.06883645
-1.59599423
-0.888105571
2.17095113
-0.540671289
-0.519276142
-1.16197193
-0.932088733
6.98647356
2.36856627
1.74609613
-1.31544542
3.66602874
-1.34639001
-0.482178241
7.83237362
2.23999619
0.911195874
2.9538281
5.48563051
4.41599846
-1.08380771
-1.87159908
-0.73818779
-0.929036498
-1.15606868
7.08655548
6.02188206
-0.741288483
2.48701859
-0.417472392
6.63276148
-0.164592594
-0.940479338
-1.01348996
0.981890142
-0.949033558
1.35337579
6.36516619
-0.40239799
-1.12271702
7.96060181
0.1524207
-1.63636231
-1.81153452
-1.56140351
2.03913665
4.67326975
-0.311360121
-1.74588919
-0.473522842
7.93794203
0.465829521
7.53725386
5.77247524
-1.95407593
3.53154922
2.9073658
0.591525316
-0.932699263
2.25538874
-1.55379128
-0.260939002
-0.185105175
7.26105499
6.01364708
-0.946443796
0.00937780924
-1.28539252
6.60204554
5.92829704
-0.806220829
2.22319198
1.74352336
-1.38864291
4.2001729
0.630064487
4.45802355
0.485658765
-1.99771237
-0.703375757
-1.92209303
6.8655777
6.05954981
5.30664825
-0.769943476
-1.76829934
6.0481534
7.15119123
-1.65738618
-0.056038145
-1.7231499
4.16963482
4.25335073
-1.4864341
-0.098870486
0.796857476
-0.9397735
5.95892859
-0.307448238
-1.15280724
0.62873745
3.67889714
-1.19539571
-0.753134847
7.92238951
2.39804888
-0.247599661
0.281213462
-1.51598322
-1.10121059
-0.647657752
1.41293955
-1.07954109
-1.11913049
-1.71602762
2.09764743
-1.08423281
6.48672009
5.7541666
-1.71657062
-1.0479815
2.70364451
-1.14305282
-1.4707526
6.96822786
1.13668954
-0.109315895
4.55391073
4.91995192
-1.23836029
-1.61227679
-0.275795281
-0.30568552
-0.131901324
3.66521358
2.7738328
7.74664354
-1.60632849
-0.389514863
-0.642789602
5.78676081
-1.00537467
-1.23916435
-0.205545813
-0.312473446
-0.885819435
-1.00077426
6.7722497
-0.227477014
5.78158569
0.805204988
-1.79764664
7.98851967
5.37644148
7.50394011
6.82187176
5.5791316
-1.33475554
-0.0574354976
-1.14501083
-0.395838827
-1.76545835
-0.484107524
7.76494169
-0.939187765
4.54512978
-0.179966524
-0.307970047
7.31708241
7.92676306
0.892293155
3.49453235
-1.38081264
-0.813168705
7.49935007
1.26688468
0.675123215
3.96760893
-1.77133894
1.34684145
0.0456061251
5.64351845
-1.37026906
7.37246227
-1.6795541
-1.25670016
1.5205617
2.80340075
-1.05918443
-1.52045357
6.24459696
-1.01513863
1.51230645
1.91010416
-0.323100328
1.33875668
0.364523441
6.95530033
-1.18296325
3.45906878
-1.04525614
-0.416856617
2.74704361
-0.800011694
-0.735291243
4.02983189
-1.70982754
-0.166857913
7.97527122
7.93754339
-1.7069571
-1.14738274
-0.939198315
6.93214989
6.09382677
6.06832409
-0.521891654
-1.36901271
5.33991909
3.25663877
1.78684425
7.79572916
2.46362114
-1.96870756
5.0736661
-0.802484989
2.61421943
7.02288008
-1.46283555
-1.53828537
-1.57185614
0.851578236
-0.910607159
1.67727721
3.48179507
-1.18561077
2.14780736
-0.944064379
-0.0458725914
6.48538399
5.53765965
-1.63080609
-0.305696905
-0.893279076
-1.98581719
4.33790779
2.19381404
-0.952178955
3.85969448
0.826886714
-0.289252311
-1.96132123
-1.69902456
6.12970209
6.46285725
0.729444623
5.35352039
1.32015312
-1.40762484
-1.49021792
-0.766966581
6.38370371
4.737957
5.77124119
6.38279438
-1.15969384
-1.001881
-1.58882546
4.48185968
6.14615536
-0.37449044
1.93058419
-1.3817867
6.8780961
5.83369112
7.61929655
4.97234774
6.10265923
-1.90085459
3.78503156
-0.671258152
6.89305401
4.83576202
5.8250246
4.97198915
-0.932777166
4.59799194
-1.56761754
5.95466852
5.73749208
-1.11026514
5.06538582
-0.158787057
-0.779236555
4.72552776
-1.08961809
-1.90534222
-1.22748089
-0.686952174
5.82964706
7.47022581
-0.88350004
2.26370788
-0.401286453
7.69839478
0.57945174
7.02779436
-1.53863299
7.52640963
-1.28572869
7.40054893
-0.938134551
-1.5663898
-0.261744976
3.65672088
-0.745290756
1.69934165
0.182768956
-0.459218264
1.22540867
-0.981109977
3.34056449
-1.99323487
6.80920267
0.615231931
3.51087999
3.87120128
2.73005605
-0.543114126
-1.72010481
2.62780285
-0.679199874
-0.74433744
5.56824446
3.51606822
-0.798710942
-0.762861371
-0.366428375
-0.390398443
-0.817379177
-1.49084878
-0.318214655
7.04581881
2.83708715
6.44488859
1.84823871
-0.796200514
0.76699543
-1.99837625
-0.852345109
-0.280447394
1.27975655
2.47529006
-0.140047237
-0.231360808
-1.14519441
-0.107255258
6.41889334
4.73639631
-1.32123446
-1.66081786
0.247232154
2.12705374
-0.659246981
5.0947752
4.01821041
2.76473069
-1.10143733
-1.20348024
-1.90229845
-1.02062988
-0.0994546264
5.59580326
-1.70868707
-0.342235953
2.07624602
-1.22225904
3.14166808
-0.0224913247
-1.02406228
2.49692822
-1.97782075
4.0154314
4.32073879
-1.57365084
-0.299415231
-1.29645324
7.32745647
0.287324011
-1.79912651
-1.00320685
5.57338142
-0.174152702
4.82266569
2.68124366
7.80627918
1.52723706
7.20063353
6.262815
1.80243719
3.50838327
0.0764506385
5.28910685
0.765951216
6.35532951
3.89848709
-0.101302251
-0.963233829
-1.01104105
2.20258307
4.25301886
0.340797007
2.02797508
-0.901610196
-1.69006658
-0.857087374
-0.913139582
-0.721161723
0.642435551
-1.44650376
-1.07495403
3.1031971
3.30270624
-1.74308455
-0.369602531
0.681778252
-0.336903065
-1.1726625
-0.319425941
6.47741556
1.34527063
3.1283679
5.70771265
4.24951315
-0.478475899
-1.97641563
-0.592964768
4.05560207
5.6551671
7.2548852
-0.323914856
3.96025062
0.73811698
1.65204144
-1.11784518
-1.1223135
-0.25665611
-1.88390076
-0.655481815
2.86627007
-0.382733315
-1.3398211
-0.130439401
-1.48948884
1.95611143
-1.89213419
-0.423918962
1.03027177
-1.89159179
2.28399444
-1.45720208
-0.153206229
-1.7988615
-0.483584553
-1.15335882
-0.692616761