2.01440263
-0.0038020967
-0.0957804173
-0.0522143282
3.69940734
2.66922998
6.26307964
-0.00889828242
-0.27837038
-0.0040631895
-0.0493733324
0.0446766503
-0.0038834631
-0.0386132225
2.19835186
0.483498991
-0.0504763275
1.15206814
4.91609526
-0.0029379793
4.85669231
3.04246521
-0.184095278
-0.0221621431
7.31054592
-0.178339019
-0.00962612964
-0.0101565169
5.53859091
1.39438736
4.87823296
3.58489776
0.371547639
7.56594944
-0.243454665
0.580286324
5.24351692
1.64879763
5.76961994
0.959354639
3.15366697
-0.00507113477
-0.0552771166
-0.112055629
-0.00807528663
-0.0586426966
-0.0107605066
-0.0989594758
1.94866824
-0.223084807
-0.231269255
-0.0441125445
-0.0874982923
6.98002148
2.16581392
1.48673046
-0.0271471124
3.57459831
-0.0245655403
-0.244740367
7.8292675
2.02447295
0.649905741
2.80744839
5.4629817
4.36327934
-0.056052316
-0.00419496978
-0.146476075
-0.0882576182
-0.044926919
7.08063459
6.00731373
-0.145367146
2.29608202
-0.264575481
6.6240406
-0.224573925
-0.0854382217
-0.0691504776
0.71430856
-0.0833789036
1.07550204
6.35423422
-0.268230885
-0.0497885384
7.95782518
0.0820071474
-0.00938995369
-0.00516225351
-0.0120864324
1.80432045
4.63001776
-0.278344035
-0.0064677638
-0.247706786
7.93510962
0.286203891
7.53323984
5.75456667
-0.00314955227
3.4311552
2.75679135
0.380773723
-0.0873470455
2.0413847
-0.0123986257
-0.271821111
-0.239090845
7.25595856
5.99897909
-0.0839980096
0.00471089035
-0.029895626
6.5930953
5.91255188
-0.123319492
2.00601482
1.48397207
-0.0214118119
4.13813019
0.41111964
4.40696764
0.300663173
-0.00270435773
-0.159241021
-0.00352060958
6.85842371
6.04543114
5.28046465
-0.135353953
-0.00598959206
6.03389978
7.14558935
-0.00874451641
-0.0995675251
-0.00699075963
4.10616255
4.19373035
-0.0155192269
-0.159141272
0.549275339
-0.0856099725
5.94357824
-0.278200924
-0.0453826711
0.410064548
3.58828998
-0.0397494584
-0.141175389
7.91951847
2.19823956
-0.268232971
0.160247728
-0.0140673779
-0.0531688854
-0.180680543
1.13632715
-0.0567800477
-0.0503385402
-0.00716284569
1.86832082
-0.0559802614
6.47685289
5.73598623
-0.0071495818
-0.0624262281
2.53396726
-0.0467707962
-0.0163467806
6.96167517
0.860555112
-0.171579257
4.50647593
4.88429928
-0.0347216129
-0.0101859486
-0.274851322
-0.278117895
-0.195781454
3.57373095
2.61085725
7.74329758
-0.0103923306
-0.270985931
-0.182598114
5.76906204
-0.0708201751
-0.0346333757
-0.251012892
-0.278374523
-0.0995859951
-0.0717818886
6.76450348
-0.261160582
5.76381111
0.556466579
-0.00541508198
7.98580933
5.35169411
7.49980879
6.81444597
5.55814505
-0.0255078562
-0.101733387
-0.0464891121
-0.269678354
-0.00604825467
-0.244068772
7.7616477
-0.0857527331
4.4973731
-0.235700339
-0.278223276
7.3122263
7.92390251
0.632959902
3.39155459
-0.0219657905
-0.121099979
7.49520159
0.988434851
0.447369963
3.89394093
-0.00592744164
1.06887054
0.0233229529
5.62360859
-0.0227331538
7.36783266
-0.00811045244
-0.0327597298
1.24780512
2.64321256
-0.0603680499
-0.0138593866
6.23250008
-0.0688154101
1.23918808
1.66375971
-0.278443515
1.06067741
0.215118036
6.9486742
-0.0413241759
3.35356855
-0.0629360899
-0.264733285
2.58152366
-0.125326529
-0.14751631
3.95944357
-0.00731598539
-0.226307511
7.97252941
7.9347105
-0.00738795428
-0.0461499467
-0.0857501552
6.92539167
6.0801053
6.05430841
-0.230281904
-0.0228262581
5.31442976
3.13585329
1.53050351
7.79252243
2.27035451
-0.00299282139
5.0421052
-0.1245244
2.4358542
7.01662683
-0.01678041
-0.0130586671
-0.0116700353
0.596869588
-0.0929559469
1.41317928
3.37791681
-0.0409841351
1.92328358
-0.0845701545
-0.0833515301
6.47550535
5.51595068
-0.00956807286
-0.278118491
-0.0975529775
-0.00281920913
4.28196907
1.97375822
-0.0826320127
3.7800324
0.57526195
-0.276769519
-0.00307096425
-0.00759042939
6.11638498
6.45278883
0.492144167
5.32831001
1.04187441
-0.0201232042
-0.0153256208
-0.136373922
6.37294102
4.69682884
5.7533145
6.37202311
-0.0444252156
-0.0715495199
-0.0110232504
4.43172646
6.1330204
-0.273722112
1.68600631
-0.0218961481
6.87101841
5.81666374
7.61555815
4.93814182
6.08903837
-0.00379026611
3.70098877
-0.171472475
6.88606596
4.7976656
5.80787563
4.93777323
-0.0873277709
4.55214262
-0.0118371975
5.93926382
5.7190609
-0.0517214909
5.03361654
-0.219979852
-0.132200986
4.68399906
-0.0550745539
-0.00373165822
-0.0359361582
-0.165447012
5.81256342
7.46597147
-0.100224786
2.05052638
-0.268482566
7.69490433
0.371394485
7.02156687
-0.013043507
7.52235746
-0.0298634972
7.39603043
-0.0860098898
-0.0118860463
-0.272011101
3.56469107
-0.143942937
1.4367063
0.0997124314
-0.252425909
0.947257996
-0.076018624
3.22629881
-0.00274704141
6.80169678
0.399367571
3.40904951
3.79219699
2.56291413
-0.222136527
-0.00706383679
2.4507668
-0.168412492
-0.144281447
5.5470705
3.4145999
-0.125749767
-0.137788355
-0.274960548
-0.270808578
-0.119768552
-0.0152935674
-0.278461128
7.03968668
2.6800468
6.43466663
1.59673083
-0.12656936
0.52375859
-0.00269808434
-0.109112412
-0.275600672
1.00129211
2.28318596
-0.20363079
-0.262687117
-0.0464627892
-0.169188783
6.40844488
4.69521809
-0.0266455896
-0.00864331797
0.13881965
1.90053308
-0.176139042
5.06374121
3.94721937
2.60089254
-0.0531322025
-0.0387551226
-0.00377131207
-0.0677094534
-0.159858018
5.5751009
-0.0073444983
-0.277608842
1.84489584
-0.0365329236
3.01153755
-0.0429605767
-0.0670259446
2.30697751
-0.0028990861
3.94429517
4.26406908
-0.0115999412
-0.277727515
-0.0288551692
7.32264376
0.164159954
-0.00538757769
-0.0712719858
5.55229568
-0.231667742
4.7841754
2.50940466
7.80310154
1.25478065
7.19526482
6.25090122
1.54729378
3.40637851
0.0396857858
5.26255083
0.522872269
6.34430647
3.82102489
-0.162108511
-0.0800506696
-0.0696507543
1.98338485
4.19338369
0.199156374
1.79212797
-0.09532094
-0.00782554131
-0.107722595
-0.0922987312
-0.152649045
0.420990437
-0.0177098066
-0.0575717315
2.96983528
3.18553138
-0.00653015543
-0.274493009
0.452793121
-0.277959883
-0.0426717736
-0.278464496
6.46747017
1.06727767
2.99712634
5.68882418
4.18972111
-0.246018797
-0.00291334931
-0.202423722
3.98653507
5.63544655
7.24976206
-0.278432608
3.88618636
0.499398112
1.38633823
-0.0505369715
-0.0498501398
-0.270760953
-0.00401990162
-0.177610621
2.71193194
-0.272287458
-0.0250934809
-0.194324106
-0.0153627461
1.7137717
-0.00390673475
-0.262882084
0.759277999
-0.00391409313
2.07282257
-0.0170956198
-0.215355903
-0.00539249321
-0.244251192
-0.0453052968
-0.16329439