2.20246053
-0
-0.000413328205
-7.65503682e-06
3.78334999
2.82101488
6.27487326
-0
-0.13237752
-0
-5.09822712e-06
0.0457676835
-0
-7.18027025e-07
2.37878871
0.549267828
-5.99869327e-06
1.31860268
4.95088673
-0
4.89310741
3.16815853
-0.0130758835
-0
7.31540918
-0.0112143178
-0
-0
5.55990982
1.57897639
4.91405201
3.67540717
0.416694969
7.56985235
-0.0504433848
0.663926482
5.27047443
1.84141004
5.7873106
1.10384023
3.27170491
-0
-1.1677339e-05
-0.00101452006
-0
-1.77107177e-05
-0
-0.000500343682
2.13870072
-0.0328152329
-0.0390841477
-2.0777677e-06
-0.000240672132
6.98647356
2.34779882
1.67545509
-1.56813314e-07
3.66571498
-1.60502196e-07
-0.0518133901
7.83237362
2.21219063
0.74606055
2.94962096
5.48563051
4.41598988
-1.27907952e-05
-0
-0.00422139233
-0.000253617007
-2.4806543e-06
7.08655548
6.02188206
-0.00406079646
2.47143531
-0.0794207081
6.63276148
-0.168028414
-0.000208083351
-5.41262052e-05
0.821620107
-0.000179090508
1.23408878
6.36516619
-0.0866850615
-5.48737034e-06
7.96060181
0.0854426697
-0
-0
-0
1.99702132
4.67326784
-0.13284345
-0
-0.0551224649
7.93794203
0.316439241
7.53725386
5.77247524
-0
3.53100538
2.90250945
0.427591622
-0.000238161301
2.22850895
-0
-0.154955983
-0.170009315
7.26105499
6.01364708
-0.000187514976
0.00472398847
-1.53230729e-07
6.60204554
5.92829704
-0.00171400816
2.19434881
1.67259407
-0
4.20014668
0.463483006
4.45801735
0.333338499
-0
-0.00643045781
-0
6.8655777
6.05954981
5.30664825
-0.00280860299
-0
6.0481534
7.15119123
-0
-0.0921990797
-0
4.1696043
4.25333118
-0
-0.136940315
0.627229571
-0.000210727929
5.95892859
-0.134743646
-2.6110813e-06
0.462233961
3.67859983
-8.55013639e-07
-0.00349462288
7.92238951
2.37868214
-0.159593269
0.171742618
-0
-8.79539402e-06
-0.0119455941
1.30131626
-1.40273542e-05
-5.87007298e-06
-0
2.0601387
-1.26665609e-05
6.48672009
5.7541666
-0
-2.71096214e-05
2.69484639
-3.40656288e-06
-0
6.96822786
0.991184652
-0.144727305
4.55390692
4.91995144
-4.42872135e-07
-0
-0.149088338
-0.135592639
-0.157715097
3.66489887
2.76661825
7.74664354
-0
-0.0930757001
-0.0125708058
5.78676081
-6.32808005e-05
-4.43159706e-07
-0.169038475
-0.132298812
-0.000519013731
-6.91949244e-05
6.7722497
-0.165210485
5.78158569
0.635743916
-0
7.98851967
5.37644148
7.50394011
6.82187176
5.5791316
-1.5911526e-07
-0.0939989313
-3.13940632e-06
-0.0899201035
-0
-0.0510930717
7.76494169
-0.000212835788
4.54512596
-0.169807628
-0.134491429
7.31708241
7.92676306
0.726106644
3.49390292
-0
-0.00155380741
7.49935007
1.13667822
0.506429195
3.96752715
-0
1.22671807
0.0236325413
5.64351845
-0
7.37246227
-0
-2.99620666e-07
1.42275238
2.79677773
-2.15912514e-05
-0
6.24459696
-5.2399042e-05
1.41344726
1.85652792
-0.127025887
1.21760035
0.234115869
6.95530033
-1.26918189e-06
3.45834589
-2.86589748e-05
-0.0797123313
2.73925543
-0.00186922902
-0.00437627872
4.02977085
-0
-0.168405712
7.97527122
7.93754339
-0
-3.00913098e-06
-0.000212838175
6.93214989
6.09382677
6.06832409
-0.0382761247
-0
5.33991909
3.25510693
1.72068894
7.79572916
2.44710493
-0
5.0736661
-0.00180593866
2.60299706
7.02288008
-0
-0
-0
0.683525681
-0.000346283545
1.5987283
3.48113346
-1.13068654e-06
2.11395788
-0.000195484143
-0.0783886686
6.48538399
5.53765965
-0
-0.135587156
-0.000460237527
-0
4.33789492
2.16308904
-0.000169354797
3.85955977
0.657984674
-0.14324896
-0
-0
6.12970209
6.46285725
0.55951947
5.35352039
1.19662941
-0
-0
-0.00292080804
6.38370371
4.73795605
5.77124119
6.38279438
-2.21194045e-06
-6.77188073e-05
-0
4.48185396
6.14615536
-0.100688756
1.87894607
-0
6.8780961
5.83369112
7.61929655
4.97234726
6.10265923
-0
3.78484344
-0.00926321931
6.89305401
4.83576155
5.8250246
4.97198868
-0.000237847606
4.59798908
-0
5.95466852
5.73749208
-7.14711177e-06
5.06538582
-0.166871771
-0.0024820806
4.72552681
-1.13006563e-05
-0
-4.38981374e-07
-0.00777138164
5.82964706
7.47022581
-0.000538508408
2.23731852
-0.0872303769
7.69839478
0.416514218
7.02779436
-0
7.52640963
-1.53270804e-07
7.40054893
-0.000216846805
-0
-0.154655516
3.65639472
-0.00386131788
1.62337124
0.104636759
-0.060864836
1.09013665
-0.000100232515
3.33943391
-0
6.80920267
0.449575126
3.51028967
3.87107348
2.72188473
-0.0321483687
-0
2.61698055
-0.00848112442
-0.00390802091
5.56824446
3.51548982
-0.00190332311
-0.0030818712
-0.104822762
-0.0926328152
-0.00146324432
-0
-0.129465669
7.04581881
2.83108807
6.44488859
1.7885412
-0.00197051978
0.596999764
-0
-0.000874230522
-0.147120401
1.15114927
2.45924449
-0.16117841
-0.164270043
-3.13990972e-06
-0.143283054
6.41889334
4.73639536
-1.57503422e-07
-0
0.147753596
2.09172249
-0.0105585037
5.0947752
4.01814604
2.75732541
-8.79720483e-06
-7.17330124e-07
-0
-4.7085734e-05
-0.137406722
5.59580326
-0
-0.117289849
2.03709507
-5.82818529e-07
3.13938427
-0.0417580791
-4.39479845e-05
2.48172712
-0
4.01536608
4.32072496
-0
-0.138572305
-1.54549269e-07
7.32745647
0.176147014
-0
-6.60145524e-05
5.57338142
-0.169347018
4.82266521
2.67188334
7.80627918
1.43027472
7.20063353
6.262815
1.737957
3.50778699
0.0405547358
5.28910685
0.595949292
6.35532951
3.89837408
-0.138857603
-0.000138939969
-5.67675015e-05
2.17242885
4.25299931
0.21584712
1.9849391
-0.000401761412
-0
-0.000813397462
-0.000331898045
-0.0052035423
0.47517103
-0
-1.55054859e-05
3.10059834
3.30140781
-0
-0.103192173
0.512858152
-0.120024785
-1.67750716e-06
-0.128863037
6.47741556
1.22494638
3.12597919
5.70771265
4.24949312
-0.0532133542
-0
-0.0206073541
4.05554819
5.6551671
7.2548852
-0.12661685
3.96016598
0.568120956
1.57049727
-6.1298465e-06
-5.48539811e-06
-0.156515568
-0
-0.0109939184
2.86077046
-0.0964941382
-1.59719121e-07
-0.15702714
-0
1.9068265
-0
-0.0763961002
0.874082923
-0
2.25877357
-0
-0.165495738
-0
-0.0512877218
-2.61233072e-06
-0.00728466408
4.17964602
-0.0513210073
4.03209686
5.31078863
-8.33970553e-05
-0
-0
0.464085966
7.99852514
-0.0192476846
2.3831346
4.49972343
2.41005731
4.06768084
7.19378757
-7.1678005e-07
-0
-0
-0
2.70273018
0.866721451
-4.84145949e-06
3.18951368
4.27035141
-1.58410487e-07
1.64190519
3.96672821
-0
5.10881901
7.43553257
-0
-0
-0.00353794242
2.83156562
7.33076525
-0.0813662857
3.43945813
-0
3.04673243
1.9934957
-0
4.35968256
5.60469198
1.5195322
-0
7.74150944
4.52216101
-0.017300643
-0.144483894
-0.0395715795
0.0513095483
-0.0136155784
5.59321022
5.15729475
-0
7.37260103
2.13700294
5.25931692
3.31570554
-0.156014502
3.7404964
7.44757986
-0.000297435035
4.93118715
0.445410997
-0.104528219
-0.156140596
3.69614363
-0.000265271141
5.62741041
5.29169607
-0
6.10609913
-4.36023511e-05
-0.161605939
1.69680035
-0.051117111
-0
5.61524534
-1.5171058e-07
-2.74543913e-06
4.76531696
-0.0131237749
6.08511972
3.21718979
-0.000448070525
-0
7.1690011
-0
3.52062798
-0.078127034
4.13059759
3.04665041
2.31196141
-0.0648561269
4.68692398
-0
-6.63765923e-06
3.06568074
-0.00262041832
1.17943442
-0.143071055
0.341169596
-0.139242575
3.93487191
-0.00870808959
3.24408627
-0.000314598408
-7.81178387e-05
-0
-4.39761664e-07
-0
0.411378205
4.19500685
-3.00264503e-07
-4.19238859e-06
-0.101181559
3.59293604
7.62571239
0.257509112
-0.000687379681
-0
-5.83424423e-07
-1.11753698e-05
-1.52854184e-07
-0
0.386397839
-0.000394307746
7.58871889
0.685775876
3.15652299
-0
5.89537907
-0.0645036846
5.96351576
1.04498029
-0.152880028
-0.162462667
-3.01014268e-07
-0
7.05701733
-0.128568232
5.15385056
-0.0892601907
-0
2.03158045
-0
-0
0.847079873
-0.00230731466
7.90268993
-0
4.2310729
1.62531376
4.6518507
-9.5485866e-06
0.231502548
-0.16971609
-0.164822549
5.7626667
7.84050035
-0.00250741537
1.88534474
1.6843462
3.84128237
7.16144323
-1.81138864e-06
-2.4802905e-06
2.55413747
-0
-1.55537819e-07
-0
-0
-0.169713289
1.40067577
-0.00113360782
-1.57491795e-05
3.31003499
3.24622011
-0.169978186
2.99449992
6.78257656
4.60524559
1.95560575
2.56661057
6.93869543
-0.138558701
0.54330039
2.34107327
6.53458309
5.22609854
-0
-1.59300427e-07
-0.00282314024
3.98324752
0.95865649
-0.000968470296
-0
3.0154233
3.1938417
7.08281994
0.00380018656
-0.0457128212
-0
-0
-0.150696829
-0.00589753035
-7.22535478e-05
-0
7.39057779
5.3753376
1.06526423
7.21258068
7.99315882
2.74892378
-0.000286194467
-0
4.10025835
-0.150326699
2.40596247
6.65716457
-1.51877813e-07
1.24751282
2.12331676
-0.0592220426
-0
-0.0178193841
-0.00973131787
2.71378088
5.72372961
-0.00833171234
3.09614158
-0.000945831358
7.12309647
5.01705599
0.632008195
-0.169847861
-0.00402814429
-0.00616929494
7.52295542
-0.0962073952
0.138331592
7.80990744
2.50831914
0.512586534
-0.11483328
-2.97944496e-07
-0.0295797084
4.10304785
1.96169829
4.15981674
-1.13083559e-06
0.617732346
6.84276438
-0.159613937
3.16994119
-0
7.57034922
1.67084038
-3.0207977e-05
-0
0.644153833
0.667409003
-0
7.87611437
6.60687828
-0.16576229
-0
5.314291
-0.0127264746
3.46494865
0.0789879411
-0.00037187172
5.35558319
7.68391418
-4.3136115e-05
0.651148856
-0.0582389124
6.74989033
0.0728428215
6.06922007
5.82443094
-0.000447472761
4.64009666
-0.118319817
6.94797421
0.0680003837
5.12879181
-0.000680533471
-0.00172468647
1.27655232
7.98243713
-0.0719667003
-0
0.451497197
-0.0159371197
0.661892653
0.52557832
-0.169723347
-0.00574681815
-2.96924242e-07
3.15782905
1.00459051
-1.88030044e-05
4.40870285
-0
3.91517782
3.28225517
4.98254204
-0.0623344705
2.60794163
5.13196087
7.69309044
-0.0351442732
-0
0.018865196
1.33512557
5.915205
5.98704576
-0.162277982
0.27445361
-0.169145495
3.55861425
-0.108089209
2.46050382
-0
-0.152670979
7.50725794
-0.0121868579
3.08049726
2.37798905
5.62824488
5.63746119
5.749475
-0.0526484251
-0.00448251562
3.49886131
4.15039492
5.95812845
-0
-0
2.06113791
6.73486567
7.95881462
3.94817233
-0.153759688
-0
2.10556102
5.96126795
-0.165708333
3.10142708
6.45478487
-0
4.7382946
-0.00128246553
-0.0451837443
-0
0.344553232
0.900936127
4.68030977
-1.57364056e-07
-0
5.93343353
1.86229193
-3.4108627e-05
6.60526419
-0
-0.166068181
-9.47886947e-05
-0.000104769046
-0
4.87412882
6.41935062
2.83585763
-0
-0.163830489
-0.0162192956
1.28800333
2.19416523
-0.136988938
-7.07824947e-05
5.52486277
-7.17122589e-07
-0.0600382984
-0.105882578
-2.54379465e-05
1.00681436
1.05833995
7.88307285
-0.00142810575
7.64711189
2.51775718
-0.000398743985
0.900952756
2.96882749
3.9145968
-0
1.62689984
-0.0250883382
6.46648455
-0.00083681033
4.78176117
1.63865042
-0.0210472811
2.15463805
1.88296342
2.83835793
3.53431702
2.53351808
5.41339397
2.01089621
6.45445919
2.31932592
-0.00302587566
-0.162858725
1.1437552
3.71750426
-0
-0.00141829567
3.95960903
-1.54666864e-07
-0
0.463915855
7.54383326
0.340208292
6.6157918
5.28756189
-0.00011820341
5.19503689
-0.112035036
4.90381527
3.94485855
-0.0122658275
-0
7.40629292
-0
7.46400356
5.76224947
3.58703327
7.67907572
7.47631598
4.87340164
-0.0338642858
4.65090895
-0
0.421738565
-0.169856131
2.75785971
2.74989176
1.23362124
5.15867662
7.0446701
-0
-1.9292389e-05
-0
6.14775753
0.822297394
6.64409447
-6.51026085e-06
-0
5.18168545
6.55020237
-0.00210963003
-0.104623176
-0
7.1401844
-0.00237422809
-0.0534605309
-0
6.19614887
-0
-0.170015648
2.71955562
3.89012456
7.13558531
-0.12682879
3.87617922
-0
-0.118200988
-0
-0.073689647
-0.104253173
7.22434425
-0
-0.0395202562
-0.165442795
7.20888281
5.68720293
-0
2.96689582
0.541783869
7.64548063
-0.0265353825
-0.0842266828
-2.95821621e-07
-0
5.56853104
-0.169869944
2.59277773
2.2410903
1.46079242
-0
4.58871078
-4.25520047e-05
-0
0.877327383
-0
4.24249697
-1.67565895e-06
-3.92790344e-06
5.9151268
-0.00787702389
-0
6.40849638
-0
5.73449802
-0
-0
-7.38352537e-05
-1.55211865e-07
2.56453919
-0
-0
4.63975239
-2.6992213e-05
-0.00631544879
-1.5533152e-07
-0
3.86735892
0.276203722
3.930547
-0.133769438
4.44826603
0.123667575
-0
0.0322134979
7.12665033
-0
4.53162766
5.87169456
0.217694134
-0.168555126
7.42441893
-0
-0.123868138
-0.0910678133
2.97365451
-0.0682171434
6.55521345
-0
-0
1.66061676
-0
-0.000412923546
2.09405375
0.603758037
-0.00674683601
7.9140439
0.336132377
-0.17001
1.60940063
-0
3.22677827
5.64468384
2.39605618
4.3033886
3.5328989
-3.66896484e-06
-0.169931769
-1.21696494e-05
-0.01237748
-0.170025304
-0.120465472
-0
-0.14157398
2.6313014
-0.0444461443
-0
6.76776075
-0
5.30835009
-0
-0
3.82057548
4.98830795
0.736267269
1.26801598
0.825388193
-0.00827290304
-0
-0.0220736042
2.63512802
4.00447941
5.88947439
3.5364387
7.49437809
1.5195049
-0.0205200836
1.1140064
-2.87651301e-06
2.49298954
-8.41537894e-06
-0
5.52597475
-0.0359168351
4.20166445
1.04561925
4.91554165
5.5224824
7.59274578
5.09482956
1.75425375
2.25792003
-0
6.86534882
5.2713728
-0.000248614408
-1.52389489e-07
3.24157333
-0.00303407246
-0.01284701
-0
5.91780329
0.907827139
-0.0894125178
-0
2.0956881
-0
3.93769407
-3.66755103e-06
-0.128242552
-0.0134291658
-0.0389252305
3.5450213
4.4293623
0.930190265
-0
-0
-0
1.82943904
2.77648306
-0.000340679922
2.57908583
-0.0938935578
-0.164153263
-0.000365589163
4.07904243
-0
-0.147164121
-0.000698067364
2.85010505
-0.0888280347
2.66457558
-0
-0.0787245557
1.50000322
-0
-0.00202221307
-2.47849857e-06
-0
-0.00010631857
-0.00772221293
-0
3.95213771
-1.54640773e-07
-0.0529490411
3.25721955
0.0021058016
5.33366728
4.89920235
-0
5.78822994
-0
-0
6.73859882
5.7937603
1.07528722
1.03312087
3.35089946
-0.123936653
-0
-0
-0.00661704922
4.82115412
1.83448267
5.31241465
6.71631622
-0
5.51174974
-4.17371193e-05
1.31147838
0.248931319
-0.0796760395
-0.00324445893
-0.012681664
-0.00962973759
-1.5824665e-07
0.0950375348
-0
0.0896889493
6.49476385
-0.0188207664
3.63771296
5.10317755
5.04059172
-2.36422802e-05
-0
-5.7740823e-07
1.55519903
4.16341305
2.47260451
-1.53948719e-07
4.36555862
-0.0435344093
4.07108355
4.1580019
-0.169165611
6.78646803
0.875823677
2.13210106
1.94628417
5.82795
1.99306297
-0
-0
-0.164318547
-0.00218348554
-0.000403774437
-0
0.064180024
-0.00326695037
-0.169979781
-0
5.30714607
-0
5.82800055
5.68469381
1.77960575
0.0616333969
-0.16432935
0.701741934
4.66908264
6.33402824
-0.169481277
4.95705414
2.4114399
-0.00567847583
-0.135818318
-0
-0
-0
6.38602924
-0.0148956254
3.42823768
0.0385035388
-1.56136082e-07
-5.90600175e-05
-0.159148753
-0.16124104
0.233684108
-0
-0.0425069816
-0.000682846992
-0.105597489
-0.0120879048
1.47411394
4.62762833
2.33554196
-0
-0
2.84836555
-0.000738087634
3.57929039
2.4901309
6.50148296
5.97247458
-0.00975416973
1.20077562
-0
-0.0191451367
7.48314428
3.17364621
-0.0726050511
1.42286265
7.00803518
-0.00313000358
-0.0477546379
4.66658926
5.01095629
2.71350074
5.26334333
3.82023406
2.96258879
0.280222386
2.31401324
-0.135261342
-0.0296294317
-0.0304230731
-1.52462519e-07
-3.27080534e-06
7.16269207
-0.0907369778
-1.03011607e-05
-0
-0
5.51085424
-0
4.33398247
5.36191702
6.13891459
-0
-0.0112957563
4.2609024
-0
-0.0478124097
-1.6105308e-07
5.30152082
4.33755207
4.94469881
-1.59483349e-07
-0.159037232
-0.109904729
2.81553102
-2.61574696e-05
-0.166158661
-0.000774490472
3.97650576
-0.169175148
0.384624034
-0.00311143533
4.93798161
-0.153716788
5.3618145
-0.0362463221
7.15408278
7.75103664
-0.165515661
-0.000636635057
-0.0555178449
0.294269681
7.46029043
5.07026005
4.82014704
-0
-7.02133693e-05
2.23219061
5.98587132
0.705495417
-0
5.53427649
5.61865664
-0.000780870847
4.20984459
-0.000356660399
6.48489952
-0
-0.158771545
7.14261198
-6.89221588e-06
-0.169856906
-0.0189729985
-0
-0
0.0164682753
-2.26783504e-05
7.91240549
-0.0452821441
-0
6.8932147
5.42682076
2.38006496
4.66208839
-0
-0.00087244052
5.27618551
3.13483286
-0
3.28721237
-0.169033036
-0
-0
-0.000109517852
5.35940981
0.610997915
3.63540053
0.298411727
-0
-0.000939277466
-0.00199251599
-0
-0.128228649
4.702384
-0.169057861
-0
6.48235035
1.4534632
-0
0.14690803
-3.74082592e-05
-0
-0.145997658
1.7760967
-3.34013275e-05
-0.121645778
2.61918044
-0
7.59447193
-0
0.275863945
0.0640928149
7.81330395
0.698994279
-0.0698991939
-0.151194409
2.13846731
7.69663095
-9.24478736e-05
-0
4.61631727
-0.0157342721
3.72681403
2.01104927
4.3440094
3.76278448
-0.00940007996
-0
0.566236496
5.01614141
-1.5492958e-07
4.46627522
-0.161734432
3.12382221
2.07102513
4.98396254
-0
4.4190383
-0.168764353
-0.00128800934
-0
-7.16519764e-07
-0
6.93393564
0.146995082
7.82596302
0.519364774
-9.02215688e-05
4.05260038
-4.41880104e-07
-0.0249717142
4.4934597
5.85277224
-0.00915715657
-0
-0.0364572331
6.23178434
3.89280725
6.31419992
-0.0632866099
7.57957745
-0.0289028548
-0.0191866048
6.78896761
0.191557929
4.81836891
3.63294172
-0
1.55617285
5.15746069
0.557684779
-0.00559353689
-0
2.56225252
-0.0026611581
1.55919063
-0.140381411
3.03299904
-0.0204434786
-0
5.92059469
-0.0212359671
7.97040939
-0.000400653924
7.68043661
7.16647005
-0
2.16989207
-0.031172581
4.81753492
2.86514044
7.24463034
-0
1.64770722
4.5009861
-0
-0
4.45623922
-0.0344911255
-0.057067614
0.924050272
1.60346687
2.85947204
7.18117666
-0.0414111391
4.20932674
1.04243708
0.321125925
-0.0840219781
2.37336898
-6.81742458e-05
-0
3.77059746
-0.00755497441
-0.0638668463
0.826878726
-0.000167209975
-0.000150422406
-0.16772832
7.9418416
-0.000805894379
6.66366243
-0.0625160784
-0
5.64522076
-0.169993669
6.37886429
-0.166894451
-0
2.90606356
5.52833939
-0.00517290505
-0.0174511857
-0
0.506061375
6.26130676
5.62179279
3.3880012
6.8371911
2.17308617
4.69914007
0.0778498426
-0
-8.55502037e-07
-0
4.64596653
-0
0.696814895
-0.0375256315
4.85858727
0.657432914
1.72548592
-0
-0.00308286445
7.99352074
3.50130296
0.271136969
4.30661821
5.17343044
-0
7.5580759
2.25182199
-0.169560283
2.87649441
-0.0155543638
6.04736233
4.48420095
2.20869613
-1.5165179e-07
7.46023369
-0.151645765
6.57139635
-0
-0
-0
-1.59903962e-07
-0.00599315902
3.34821939
-0.0165157467
7.05446482
6.31881475
5.53493929
-7.34929636e-05
2.12797618
0.644193351
-0
-0.00218400359
0.377020478
0.0212611724
-1.58006713e-07
7.06571198
-0
2.52609038
3.52957702
1.60425484
5.48048019
0.860602736
5.20378017
-0
-0
2.2368443
1.09342074
2.39962173
4.27132607
-0.121684931
2.19505763
-0.0153024681
1.99213827
-0.00103180786
7.30640268
-0.107100524
4.87501001
2.95572472
-0.00161905936
-0
-0
-0.161460832
-0.100926958
-1.27019553e-06
1.63142908
-0.00365272327
3.49317479
3.74697399
5.77243805
7.60598612
-0
-0.0395331196
0.82650739
-0.00505584897
-0.15871565
-0.00024903231
-5.98604202e-05
-0
-0.0010654697
-0.0591511726
1.78611672
-6.14574528e-05
5.84492016
-0
-0.00748423347
1.10985053
-0.00367738004
4.20991707
-0.0135684628
0.139738336
-0.00976523571
-0.002964349
-0
7.12372494
0.0465791933
7.46698618
-3.66740255e-06
-0.0215040278
-0
-0.0381869189
6.11743164
2.45182896
-0.150119424
0.423477948
5.55475807
-0.148882225
6.11929178
3.63977933
4.22168493
-0.0340472721
-0.0890111625
0.977677941
-5.82398798e-07
0.68351388
-0
0.0358923078
4.23044348
-0.000559323991
7.82545137
2.88120198
-0
7.60132504
-0.0761794597
4.71835423
-0.0124572869
7.02317715
4.07939529
-7.17501962e-07
0.0814491212
0.000623848406
-0
-0
-0.00961797405
-0.1416682
-0.169117391
1.6242938
0.148349777
-0.00766739296
1.74531722
-1.60931563e-07
7.84985161
3.82895494
-0.00179144274
-0.0111091025
5.25263023
0.360931545
3.33870339
-0.00184786506
5.05198097
-0.0368602797
2.77383304
7.67836857
1.21813893
4.74807596
3.60478354
3.00516057
-0
-0.13911818
7.47313118
4.52645969
4.41858435
1.10890555
3.54188108
1.21491194
-1.57112098e-07
2.02432275
1.86273766
5.45867395
-0
2.88653588
-0
7.17128277
-0
-0
-0.00386429043
-0
3.04488754
-0.108911842
4.39954758
6.72833538
5.96508312
3.77319837
-0
-0
-1.67460416e-06
-0.00670428015
2.58383942
0.268308729
-0.00387600996
-1.55838762e-07
6.59398651
-0.0142397638
-0.0226430092
4.35182524
3.53425598
2.26822758
3.09032464
1.69226754
-4.40219651e-07
-5.36658772e-05
0.765366614
-8.92116623e-06
7.56656981
-0.00163566147
-0.000991518144
-1.67496978e-06
3.27840185
-0.00456736842
-0.018410502
6.93920612
4.72648478
-0.00037268232
-0
2.81975627
-0.052172225
7.68256855
5.09403944
7.27374172
4.87385273
-0.00108083419
-0.000913011958
3.42544103
-0.0167391561
-0.164485872
-0.000113813832
-0.123490959
-9.94455377e-07
0.45145753
6.92838287
3.13643432
-0
1.7913996
1.27461553
-3.89293673e-05
2.70887518
0.342823774
2.1772511
-0
-0.114944138
3.4770565
-0
4.33224392
-0
0.636189461
6.86559486
-0.101773448
6.96051359
6.05439377
-0.129582509
-7.1655279e-07
7.42262459
-0.00558185764
2.31187773
6.52699137
-0
1.04621482
0.401041865
3.56941652
6.98671007
6.61167574
-1.54941191e-07
6.11591959
-1.54595995e-07
6.7141571
7.95474863
-0.0820178092
-0.0347545967
6.98573971
7.3941021
6.81663513
6.02789068
-0
0.936677814
-0
7.72790241
-0.000757215545
7.82559156
0.523560166
-0.044921875
7.01696825
5.61695576
-0.155791759
-4.39436803e-07
-0
-1.60935272e-07
-0.167984188
-0.000120837911
-2.99263888e-07
3.78569889
4.65228033
0.933494985
4.11648464
-1.54736085e-07
5.69834423
6.35268402
5.23183727
0.14585571
-0
2.69940376
-3.0061608e-07
-0
-0.00626526168
-6.0430677e-05
-0.000155814792
-2.21959399e-05
4.06005383
7.26455736
-0.00208154297
3.56564689
-0
2.44222546
3.08153057
-0
-0
-0.00270543643
-0.0987283364
0.0208123978
6.32189369
3.25538206
-0.00336447475
-0
6.6580863
-0.00141234952
1.77284586
-5.35719664e-06
-0
-0
3.96367383
1.61497843
-0.120170854
0.617973745
-0.149531901
0.435677141
2.61462188
-4.9680566e-06
-5.78005747e-05
4.07578421
5.97016096
-0
-0.168034852
3.25874543
-0
0.87019074
-0
0.592368364
0.0469673686
1.02067959
-0
-0.00772054028
0.20425342
-0
-1.40475527e-06
1.20813668
-0
0.0939463079
4.93907309
-0.170028955
0.123773009
-0.169204146
-0
-0.16472885
4.91064501
3.57202005
-0.0800213516
5.0632515
3.9327755
1.12105989
-0
-0.0155631853
-0
7.90597868
6.95332479
-0
6.94040918
-0
-0.105798252
4.30353785
4.25322342
7.65333271
2.31158972
-0.129297853
7.88570547
-0.0564731099
5.91392469
6.50827694
-0.0462973639
2.91906619
2.57667351
0.462296784
2.43973875
-0.0176873207
-1.53315725e-07
0.431843013
0.312766343
3.6453886
-7.40496989e-06
-0
-0
-0.00170614664
2.76882792
0.541461468
0.355237782
5.17376709
-5.79103034e-05
-0.0166051816
-0.000430374697
6.99856567
3.59997106
-0
4.95165062
-0.127057374
4.25683641
6.14010572
-0
-1.54166321e-06
-0
-0
1.4722966
3.25102568
-0
3.84851551
-0.092362389
-2.01416278e-05
-4.44894613e-06
5.81968403
-0
0.0327158645
-0.00100698043
5.0525794
3.70401287
-0.00500392308
1.47468662
2.75301528
-0.00544892251
-0.00206095236
-0
2.55057168
-6.3848247e-06
-0.00192226272
-0
7.17632389
6.07542229
6.58524275
1.97184217
-0.142369851
-0.0330767259
7.55664396
7.06538248
2.73356819
4.57287025
-0.00496287597
-0.121149965
-0
-0.0474432707
4.07060766
-0.142326713
5.58945513
-0.00194745371
3.32001495
4.89241791
6.63585901
0.839216232
7.48457909
0.751773059
-0
-4.02175901e-05
-1.13168051e-06
2.32546782
6.75561762
5.55413437
-0
3.59293151
-4.4276959e-07
-0.000266520365
2.77163744
1.56457484
5.97792721
-2.9739067e-07
4.18711472
3.5884521
0.778392196
-0.122258961
5.91158152