16.083458
14.836225
15.474511
15.423246
15.266195
14.223166
14.192415
17.624481
14.128906
14.467495
14.173322
15.695488
13.132131
14.414658
12.315336
14.558779
13.760561
14.152635
15.450172
15.787337
15.940956
15.924254
15.269214
15.843187
15.910394
14.356654
15.597639
15.966867
15.065605
16.110809
14.029755
17.453987
17.776617
15.933358
16.424875
17.732994
17.689960
13.757623
15.677834
17.168015
14.545004
13.961921
13.930207
16.105528
12.965078
16.123371
12.855067
17.166113
15.276473
14.906946
17.499109
16.148943
15.010389
15.282761
17.257364
17.768093
16.663013
14.384961
17.426701
16.378922
16.343227
15.026358
15.286507
17.290302
17.367691
14.279492
16.280525
16.697681
14.918150
13.187121
14.319605
15.437332
14.699468
13.212005
13.034284
13.978748
13.341568
14.789236
14.036542
16.133781
13.830782
14.160417
17.368467
14.987891
15.572162
14.387113
15.392689
15.644443
14.739444
13.694667
15.997328
16.597853
15.853546
13.872322
15.871346
16.262026
20.762924
16.042482
18.782278
17.343292
18.429054
15.825061
16.535990
19.689346
17.148352
16.523960
15.321210
17.467897
14.626083
16.806871
15.087212
17.814936
15.992455
16.837389
18.885799
16.383007
17.807295
17.304281
19.190317
18.169008
17.124645
15.932354
18.354849
17.533155
15.885839
17.252350
15.451156
18.337179
18.394972
16.417759
17.859861
17.190571
17.135744
13.956631
16.016159
19.125837
14.127327
14.604880
14.715222
15.300495
14.503615
16.484213
15.174545
16.008146
14.816770
14.808832
17.822857
16.233694
17.089945
15.482611
17.642059
18.577112
16.303123
15.502770
17.493895
17.040333
16.804726
15.529952
15.350125
18.133398
18.767580
16.509687
18.898737
19.849524
18.667301
15.762356
16.475647
20.720482
16.637173
17.683180
15.468658
17.579695
14.089629
17.654968
15.177207
17.548712
16.971521
16.748030
20.577034
18.074356
17.572941
16.885742
19.852573
18.497467
18.624699
16.253588
18.139904
19.441641
16.708733
16.314056
17.725443
18.027203
17.853745
15.360551
16.538363
17.128410
16.471466
15.151550
15.461389
17.693583
15.042506
14.575885
14.415592
14.639558
13.417120
14.963602
14.774037
15.720113
13.751860
15.504128
16.898064
16.300045
15.871119
15.055716
16.915888
16.943192
16.248787
14.715350
18.496872
16.490644
16.300196
16.323925
14.953363
16.675705
16.085321
15.102714
15.209097
14.749860
14.464958
12.535506
12.169325
15.699114
12.885381
13.815714
12.468326
14.107760
11.199027
13.546629
13.134253
13.525706
13.933950
12.826812
15.164910
13.333783
15.228380
13.848337
15.295721
14.655536
15.501664
12.910137
14.506307
15.132837
14.021858
13.091135
13.730832
15.444125
18.645668
18.149666
18.601997
18.479439
17.538832
14.684385
15.674787
20.618855
16.078482
14.996433
14.649245
16.085152
12.766984
15.741741
15.368326
18.681942
15.992921
15.730628
19.743578
17.757679
18.030502
16.365425
19.572546
18.229094
18.801659
16.291042
19.500723
18.189476
17.027523
16.126974
17.667282
17.479538
16.114468
14.014083
16.645853
13.689555
15.041105
13.810579
13.903832
16.751232
13.209226
13.778790
13.142216
14.862374
12.529461
14.690220
13.488872
14.949649
13.635945
12.778550
15.836139
14.177740
16.554192
13.937691
15.565364
14.965702
14.471769
12.631186
14.835969
14.993618
14.523713
13.124513
13.545584
14.845445
18.228930
15.737980
17.004057
18.900322
18.870312
15.008530
16.237341
18.303377
17.624201
15.441975
14.526606
16.335560
14.378777
15.617394
14.571269
16.505180
16.291344
16.423569
18.260109
17.156052
16.795931
16.637236
17.189220
17.881084
17.564394
16.213869
17.769615
18.109125
15.433956
16.717926
16.184200
18.640997
18.893929
15.799217
18.233530
18.412891
17.781078
15.523412
15.756233
19.498867
16.195837
17.584862
16.241652
16.727495
13.032840
16.036699
14.119717
17.350845
16.002918
16.356728
18.339903
17.111675
16.968853
16.807411
19.287830
17.972378
16.984522
15.003822
17.919176
17.795404
15.948891
17.213068
15.602455
18.180243
20.690058
16.120090
19.638842
18.021248
19.414761
16.678265
15.787611
20.822306
16.593620
16.192539
15.215081
17.834261
15.537630
18.199160
15.797914
17.645664
17.402971
16.809631
19.047234
18.888298
17.919048
18.216997
20.203157
17.966543
18.006863
16.745682
18.820042
17.530249
16.141117
17.494625
17.276054
19.215794
18.650513
16.331945
16.192556
17.284580
16.748526
16.193390
14.952847
18.793892
17.069248
15.263290
15.884357
15.575601
12.845439
15.830160
15.072904
17.166576
15.008634
16.404236
18.833994
16.441862
16.507483
16.666414
17.589285
18.849613
16.504219
15.617092
17.666740
18.185749
16.791252
17.075298
17.318684
19.017344
22.768377
17.964920
19.934849
20.012869
20.212521
16.904428
17.890095
20.629063
17.600382
17.326384
17.188784
19.534515
15.167704
18.559065
17.114346
17.942280
16.678406
17.829391
20.453911
17.124140
19.065744
18.254221
19.859816
20.255445
18.639954
17.755224
20.622454
19.145531
17.928278
18.078548
17.842880
20.430416
17.698668
16.045313
17.078171
15.941577
16.126772
14.369739
13.311080
17.118835
13.942621
15.685884
13.671167
15.007852
11.914524
14.601220
13.133509
16.700611
15.313967
14.330368
17.867439
16.092646
16.369942
15.449892
16.685810
16.360882
16.618073
12.981856
17.568953
16.525818
16.809458
14.654798
16.636185
16.221245