-0.25379718914525795
-0.9718457625507357
-0.3555737323038619
0.666457333133128
-0.6188465801191909
0.3534962833542201
0.25337385734324513
-0.5023537542482361
0.3870494943407943
-0.3113004518733582
-0.7421383991433945
-0.23289904738461265
0.17734137633614377
-0.6659596254633813
0.6476876593488208
-0.4035954930117225
-0.4183444163810268
0.4556638228936256
0.19273983723100474
-0.3243296975841341
0.7759480876740834
0.9909448196558568
-0.31453432148488014
0.802767552289049
-0.28149822726673523
-0.6231479322182611
0.8961687074138853
0.8364108176828668
-0.1932167109977494
-0.543163430328349
0.45433765627264266
-0.7375884471656349
0.4681532386230418
0.17938566959848323
-0.6620305162197058
-0.266817097200303
0.30108076024244945
-0.9252731446148095
0.7530882751989525
-0.48842165214941424
0.0694668683876809
-0.9028260768365255
0.9893604673141296
0.3239398316757893
0.30713523680150523
-0.9605164669717097
0.3794994967548522
-0.16644886964091232
-0.23949247414477082
0.09456476945785108
-0.0512073233445256
-0.6937458037511273
0.3903840584418181
0.26062268032587377
-0.39776709048641545
0.3233291521814441
0.32496593177779354
-0.4600457009256218
0.2112686738480083
-0.7256729540403821
0.6613054409417796
-0.7901715261998061
0.4375324490323358
-0.7645308631255214
-0.7719748946315041
-0.78747258338721
-0.6027066765874356
-0.600501227707283
-0.47401216877253627
0.046292215185161245
-0.5966536200356212
0.4068735004925166
-0.4092975979987741
-0.9211885847428627
-0.007290573263814659
-0.58461203145677
0.8662486893037549
-0.33879276760659716
-0.9945240018852146
0.3432662649304097
0.8137600885395841
0.6704643305264824
0.3380438610032801
-0.7017110146664678
-0.819834652848151
0.023410693929317716
0.44712723379695785
-0.7974190428140853
-0.48821579449867025
-0.5376794270165082
0.9773318615152082
-0.4079556425791231
-0.07144528552770324
-0.8003821698847651
-0.6505963821092182
-0.9211109600626128
-0.4188656455246411
0.6031922053808947
-0.37458578607447146
0.47708039158435245
-0.8100030593388394
0.5164080096824766
-0.9082218258131696
0.7039974501489763
0.3267100549816879
-0.6589754472872493
-0.28494519152451137
-0.12457096643613053
0.2436140666650144
0.7569510747949473
-0.8140973691251554
0.6299285790729927
-0.6342611593927145
-0.19844497143849416
0.9246198602995079
-0.45633381849961974
-0.2285690204813715
0.701343156073168
0.5997981938979002
0.29769296774452747
0.5938191140708138
-0.7738868872447078
0.3923397470475898
-0.8827072086696452
0.8849339759998001
-0.6812092050356702
-0.1679445667382069
0.18150060598067697
0.6045295680901919
0.356786272498411
-0.6374788789253958
-0.24049844176822477
-0.2828021703458068
-0.9423675408575569
0.36892826676294566
0.6770729530942234
0.9468891604507386
-0.7386893409031683
0.8407959712762054
-0.7741250412524652
-0.17743147252965152
-0.90805534924066
-0.47677426554302027
-0.3715241102522582
0.4091363529612462
0.35585784204032866
0.5350574365798206
0.15329801624675898
0.1300244513747828
0.955791115101597
0.33968871642863085
-0.32339871646315355
0.046206350449347955
0.4011603685951086
-0.8095157230966106
0.323426525691926
-0.5028460102985848
-0.30850102508499266
0.3525911367148824
-0.2302467651865714
0.6780660424595746
0.11668847340437583
0.9755832495229544
-0.8908677695446483
0.2867974331136258
-0.6861452533965176
0.6976911495520015
0.7037423028921324
0.7388312692255359
-0.8502695150460304
-0.01670407771119753
-0.5182163666055377
0.9402900975668003
-0.8992985709469121
-0.554586953662402
0.28663462964650366
-0.1934460130765543
-0.5300000000174256
-0.08181081050352956
0.6025225754534442
-0.10380282866925228
0.7131784483560344
-0.10586376017240395
-0.7625862958927343
-0.00525330386699796
0.30674600627674353
-0.7947133570396951
-0.1753229046489011
0.11426202280966624
-0.9996605690433271
-0.8182089061769355
0.20840655212359493
0.2381323074927646
-0.3908040837927029
0.016675480638929763
-0.5862975023002033
0.3429487415583121
0.9007102599867314
-0.27331504486037805
-0.8914495733888643
-0.5541637712073708
-0.09108003479283133
0.12030169021213633
0.2395159393541686
-0.053732637812822226
0.31433441286227914
0.4318270005663105
-0.7719532832885234
0.5186399021582342
-0.55650578435962
-0.3172857708463226
0.6597677712688024
0.92886736690868
-0.416032872383437
0.04397017320827179
0.40419210651997073
-0.9084437802899314
-0.6716892645892183
-0.7191016253555023
0.4337122252957655
0.4431181909026318
-0.786076988960962
0.2217035322773675
-0.6249131989367933
0.8604325183062906
-0.2142070201696531
-0.08590798341402217
0.5628408072975093
0.43357582893868596
-0.784468505425016
-0.1710593097433395
0.8532530610746214
0.67493247497293
0.17762221579580273
0.5442903472744576
-0.09899080608207189
0.3169133900004053
0.912380643251502
-0.7307279711387344
-0.002342715794777517
0.06072869503816847
-0.9028567887361896
0.8706165616633053
0.677632221357833
-0.034136072928147465
0.016665798143766564
0.8423246280876022
-0.6455951229957089
0.15710877140835322
0.46098932348555555
-0.7432364358968444
-0.22518884155866803
0.20109204361082256
0.765391727117356
0.00822023870632882
-0.2306747225125918