0.306088686
0.882532299
-0.332918525
0.0240538474
1.63814461
-0.137404352
1.14018774
1.37038028
0.067569159
0.192970321
0.250822693
-0.02582529
1.03419614
-1.06114721
0.629881442
1.17471504
1.54553258
0.0660977513
-3.3554976
1.26359963
1.61737847
0.945911229
0.865718365
-2.45164299
1.26574135
1.81233704
0.645196438
-1.47960699
-0.68323189
-0.113709763
1.30543101
-0.189268813
0.148586974
-0.979314268
0.77763629
0.859155416
-3.4581604
0.952182651
1.38230741
0.49737826
-0.175912812
-0.725794077
0.525369823
1.94833541
-0.45521915
0.644359827
-0.217667878
0.991644502
2.15302205
0.818448067
-0.69241333
1.9361099
2.13556695
0.20606561
0.644018769
-2.51951599
-0.709949017
0.181578323
1.4178189
-1.9576658
-2.2391448
0.491580456
0.714876533
0.352992833
-0.206306458
-0.806509852
0.0495345406
0.872011483
-2.69162035
1.51280844
0.915926218
-0.0515720434
-0.0590976961
0.948270738
1.10282862
1.37089634
-0.774813175
1.40657032
-1.23101079
0.24383384
-2.20119858
0.570464134
-1.51612031
0.281299949
-1.26249135
-0.00651390431
1.219015
0.784147263
-2.84109688
1.62667465
-2.30981827
-0.296341896
-0.0248011276
0.237409174
-1.65677726
-3.13694644
-0.512923837
-0.176299155
-1.53317273
0.635854423
-0.275315136
2.40815353
-0.3729783
-1.45398664
0.142899752
4.76121378
2.24597549
-0.297908425
-1.11252308
2.91573429
-3.55185175
-1.19100046
1.73249125
1.33480096
-0.769233048
0.229035258
0.541127622
-0.854530632
0.359743804
0.937112033
-1.03107417
1.01159871
-0.532557249
0.393682957
0.376634508
-0.798523664
-0.355633438
0.928029001
-2.71566701
-0.0236713197
-0.193463519
-0.283979803
-0.409256935
-1.19618547
-0.152035758
1.79162407
1.26301932
-0.879540384
0.257077128
-0.274723828
-0.763244689
0.885365009
-1.71116054
0.899938285
-2.2188406
0.638386428
-1.74868381
-0.0225907285
-1.54658425
-0.15868172
1.31728327
1.13276112
-2.75929594
1.77024698
-2.61431599
-0.150773361
0.22619836
0.234965369
-1.86081731
-2.86210251
-0.5986588
-0.159837246
-1.29798067
0.776378036
-0.535943329
2.18362355
-0.178793162
-1.21083999
0.301824421
4.09376669
1.9133836
-0.294278741
-1.16319585
2.41732311
-3.03279948
-1.12625051
2.63342476
1.4803983
1.13773453
1.92403948
2.21309352
-0.643240273
0.590275586
-1.98159969
-2.00793004
-0.775712311
1.64744282
-1.99012816
-2.95515752
0.803290665
0.0026202437
1.02722466
-0.0666325018
1.02645671
-0.854325652
-0.465257496
2.42990994
0.0758353919
1.12547696
1.63924932
-0.210191086
0.846910536
0.84584713
0.056658648
1.33142877
-0.577656865
-0.0458335988
1.10870743
-4.4832902
0.279822528
0.389332265
-3.36470413
1.49308443
1.96307611
1.36219919
-0.485925883
0.934405327
0.881763995
-0.163518906
2.07104039
1.28754497
0.771296501
1.26920283
-1.16129172
-1.2520932
1.00743735
-0.988888144
-1.41407335
2.24163747
-1.23947597
0.545608401
2.51151538
0.158773541
-0.409726202
1.13101172
-0.235740885
1.29687905
0.443742514
-1.57410324
1.69759727
-5.02407503
0.295916051
0.701928735
-3.66542029
1.51814747
2.15843749
1.44950664
-0.600077748
1.02136493
0.764356911
-0.150602385
2.15459347
1.30211091
1.00943184
1.23748612
-1.09970343