0.5781535264401259
-0.8520697288354231
0.981401228873936
-0.041530600454747546
-0.19838980534125272
0.013225286059018071
0.8407843689565915
0.3834177317962153
0.08729040677495536
0.5814418340985184
-0.28094101396748017
0.7910030307217981
0.07381197204917567
0.27636073402168226
-0.8300361318980245
0.537908095840081
0.3152032891615313
-0.2899823611030208
0.2939996959668085
-0.9114066129443008
0.9672164119039655
0.3549437917283713
-0.20076450754983544
0.5053655554592116
0.9314335554276565
-0.13908891221963549
-0.9789044544308401
-0.4825232591926891
0.021352481050089356
0.03759553369869906
0.16103659104800827
0.15047079654085227
-0.1084428969901865
-0.21773166264499433
0.5446844649248641
0.17717991308029446
0.0009315632394690798
-0.31006522480096343
-0.9508746939484614
-0.7909012839878766
-0.16804914294857487
0.9234557313599407
-0.7678613240820507
0.881352316292386
-0.7166496463369034
-0.3762193122049171
-0.08933472954824584
-0.586265347583371
-0.03414800244122307
-0.04767493758167296
-0.12366812345394584
0.39352653104733215
-0.3621810515645991
-0.3994718336361194
0.6203718738373962
-0.7698294666024281
0.6983600160938195
0.2959398345554274
0.35427866578176803
-0.6712918142985935
0.9678009411765558
-0.5121741068960146
-0.6510935343517321
-0.6797285775692814
0.11969790497972621
0.9169252434678994
-0.5362889051771793
-0.18990512743949428
-0.6310964496972127
0.28095775332015616
-0.135731095141435
-0.9416154513152188
0.22821387474383958
-0.6053511284355073
0.1844063167207366
-0.2223284392885858
0.4094712319194689
-0.5884310412653562
0.5046509907209833
0.6174595772625215
-0.8748724970616713
-0.7964959025457152
0.7439586600197703
-0.6260803287358132
-0.34803017680236303
-0.08489915558762906
-0.47529320909527817
0.7252730949146147
0.05543003925556533
0.27821717133230117
0.193941658565987
0.2226168422780037
0.17400942913043593
-0.3041507251264912
0.6910356053391185
0.23472535867284994
0.6274765085218676
0.4119767218919601
-0.4051103306012962
0.22896903142583902
-0.8304960627539444
-0.7321044606985787
-0.7642766946766866
-0.3892399949290022
-0.633910963337033
0.38687308343289106
0.021649738974321764
-0.1635217875774828
-0.724265402930885
-0.23258007432462602
-0.6284926014144687
0.2710032841172705
0.3868658530587106
0.2905201901599008
0.9997991051261841
0.10982515166499485
-0.020715947615582264
-0.7194069298044059
-0.3708399706783114
-0.09799805850669774
-0.8927774747383264
-0.28192165565726235
-0.9808331208734375
-0.7269305706750082
0.6304318813077237
0.9276581788298797
0.010876039461340747
-0.010060304267192732
0.369393341119973
-0.16873912945177616
0.6797836042024454
-0.022600976120628724
-0.8346587484270662
-0.9382785887139904
0.5221132370908483
-0.41582018088258677
-0.45029416345293205
0.07521723640963884
-0.6635820451268526
-0.08535722545310187
0.4850365038595741
0.5318391098873814
0.09945236907610266
-0.7735780094159537
-0.7715866972820624
0.550226055727991
0.6465656159951332
-0.26627645578915815
0.6452218555925227
-0.9167789554595334
0.43796048226008666
0.0927065494439292
0.9795514557533664
-0.7951671222450034
0.6601414330850794
0.5026909894873444
-0.4045821297942127
0.9986253385578154
-0.10053531433917251
-0.3028460463553724
0.6334571702328771
-0.12186019323333408
0.9879153686372342
0.5512632997615472
-0.5261078892666375
0.6214054336788204
0.17584779395362116
-0.29873831777202065
0.421507918987599
0.26554126185427696
-0.6680367646194816
-0.7215300681464478
-0.5867606876264533
-0.586114558496468
-0.8812843327213178
-0.2983690420943381
-0.43782996241960404
0.07753709209527604
-0.35269276829063667
0.40810752351037705
-0.4213335130701128
-0.46531386744383973
0.7160336898925153
0.9709766045235884
0.3585986318466201
-0.8095496723713145
0.9255439899875839
0.5713820965825946
0.8375374236596507
0.9849724512893487
0.7340951808675569
-0.7462236627723795
0.7321575899823136
-0.5006455161237204
0.4227896976783381
0.6569636053972652
0.5229471749597139
0.352469107399892
-0.021082548168724458
0.15485105860832293
-0.46256569582502816
-0.17154982126992468
-0.0960165548992713
0.2672555267005954
0.760250162614647
-0.8138104319147652
0.031226944175398064
-0.4435486242964326
0.8726722281771504
-0.261857651849156
0.9005081577307652
-0.34542143967813943
-0.9950538297160305
0.5482705808753865
0.46544805307897397
0.46186387497410597
-0.0831014866405646
0.32828764166368507
-0.2835545413180256
-0.8733386278796507
0.06884892877512971
-0.5643401299695883
-0.1407137986295277
-0.5762970671845236
-0.4629263233711549
0.656687234097616
-0.3244896896584253
0.15586728052190302
0.13228422183428057
-0.029324191982989856
-0.3125207588947616
0.36510385218641184
-0.9031814776965541
-0.8008505161675883
0.5677795236811365
-0.08083647465286625
-0.7515256415392031
0.7153031998572277
-0.11742810224714684
-0.9986481369757916
0.9160635386079445
-0.5953635872052006
0.37718376382302066
-0.736173825231973
0.2999943986813054
-0.6820450741883612
0.8654511254518484
-0.45196108380943567
0.30917592883758815
-0.4992214429017823
-0.2563124647064685
0.8076005376713158
-0.6689498416813124
-0.20731686613553357
-0.3889815103115386
0.39888274304914706
-0.5317123170311611
0.3109704567670699
0.40739607952808843
-0.9978273926165526
-0.04638658347817182
-0.7346004159200268
-0.5476182770811879
0.3599654502431582
-0.9814261047830797
0.3911942145760974
0.6342180538265969
0.976309818928544
-0.15537213244988024
-0.7356496978148783
-0.8583433891989758
-0.2338601486484546
0.4615267635279421
-0.7951456591009867
-0.3732970451181876
0.7619779899605412
-0.7257414105129087
0.5469209673012483
0.506315601982136
-0.7337075376275757
0.98588031049277
-0.7142938663302123
0.06101655309336196
-0.9830505160939809
0.3000404263156138
-0.11980115844029626
0.4448640527286447
0.25616007668180507
-0.697251738311438
-0.17658021128064383
0.37313233975147986
0.7199250492042999
-0.826623933068023
-0.7990697750447224
0.5048912930959049
0.17914783552302627
-0.2319361813137586
0.9264974211065282
-0.3709926636356613
-0.7203396223815326
-0.44606468611030925
-0.8315025680040267
0.10679326356946017
0.20001573445170573
0.21518619783104653
0.5579393050265198
0.3809521500293076
0.695784208879918
0.31681074017028776
-0.3967013328456028
0.03549825559447495
0.019045132229425166
0.4956872819624991
-0.40891589751586666
-0.8908617379694941
0.7958251207139793
0.9093430226943056
-0.010224560113466286
-0.774512674792383
-0.0008349174546848914
0.18785953627544627
0.05657300187236847
0.9553938956866712
0.9737650656863779
0.8678488033484317
-0.7360342385345959
0.7216280078734949
0.13676077754592186
-0.2691750743038026
0.36588409800485233
0.5254518757911715
0.9089059678817728
0.5407340984492277
-0.9666211964582876
-0.8649348614544656
-0.47562944567586585
-0.9203462761256205
-0.8790622808235886
0.5785799979861828
0.01322120854985398
0.25714139212115206
0.002097931014150234
-0.1691360112491962
0.4036212772470327
-0.8351443761507082
0.07312963214003076
0.232094111333496
-0.44506452853087985
-0.38018622876671615
0.022609396590662856
-0.5936050120843444
0.6161201619413066
0.07278034577891668
-0.21853699406330063
0.26858849470651336
0.6690529383695054
0.3621113694184208
-0.86776983275757
0.39735176321098264
0.4599167548630829
0.6929362302815525
-0.8841881119537391
-0.8275744032170214
-0.1310328227879618
-0.09325631540571466
0.21766480885488715
-0.3814198722529476
0.48338701811510854
0.48131636046835635
-0.7611139861842251
0.41580121423619665
0.4029992224477321
-0.6723347381291849
0.9060324035093952
0.046010725456816504
0.5659742030874917
0.441531036186918
-0.6660740916152383
-0.7461387850377503
0.5622479598739751
-0.4624710271815087
0.772829519481312
0.5428605809792493
-0.941287497654393
0.6142156933147396
-0.4560388099572925
-0.8722560217537039
0.42464649640099084
0.15330334942836799
-0.8458599374272293
-0.08960444464114503
-0.27975220895649344
-0.0007799884772334842
0.13377225647689972
-0.26462444428637655
-0.48976783792184375
-0.7941901699562608
0.147824610384113
0.44555674665173295
-0.5431911536934979
0.017649769821293626
-0.9119241854743809
0.7258569898052225
-0.5108970992865931
-0.056470820844523706
-0.2340410512652018
-0.6998306635176998
0.862320154314371
0.7149703954959448
0.10572957699172902
0.8278953390422581
0.48133165621315377
-0.16126139127440298
-0.3563959710558775
-0.1674868029973693
0.4405758428563942
-0.45748408398036666
-0.8442258600661761
-0.25438366652427735
0.004081885119165518
0.8038820185165427
-0.6413112994553887
0.6086760389175134
0.96282772788299
0.9081588149208553
-0.8621471244545098
-0.06981164416622776
-0.43538625875819514
0.689693008522656
-0.3453981565477622
0.10618279064813518
-0.984061652885089
-0.5986576930940883
0.12761348164837383
-0.3921813854638341
0.2454350477842091
-0.07214661883900142
0.18338186996963235
-0.013278648290230288
0.5452265259010487
-0.609155152254353
0.8008865944528465
0.5209644406433931
-0.5097462512468343
-0.9872442344963919
-0.17992778086796024
-0.534004516280514
-0.30715260452118764
0.6791480137923478
0.7543972285031499
0.9019805242868866
-0.9970759189288445
0.3146077003519956
0.6980119755578436
0.454430078081945
-0.7921019612968807
0.05962897812002499
-0.5236648109582687
-0.0159422463002048
-0.8802098486936207
0.993918540215097
0.42330494940020547
-0.8139467232838236
0.8425488059442128
0.7945749438629184
0.03951843698407398
0.40169381939735915
-0.2550160518518385
0.9491095803365022
-0.830195164967021
-0.8088459893252289
-0.7329722994980861
0.639925783788432
-0.850339031340245
0.13564145657841653
-0.13003424313002943
0.9284365494654816
-0.526456530516207
-0.47801812215277995
-0.36998216918048343
0.6016336439989904
0.40145121264308425
0.4707057375647361
-0.3638845614677988
-0.4560882563350912
-0.8506251283950406
-0.5945747474415326
0.5598739649377258
0.16941607160825778
-0.6891788973561266
-0.6712500386004636
-0.06788977512667649
-0.18697489618157248
0.07184909818004726
0.9292694445004575
-0.5847275487792929
-0.38338456357499084
-0.4699841461705836
-0.7601728872892128
-0.6847692458689676
0.37210968590103044
0.6527733758792995
0.3937559664741528
-0.9193403837826732
0.6718495019759725
-0.3444126822304161
-0.8175741924173028
-0.5035624210774898
-0.2885144889914326
0.026919350757458993
0.35436675397814366
-0.4796664145575522
0.9813532408158143
-0.9378358132824809
-0.1912155471056507
-0.0955976611978746
0.4961568944174184
-0.5002947435568978
-0.07591350224752214
0.6077935068877003
-0.7204139214537553
-0.976086153661174
0.660744663789272
0.9651344749672432
-0.7385695249120441
0.6473468303767116
-0.25552051236800466
0.26059509720764895
0.28937003141700357
0.1646476028281263
-0.4823586953069483
0.6254941832272287
-0.9563996345227745
-0.8710559279061805
0.8049921638665629
-0.11313735232802236
-0.742416902005991
0.8101559407603058
0.6587123544348359
-0.3369002174954465
-0.9146073618191384
-0.0780101559961186
-0.6640215825418871
0.14776839961344557
0.6433708030645675
-0.21000262355616117
-0.941035413999417
0.36642583350336566
-0.6543855763384216
-0.5705677880599467
-0.6256977725776767
-0.4402908914385524
0.7668475977872522
-0.9307011125369882
0.23835309769179158
-0.5084304415095091
-0.4097896740005671
-0.17601558740766987
0.10137733040796104
-0.8780418621343145
-0.4404480251220573
-0.7255279657358704
-0.6010843866668267
0.76930503244993
0.05162811650555943
0.26150877764951086
0.604336165542255
0.5896924886037405
0.9788072315230678
0.5638315336908499
-0.28177578032486994
0.08903561206810329
-0.030641029118983365
0.825354033196734
0.004786511087483403
-0.22323745086139923
-0.6403682526042616
-0.3622448653412409
-0.5619596238538109
0.7915295632286274
0.5570765626569489
-0.882817539443763
0.9830626468611416
0.058864583930863246
0.5336843369005457
0.9992114936226921
0.9479597234670043
-0.7997313253900848
0.3137288427524685
-0.4669459978686339
0.6325703232174695
0.8345189651408811
-0.8881826882951005
0.9927840970129143
-0.5611768279121503
0.6930101809302662
0.5947813747588175
-0.29039073086968026
0.6784445046118186
0.6904418047325616
-0.6477992648400199
0.18503901836282544
0.6124204507187767
0.39525312719915995
0.8279600082570686
-0.9435868605456819
0.4011216067028365
0.8951174701400304
0.1272129735663874
0.12621778172803677
-0.6235326701894874
0.9760124208092862
0.7632527197955206
-0.015546552209189546
-0.38189385569756085
-0.019127159745041533
-0.8194852462981943
-0.5347532838335218
-0.5623821166168455
0.05289702829702181
-0.9986330072323384
0.835792371841293
-0.5970712332957178
-0.7390209087616348
0.43387526538163224
0.837561574614412
0.6885681728753015
-0.3528223773903256
-0.9561742075128554
0.17321835018241893
0.8344482949622372
0.5487329976397839
0.6929617751582693
0.7213389331831015
0.9211175005515158
-0.2528184398332536
0.8838464269360833
-0.20880887529229142
-0.7979356596386273
-0.39646969254906184
-0.7270966622850199
-0.6849922279663083
0.8973870640526469
0.5836850499997435
0.9213242007374765
0.29836053128962803
-0.6515946580889387
0.9374857926663354
0.387120796585086
0.8576904179708507
0.5739835851911537
-0.5535255720387151
0.17790031156620723
-0.6492967400195584
-0.38635354140408396
0.37699687919791436
-0.745303270552929
0.457661911871998
0.8975762084425754
0.8973963196998058
-0.2167971454447961
0.9885662610952612
0.9303678805751019
-0.9352345141458251
0.2047773349019424
0.8420764328361587
0.935063371231871
-0.5582094991259758
0.1311004922406409
0.8733755871085085
-0.7187132637028633
0.4906866562039649
-0.5240081497012061
0.9647593098807137
-0.6642251664968317
0.7706405067902746
-0.8225479748597473
0.4179316262904489
0.278205375809758
0.7733070304356435
-0.10674013180441233
-0.46957511887424763
-0.5009182737294424
-0.8644104398715324
-0.48668411691457036
-0.7839307975707415
-0.9974376850106201
-0.22812580409318017
0.4651689889975372
0.9382036502113704
0.7691039951744549
-0.013836013052304752
-0.24257485045148197
0.09204793535690858
-0.7971428807257568
-0.04102149920567899
0.7281014409371538
0.3019391262269546
0.3743208084342289
-0.6746869765030232
-0.8525812208772516
0.6915249680491207
-0.4101827737677397
-0.36256618408668495
0.9033242628682412
-0.8515991964666814
-0.6597895936976186
-0.24908423184000728
0.4639701705426338
0.09409251722446288
0.796248346239947
-0.8137906292386268
0.18806108810418976
0.22728945155778768
-0.03452642702304365
-0.93801359189565
0.8848845162039276
-0.6700056104761718
0.7795065408080872
-0.6857924453384319
-0.7974843780533287
-0.5888990465641257
-0.6200314848232291
0.3943934076147142
0.44407620915135126
0.45994801134057983
-0.4694704613000469
-0.43695385310946944
-0.5249034301055087
-0.9007291139229803
0.14353961571548313
0.6797090096913021
-0.6928201309665316
-0.2783421575454539
-0.144788085108573
-0.41090110206757036
0.3240404520197353
0.20043105602753752
-0.6006503984781073
-0.9485286145366285
-0.6583356166155538
-0.41637706790778495
-0.8361278105740153
0.6875381486938732
-0.38329319976454124
-0.20506530298375414
-0.021806375758685492
0.3220801094920098
-0.8177262448986415
0.08825205843936068
-0.6302375589159055
0.7709853854990778
-0.2611966701361099
-0.10844945841108378
-0.4734080666342315
-0.06988408769069898
-0.5475154394346662
-0.4628760134541008
-0.8767212606798014
0.5044702842305742
0.33493691826913685
-0.8285853763201658
-0.31241722690790663
0.08289801201204416
0.9414110743471515
0.17945288460720699
0.10720381231581766
0.681594332860501
0.6368104297307471
-0.16273585013109892
0.07102882395785937
0.7337880274111246
-0.05035122375616008
0.7633077388352456
-0.04747543783706276
-0.8420899004518336
0.8055544026783081
0.4286113982607198
0.0042029406312096285
0.8009101229431836
0.6009006734413713
0.3550697711520605
0.24054622869860598
-0.7594362504891334
0.5143775112783868
-0.6542420543870111
0.9687359804982658
0.9443297566755138
0.6169214426387262
-0.7476280027229205
-0.15325020136880108
0.9765598726738314
-0.1292135089349855
0.9945384535575512
0.25445242446479566
0.6682162373520084
-0.4842272800244469
0.8216089714631885
0.8283478737971732
-0.8659760939027752
-0.22380169397049854
-0.20529001128592816
-0.3477463892605279
-0.44759836018550136
-0.08368563775476967
0.7469325067455141
0.5731012776555435
0.2461158571776163
0.04512402089961842
-0.16081233154954266
-0.1711152024620426
-0.7036005174131108
0.175868266562776
0.5167547757153459
0.8792999699742197
0.849856333518547
0.12536751895464504
-0.7980191143491027
-0.4278142919022552
0.07126696229183338
-0.3122616428450711
-0.17821992540155907
-0.23391305424589426
-0.028830415427338663
0.2179243039048704
-0.9250686590045731
-0.44917171593049243
-0.7122946587466525
0.21731052817125396
0.3873225063341841
-0.9224349350364098
0.779148427828515
-0.3370118485314586
-0.5248414121673857
0.49149963967827226
0.8416699658123306
0.7940627242988452
-0.9595342228134562
0.6347718506105551
-0.39389009310380674
-0.43930669363071684
-0.01676157328136596
0.39236568934994964
-0.8035652194545175
0.7378000501983972
-0.731228958063119
0.9484388492066209
-0.11377877333714226
0.6516466635595011
-0.46116003798247274
-0.16645454458923448
0.2911096228552885
-0.6241286182147772
-0.5772189957882048
0.6479388685102814
0.48188959784001595
0.5189865904525133
0.7343779411004514
0.6420347847969206
0.03053940521911369
-0.6820551147219991
-0.3777538134221823
0.013590550473110863
-0.7287003579658804
0.7025906819743843
0.758665182719712
-0.9421036813596286
-0.6144731063368836
0.6658598661531026
0.67395335521739
-0.5010194773514414
-0.08710266574383874
0.8360621386822324
0.40926789044007306
-0.45204500305128215
0.6470125833782323
0.010252749874327671
0.270819618151688
-0.7522542822186
-0.9388736152360129
-0.25506647692938555
0.1880871869043026
-0.6448326116722767
0.7409615438369257
0.17376049684485362
-0.3004801967106909
-0.6729727709642983
0.7889838406243908
0.4979222689698666
0.37770107523190855
-0.42986124713047613
-0.22686865851803062
-0.674185188802759
0.1445161220406015
0.9298352184045102
0.7142223748766046
0.29475978352296406
0.3553904921819415
-0.4618328414620858
-0.18098560700891575
-0.9598952850009512
0.5606073285212867
0.5351454568237026
-0.9822040278599085
0.8230308761047436
0.29474310835004824
0.20228390098906757
-0.9830725457702574
-0.49521911727869705
0.6101711383909727
-0.38908060323088645
0.9340488867367533
0.2854806225803279
-0.15238639868076187
-0.24704909545799847
-0.30258160145583735
-0.4960025814442479
-0.06660396900556864
0.3543923127746267
0.6486216429413272
-0.20569492005575962
-0.7953757940627997
0.02302743493660353
0.32471090505250455
0.6865679001715543
-0.25154047367785703
0.2946842401291807
0.21810020927603357
-0.4030481474934051
-0.7837909388283131
-0.8723258922057802
0.9767219316435343
0.2811894912293116
0.7229832005036612
-0.4777061841470063
0.42218755114358353
0.7847475953618654
-0.4024177761620271
-0.700141407291687
0.5309487766072463
0.7993740894909898
0.6108596452670596
0.6047274889056231
0.20006660229114326
0.3210606473622579
0.3615115007747636
0.44256639518522123
0.3108011409248832
0.9949381991565918
-0.48114745457602215
-0.16286862783731682
-0.2234501579890833
-0.9293619903471515
0.4161379187517422
0.14408486807368237
-0.6201696791772986
0.45309975316180706
-0.5552736120474622
0.06927020308842624
0.569794110592234
0.8130530110101095
0.3437369519248177
0.014629711213630658
0.6908384884891905
0.6812773891927999
0.752989568684221
-0.6377282843919985
-0.8047938723745813
-0.7441117206078933
-0.4826962988795842
0.6166877382849403
0.525836436638605
-0.6338632859748099
0.3594247385798566
-0.3287350735897625
-0.8214003559611216
-0.2894332077603352
0.4884198586856161
-0.38582945733558294
0.5761808736151985
-0.33736572605844706
-0.47888152918859284
-0.4118977566993145
0.7024277764228204
-0.05892686465863961
0.7327867393850793
0.16714923948516103
0.888601968000154
-0.8575685251918483
0.7788521229407757
0.0009547489854087043
0.73499550939646
-0.2366615603888258
-0.40328849236507347
-0.8918760587148498
0.7084795408066875
-0.7252694816537522
-0.599406818409713
-0.18161630649579186
0.13880717594690783
0.8132418690122551
-0.08485713387691751
-0.3672330847025822
0.4313369122200721
0.557882354867629
-0.0248383085037851
0.2620655445253903
-0.6463514668730785
0.268997938305342
-0.9905729971520123
-0.4529442755970008
0.5223865624299984
-0.6627884868341847
0.5289674722915159
-0.02084581873996716
0.5271383342109985
-0.8239173124819108
0.22895947745012357
0.26697508140518833
-0.19321303920409916
0.9306556802600663
-0.23336715989307866
-0.924549363050124
-0.6011714975437661