-2.41575241
0.807163239
-1.64824939
-1.21553636
-2.44886875
3.98875475
1.77718985
2.22148585
2.15097761
1.48492587
2.48714495
4.32567692
4.11313725
0.0152949393
-3.56362605
-3.09866285
1.06779885
-0.236008286
-2.97801805
3.08420372
3.24775434
4.40562725
-3.81849003
1.93454266
1.83234859
4.11053848
-0.666328669
1.09227204
-0.258524925
7.46259308
-1.38722777
3.46772838
-0.856998086
0.799871027
-2.61883378
2.48879266
2.85959435
-2.24306917
3.98617482
-2.86944866
-1.2983501
-5.48006821
-3.01390004
0.108044624
-1.33336735
2.65856791
-5.11922359
4.58668566
2.38915157
-1.71580577
-0.532083333
-0.695710421
-5.75696373
-1.94422007
-0.299833059
4.27550364
0.836682737
-2.0491147
1.59302688
-2.9933033
1.20023167
-1.66278756
-2.46426773
0.104860723
1.57207286
-1.95715117
1.82098877
3.81478858
-3.17191267
-2.05357051
2.79289603
-6.25419617
3.01306152
-4.15769768
-1.85612869
-4.32103777
4.91250134
0.252014816
3.85379362
3.67170548
1.31066728
-0.187082142
3.38469005
-0.942086518
0.356235266
-1.74782705
-2.698699
0.469605118
-2.37854576
1.02712393
1.14472723
2.80324173
2.52012587
-2.86601734
4.98910093
-1.33812952
6.68874168
-3.12555647
0.890571535
-4.56276512
1.23964071
0.627815843
1.01879954
1.55680025
4.5801053
0.0123082995
-3.05669212
1.58227658
-0.180849552
-0.179229766
-3.14807558
0.0673870444
-0.453214884
1.66619051
-0.528221786
-4.41563177
0.590796232
0.693739176
1.66704571
1.37110734
-2.36266732
0.117353469
-0.00094974041
-3.21682692
-6.84670687
1.67249215
-5.27927732
-1.09842849
1.19842935
2.36159921
2.07048011
-0.350850374
-1.17003965
-2.56991863
4.36496115
2.79698181
-3.12768579
-3.3892343
-0.437003553
-4.3281002
3.21312237
3.25879669
1.9537462
-0.897536993
-0.226095259
-2.39920282
0.0071079433
-1.6671083
1.44096112
-1.96974874
0.89069891
7.25246954
-1.96304107
1.61525345
1.39744258
-0.247214973
2.57892084
-1.22382617
-1.92924261
1.97963321
-2.85038424
-3.25132465
0.974029779
6.6012311
1.35583782
-0.0260884762
0.348604798
5.73850012
2.03196001
3.38538361
-3.167135
1.46128821
-1.98966575
3.10105228
-1.88322425
-0.310720176
3.5870347
1.03004789
6.87199259
1.46749532
0.0224279761
-1.61319923
4.37405062
1.22037971
1.7581358
0.988599896
-0.738909364
3.5716958
-2.87996364
-3.23258924
2.50518346
-2.93490314
0.781018198
-0.649682522
-1.50985873
1.50153685
-0.956776261
3.63134551
2.20219469
-1.52544284
0.19508028
-3.05344081
0.00807982683
-4.2337513
-0.0422977805
-1.84520948
1.6412586
-2.5759263
-3.8314364
2.25199246
-2.60164928
0.706266701
-2.04651237
-2.8604126
-1.55107081
1.99979663
-0.804416955
1.22294521
6.78268433
-0.652862132
0.245856285
4.2116437
-2.58079624
-2.10505533
-0.497657418
4.41669512
-0.888680041
-1.15027273
-3.54460716
-1.34048629
-3.66519356
-1.71496093
-0.03131634
1.14847171
-1.92015409
0.389325052
-0.878174007
-1.05258811
2.51767969
-4.3337388
4.30011034
-3.09150743
-2.7566011
-4.36783028
1.90186059
0.162676185
-0.795941293
-0.481356144
2.28684711
0.343030244
-2.23500991
-0.321159303
-0.234502733
-2.88696837
-1.55168223
-1.52278674
-2.29438949
4.01495266
1.19823086
1.7050283
-3.1637032
-3.81306291
-1.22934985
5.30184221
0.293904364
-6.37610674
-5.59238195
-4.38634014
-7.00787926
-4.93426895
-0.18140924
4.51297474
-0.172365323
-2.05100751
4.18271971
0.460033149
2.52810097
-1.32800341
3.99667716
2.06750488
4.00823259
0.993531883
6.3508625
0.914013982
-1.3567102
-3.07439899
3.55201459
-5.53854704
-0.644797444
-0.323710263
4.11965322
-7.33533669
-1.18220901
2.46538973
3.23899055
0.897744656
-0.448270649
-0.785752118
1.16345429
2.33182335
3.22426224
1.61752868
3.08502603
0.873367488
1.63103914
-3.16796637
-0.638528764
-3.1766901
7.28973913
-0.716797948
-1.06285441
-0.413051605
-1.6524049
-2.4303546
-1.94060421
-2.37905598
0.534987807
-4.27880955
-1.89914274
-5.04941797
-2.80220699
-3.77011633
-3.76334095
3.79889226
3.98439288
-1.14637673
1.84814286
-1.37351704
7.35773325
-3.52650928
-3.67077422
-2.05911875
1.80550361
-3.42717004
-3.33452296
-1.76990175
3.9307549
2.6128788
0.0714790523
-0.646531105
-2.32865858
0.469021201
-3.0976429
0.752616048
0.529786468
2.44761896
1.18490708
1.0255667
-5.93190432
0.709489644
-1.80793023
0.601083636
0.0449954569
-2.30041027
1.21675599
2.76087308
-0.874441206
1.21735823
-0.553756237
3.53965092
2.21439457
5.14133978
2.74585247
-0.197224379
-4.36677456
-0.820137024
-5.12621546
1.73349631
1.16310716
1.31068337
0.811324179
-0.74456954
-1.21161425
1.66175938
5.28355598
2.04697156
-0.873582006
-2.79468417
1.03223741
-0.869992852
-3.08168983
2.64333916
-3.81817722
-0.305238724
4.72474575
-4.79148579
3.04695463
-3.05146265
2.65933204
0.849846363
-2.6792469
5.27833033
0.897537172
-4.03581667
-3.76284266
0.0521019101
1.70317149
2.63655448
-1.60426331
-1.61684883
4.27857065
0.148450062
-0.277080417
3.44338989
-0.580402553
4.02637577
5.15659094
-2.12561274
-0.859987497
1.81963766
-0.0943138599
-4.25261497
-7.22872639
0.614114642
-0.131399304
-0.102945969
0.95989275
0.135629877
-4.80531931
-2.32868505
-3.1162281
3.48636007
-1.3697381
1.51112747
6.91178608
-3.54459524
2.37654996
-4.40682697
-3.62805748
-2.51088047
-0.262316883
1.44476581
-1.58156264
1.96082211
2.57291889
-1.57332087
-2.14068055
1.90124393
-1.42465198
5.28727579
-2.60220814
1.53066123
-0.372915179
2.19042659
0.308718652
2.56543326
3.18812108
3.86170769
8.51537609
-2.3160038
0.728896439
0.412995756
2.31988311
-0.558674276
0.932200909
-1.21940839
-0.732703686
-3.00907779
-0.744776368
3.71050572
-3.80908418
1.14231694
0.413832217
-4.98704433
-2.6664381
-0.841105163
0.341050386
-7.26302576
0.648971081
-1.35280406
-0.668731272
3.60134101
-3.43850994
0.628718376
3.0495286
-1.83746934
-3.29035711
-1.68402171
-2.15122104
0.204645157
1.24314201
2.56645751
1.58388531
-2.33873034
-1.54819179
0.00169581175
-4.89730978
-1.13132429
-1.75035167
3.08191228
-2.00694966
-2.35034442
-4.06684065
-1.70671368
-4.28777456
3.20018983
3.80219579
-2.79926014
3.56738329
1.01316655
1.2870729
0.246894419
-0.182111621
-0.642405212
1.92380941
-4.9477706
3.195683
-0.590906799
4.3766284
-1.44324672
5.19280195
-3.85351229