0.9590015204100859
0.8318204833941985
0.5247493125235854
-0.45280824008777754
0.9271870753595053
0.9409832998242011
-0.09430858783726648
-0.733256337967813
-0.1745090543847614
0.4000285697942503
0.49685373175583214
-0.40217373008915147
0.40298862081476994
0.721415092258316
0.42374871279029014
0.8710241549250715
0.26516656901452773
-0.5982218353493112
0.24833517841077635
-0.4188410090414987
-0.3094128382028378
0.344747426102634
0.9626709924697345
0.30017277561395583
0.9166529056103929
0.00778687808649936
0.3886239474546527
-0.3552372051722896
-0.7691894954327492
-0.2955243950742452
-0.03926015521874637
0.1412763885061985
0.33431447610443277
-0.16504413374895632
0.4957374467531739
0.6827786048338234
-0.4281440395492728
0.6946021828410978
0.616609558653392
0.045459972418404604
-0.9494557174910558
-0.7093465767344089
0.34050835753388364
-0.6001951654705664
0.5003700373401074
-0.67812921131354
-0.4267689036817801
-0.498877985083634
0.6787636289303425
0.38118970072802005
-0.40971886807678803
0.50718789609033
-0.9353872335153457
0.6280524351089374
-0.7950399873240468
0.7360707473088206
0.47898496034569993
0.7296829704092052
0.484825471745721
0.12254110558162123
-0.524809054867591
0.5686143457417732
0.5976435049791409
-0.4247226909855595
0.3289871371832471
0.8529696223375591
-0.2248907027160194
0.9134039400236535
0.9516454441122526
-0.3746920382107317
0.10424919506612706
-0.9740695246507234
-0.4973177432553886
0.24112339122369808
0.5618497857517708
0.7402361846426702
0.659966963910289
0.8229727541474772
0.4092581377855755
0.29526477110000116
0.5102154104170997
0.09323027340248258
0.2067739545772831
0.5522934902446643
0.9285796462520615
-0.41164455639101694
-0.6451482030234736
0.36531770340307035
-0.6260468369353527
-0.6524097362893897
0.02769370554914774
-0.24560354589470879
-0.14298437119853147
0.11319724119066588
-0.7398669397692554
0.16797211536786238
-0.48996770373515597
-0.33887442251546185
0.4193785926326281
-0.6903886044034275
-0.6925932328607405
-0.35473994021296007
-0.8982891176095464
0.8647637311423817
0.23121735219866002
0.3237804219298781
-0.01889811769264682
0.1453539811098601
-0.28382882367252127
0.5680628971410029
-0.36428198925562105
-0.5600759691448851
-0.6322618049292821
-0.8636470617911483
0.01028070091263178
-0.16813751245915665
0.07407190506781736
-0.8161088921218671
-0.5576038377970944
-0.5732923796276082
-0.336232970192037
-0.2784043506745346
-0.5631094284309706
0.5053113791090338
0.06099779121364923
0.9932621652086775
0.6473768018504045
0.962266395230593
-0.9823926074099252
0.3378769359887732
-0.1086655074306151
0.8089929169753842
0.22740219412158869
0.24226339524726792
0.917793632147867
0.3651027215370559
-0.3581259789858371
0.8318648605973509
0.8899753408636752
-0.22824813043191217
0.080474625885123
-0.4343420114412051
0.8226718532572361
0.6442181284799324
-0.2500839156760417
0.6056334750165877
-0.10888620485656397
-0.9122966781789965
0.7965632178117066
-0.6149752241326458
0.02778940025486709
0.8964236392968361
-0.6652103815730102
0.9125524129467981
0.07594966192850205
-0.9853388275663097
-0.8690563557925601
0.34067025228611336
0.5471645327385533
0.7299017114252624
-0.15158109611771886
-0.7921463816526597
0.07550842804832247
0.40548573253508247
0.9524478426780556
0.5504134809261225
0.2931223186366907
0.879502223016627
0.49378165134852425
-0.692490845564709
-0.08154952947991667
-0.3365692490654244
-0.8249582041316028
-0.8914638582171179
0.5884295739517806
0.11616841063562156
0.1499245885255831
-0.5447087301166866
-0.4827040820176487
-0.22393479271045846
0.26043452925157573
-0.13394993072145822
-0.9662180633917175
0.3465974646554255
0.06966874012200419
0.2828454929632793
0.23669871782120433
0.5119211933903549
0.17121602662677837
0.4017640627660042
-0.8548211104020458
0.8560955003326676
-0.7877289162600549
0.5737837953251399
-0.3972985803102578
-0.8269895571244146
0.530548482040925
-0.12464770106355005
-0.2097734835427647
0.32144632981448096
-0.052024645264097114
0.06693552762069888
-0.7272370793409064
-0.2180148691420194
0.5949692256669317
0.09144893728164516
0.9202685301608691
-0.7118489250830338
0.35457809101012505
0.8283378327692357
0.5900342444649185
0.4586491532316894
-0.253738970199352
0.8989302070610254
0.10704837552855784
0.1101394912805238
-0.753529682133002
-0.9899403218519898
0.19330977490666057
0.07430409710892194
0.8939587784577436
-0.3906176953009832
0.49659317346558685
0.8070927519490918
-0.3122967003027062
-0.17469100794750414
0.2918630071201749
0.025105389095174013
-0.67809128487121
-0.5584240612851841
0.6694967337361242
-0.6113475693073491
-0.6372840304526999
0.5993201072110628
0.7045022555349514
0.7027754448509484
0.8647397308062972
0.9886261008508668
-0.07746959262081221
0.0993292193583335
-0.4186946649598293
-0.8652744851903973
-0.8035951972392561
0.4511785146682805
-0.02561917973250294
-0.3382981366345532
-0.7435697068080969
0.3109459613939054
-0.7999098854491542
0.23903155430866585
0.8002371816858436
-0.3644281255325492
-0.09870804357012997
0.23268486051890624
-0.38864902118655853
0.1683398656903945
0.1311040158102197
-0.2710131286427415
-0.36733368100734176
-0.14338521408081784
-0.9903362346706572
-0.5076497229090318
-0.5569485915869605
0.4796324318772336
-0.1277518678206231
0.6802201175613105
-0.7313883352342223
0.46594559150282944
0.7557716590159231
-0.07430324784877951
-0.28251679577280653
-0.3890564071093294
0.10334365232039433
-0.6484596782095493
0.21325533214172254
0.6835859906765211
0.7174273107415985
-0.7199966625676002
0.07723607415604472
-0.4735306988128334
0.7726716641577911
-0.8470752428855692
-0.8492000864132467
-0.9627394102575293
0.014356622571147781
-0.9376115379833818
0.16378098098785854
-0.18973106489777192
0.18007262368143606
0.8126071547963665
0.10318799705231663
0.08693864783623706
0.9974563500237035
-0.05579209843414823
0.5503944776748564
-0.26836273979398095
-0.5533867047512899
0.5442896871209255
0.466453654425802
-0.4180016795712522
-0.07059771565909445
0.020823986687571017
-0.2064296847005851
0.004334539332861764
0.32535697875739333
0.6959636802077331
0.6130801138557969
0.2280719531202562
-0.6683128959356834
0.028273361032764344
-0.10755911232199655
-0.6417096321827584
0.8974236632259567
0.31882661390595346
0.935471119675026
0.4718396176696489
-0.03299316854513812
-0.2824089223083881
-0.5623617654819433
-0.024715703252704335
-0.8742776771730616
-0.26112962910505133
-0.9143831183227062
-0.586451850564998
0.8154521851459213
-0.2774972708807424
-0.06065154197958211
-0.09071310041022329
-0.9071250849976438
0.9611795641262046
-0.3518577798720448
0.4074725056952446
0.04274580826710128
0.6592943113073007
0.6697445324347868
-0.47336786123169317
0.08870012417674289
-0.6523003671070999
0.30735062626776855
-0.2694064440179047
0.3066730931136996
0.6709381353532891
0.033325795107877365
-0.24734243791290966
0.8144848528936393
0.032743564335140585
-0.29420398448054863
0.7354388437424946
-0.02627687465164885
-0.03577982057374807
0.20842196057137374
0.0036739689414835297
-0.7220633858457401
-0.6687883551420157
-0.8458235485175063
0.2869540047766195
-0.5769657917284905
-0.6261886483824648
-0.2755541115698179
0.43460541690819077
-0.7633395543529147
-0.5393073348013508
0.62234525874592
0.44051131774989805
-0.03696670122102774
-0.042370714559835765
-0.5785920978964731
-0.6775074802747485
0.6667299927905084
-0.9551079236914173
-0.9137113373296692
0.1469730227045365
-0.677741719264924
0.25908084977630996
-0.9216182695210329
0.1445385984609291
-0.8881759916791117
-0.48348070796658305
-0.6399249208474058
0.9164766729691074
0.19871504558985942
0.1272094046715304
-0.9627599287255262
0.4390945990081774
0.3234901252583162
-0.4330907471887191
-0.828502994528511
-0.10159327676108654
0.9855516474159576
0.7346047979841888
-0.6588664320206075
0.6607271494085616
0.20167742882240014
0.5892321405209024
0.6409063602609948
-0.6362316962598007
0.3192975001157061
-0.4709586029094206
0.44837359615551176
-0.3146574508793363
-0.09305970971981647
0.1811919818646146
-0.5403724256424405
-0.22907623451630488
-0.782859772196969
-0.5953029018236498
0.719183384021211
0.00871905214142532
-0.16040997465678775
-0.7008776127470879
-0.8074028465535912
-0.04826162902104536
0.22949633896073385
-0.9219268727637435
0.5677364696775369
0.006658416276918988
-0.7649671868504591
-0.03551812977503821
-0.7393423184456713
0.20694930164942105
0.6550435573041469
0.7939379056950633
0.5497408461356066
0.29846347021306774
0.04408845932310834
-0.2592450995024398
-0.913123433327037
0.05963303787941121
-0.5410274872418996
0.6046003920156275
0.5791111703019092
-0.23752700760188983
0.17809617228241303
0.48278808456449007
0.5230784540949838
0.39341520631493343
-0.8045661833064348
-0.7322337887507973
-0.04571752599091994
-0.5349742187546886
0.7181064946028228
-0.43346666398208833
0.753532626386449
-0.1827065906255696
-0.6219579725642586
0.41829767441221577
0.5788449646102498
0.15597429160089238
-0.764342792037698
-0.9856118950988371
0.3090922416063948
0.3755334735555522
-0.36819657074145873
-0.2754604204508184
-0.6904428388763728
0.3031518695558635
-0.4927345475360321
0.7099538525358571
-0.15287690513327368
-0.26871181112705655
-0.44887891424002246
0.36121141012689684
0.5099438012196669
-0.1735436834081272
0.567576833927075
-0.03506448598623879
-0.259574062241706
0.1098227125966571
-0.49244470911460736
-0.3866938266508111
-0.3112873915702927
0.4109892159421704
0.47156486120922136
0.7099978456471938
0.3185656982524061
0.49562839015977533
-0.10681024516956139
0.39862288459010675
-0.6764097645837275
-0.5710837169238399
-0.19887818714855432
-0.32312430738130615
0.1011524291936361
0.39411481744892063
0.41357986706573957
-0.6785239817335655
0.9291405027490349
-0.9894187330548561
-0.8178228315225919
-0.7093431283284926
0.8517235755956982
-0.12924513089447198
-0.8718390872613788
-0.556459510760976
-0.8399205266083947
-0.9244893234298421
-0.23134797914795602
0.9688962012625464
0.22793118143342772
0.04201108644111784
0.42321166341796235
0.1949451276281926
0.8914317156912155
0.6404574688564408
0.280582629060274
-0.12205590291752832
-0.5965855143879708
0.31376844541368576
0.6078198182307673
-0.4279869765826092
-0.9327812972074832
0.19902982578497896