-0.7048916401171126
0.8010620712635164
-0.9943288970399673
0.7168122527603527
-0.710624039358984
-0.7400157371131264
-0.49869160654375233
-0.6510057581972131
0.3221152851946336
-0.9484397004276033
-0.9702793455385823
0.5799693284695078
-0.5241367878190739
-0.3524570760759551
-0.6515075971876456
-0.895201964277647
0.483436113908299
0.05217105319573423
0.4913305500679914
-0.04750806915349948
0.5560340786284055
0.026475915218383328
-0.781891979992309
0.007677379571642717
0.8908312859402125
-0.9132699262016566
0.5664539919607592
0.7339618155196765
0.042902429426168176
-0.08391495580463593
0.9280523662440574
-0.8783491850109884
-0.04203617800327342
-0.19676549097487905
0.3721949921244654
-0.01946229171154945
0.8194016582304586
-0.853018568467099
-0.8384190451784161
0.21659484726687994
-0.8686355333597722
-0.4499680008840936
0.26615344860203094
0.09671286809672108
-0.3496291133626641
0.9892555117218471
0.06111367486264907
-0.09256916484905675
0.21085358307062574
-0.801643076641916
0.40355883709213236
0.7055854745911501
0.3018333297626108
0.5379254602094772
0.44167983331519833
-0.5699538673450062
-0.09689016806943695
-0.5430128512708312
-0.3221367623296496
-0.09300219418510536
-0.16802069947700948
-0.8098283214487383
-0.146471987478084
0.3302157261206178
-0.2513979531289263
-0.6947221504625525
0.8459700714687688
-0.8657333837267045
0.663543776949709
-0.8135397965926452
-0.8068711348684288
0.4775919969774314
0.6235385705547847
0.11274147123070022
0.1729301654789539
0.12317282798414486
-0.3407080371675899
-0.7555374292908814
-0.2928038407324647
0.3306810400058309
0.5005685005029565
0.7361842977381299
0.44212135749229886
0.9367972506229489
0.20082018244935407
-0.29670762861370203
0.15583703677970973
-0.5745223886559878
0.3134726059763042
-0.5515102617848688
-0.7835632361454667
0.6907468372026901
-0.2648778987692997
0.5252112638736994
0.14820000866292538
0.6144427423046888
0.6903103226567162
0.9490932042514164
0.6368537190813393
0.22714656107092956
0.2853983276596628
-0.9474923370928332
0.8581685819898728
0.658921579919326
-0.4651045496917787
-0.6391678560782912
0.40539754573120934
-0.3820306223401797
-0.32035068644548326
-0.9877884211926826
0.7397254130728763
0.13264218952275253
-0.19843131200096886
-0.7162506916974627
0.26634402531102763
-0.9386858032381882
0.49222352401141345
-0.5697342399329781
-0.1603350124709937
-0.31820803646133444
-0.2598938150459922
0.4431919354853464
0.553671239933482
0.1351871132287945
-0.8300859200456414
-0.8947823471489564
-0.6851802057856937
0.23567636385206114
0.34793742122622606
-0.4557943129075621
0.32387738561652246
-0.028676590218007503
-0.11591162660444176
-0.4536663112704611
0.5098862873367414
-0.7723649837795965
-0.1401727332042193
-0.4335070598391013
0.35697250952026605
-0.02673449327149835
0.33426511747269916
-0.909165274791145
-0.2094732078247421
0.19864991388890085
-0.9846258282002343
-0.39716127596312645
-0.5775320415593754
-0.725530389485346
-0.4889609919570814
-0.34375528812431777
-0.9845401868613761
0.4940282468595356
-0.6486103962483154
-0.23958510856952753
0.40734252676532723
0.000524693112426311
0.6667084048397565
0.6124003731335277
-0.8558490068156843
0.7235287240451771
-0.9153954768744172
-0.9625169268287086
0.8423248690048248
0.7242200272241328
0.15151832147366218
0.14679936177168607
0.41899792313786843
-0.16461208031303887
-0.7696532546724035
-0.9582868819505024
-0.3504636411089723
0.6026443086209043
0.23625052660848045
0.6640518261434143
0.8395395034827693
-0.8237402374042306
0.6889687196293939
-0.5133670503545327
0.17774257660582382
0.04792508600126322
-0.20846660628133407
-0.37945087632827734
-0.3209734377030722
-0.3338627550137361
-0.6637345839086268
0.020966569084296616
-0.7719467203228949
0.019904124645943932
0.8118454631601009
-0.3012494690552394
0.4547582113478086
0.6378972030497039
0.6300740115000283
-0.5274623021065514
-0.7071115634446112
-0.6054563943520335
0.20479797054633164
0.5204305910937841
0.3110180210374782
-0.6457077421055417
0.5456961784951204
-0.011765949965222733
0.5088916504939716
0.5197542992154969
-0.10218948600987399
0.8483085167713187
0.12898356680559853
0.27059663812118684
0.2490435588837896
0.7284937496628323
0.2544348137995436
-0.6980851972138462
-0.8634274830084878
-0.11558387232743028
-0.3943591297219742
-0.45065266502768164
-0.8876557595738439
0.014673770579556322
-0.37918429878737814
-0.09617227259863559
-0.8862198983320952
0.6633932633262429
-0.84653799765309
0.7285000678504783
0.7105867429121806
0.23001677683114718
0.014135634667910235
-0.07457668214545543
0.10863274267660783
0.583635594530717
0.7917535311136052
-0.10053259269818748
0.6196318353959422
0.30367490929721974
-0.3569464742391433
-0.04874194411386101
-0.6982778466087229
-0.8762525997977986
-0.7929962454592168
0.7982536679115471
-0.31312444832346475
0.4286310983349253
0.009098003001914767
-0.6548821771272701
-0.5045125528034315
-0.12448345138153405
-0.1211564164747514
0.04549607053109117
-0.6825075840369172
-0.25429603579734583
-0.43421284277116423
-0.18246120550535938
-0.3232657063171609
0.19577172476597893
0.5784538631273295
0.2946107139386138
-0.8681762914405651
-0.8109881049698113
0.356758689680162
-0.43170605224377256
0.44746731000492357
0.31312817282095584
0.8126853943273544
0.7465593241210777
-0.3332759278788868
0.1654790291728392
-0.7171432388313643
-0.30035842492831155
0.9353930153854892
0.3969599256237619
-0.21608403132927934
0.19008245630314957
0.8760043991315216
-0.38083622516807814
-0.24664138788739964
0.5833239157270871
0.6263695676296019
0.340232799989445
0.657917945788929
0.47754934425896556
0.3708288805551525
0.05278667946834803
0.29204964146697576
-0.15318726735579258
-0.2763438073064308
-0.27480466203591125
-0.6394741542463107
-0.5716146775821993
0.8953365350686937
-0.02745815825454545
-0.5469139069322255
-0.7248692936458414
-0.8456698313982474
0.6888567773717666
-0.7977184726642117
0.541749440726202
0.670239653269112
0.7673643309851232
-0.9245050152848775
-0.3264712560714369
0.5326152088944831
-0.737901917140984
-0.24656025835495066
-0.675505575823099
0.662690113378251
0.5421956274619768
0.6180874392786022
-0.6689216685118826
-0.12465318972330652
-0.17828277700693307
0.3527258443770658
-0.5249395971061499
-0.1116025803894487
-0.4301441348732835
0.4970730361908726
-0.10214407393331926
0.06802229939652227
-0.3810642068744208
0.6172477421815727
-0.061968789935494595
0.6702267854514148
-0.26431808354993436
0.8942603404882459
0.9688795870631546
-0.07664004311802164
-0.43645653459244915
-0.23625513161857903
0.05491957692296534
0.9325363064118946
0.6337824791624802
0.6025184483030952
-0.7232029307931376
-0.49999357682198586
0.2823580724088943
0.748233890104474
0.10908149084886243
-0.7948205365031813
0.691784553466877
0.7023320961695576
-0.42987397188134313
0.5262336605833817
-0.45441740081728677
0.8106124179564824
-0.7053026880167914
-0.12505487961003836
0.8928265260235213
-0.5559239861860388
-0.09774401955858214
-0.30082984372270216
-0.9466596183941229
-0.8934862256578511
0.004014229386470891
-0.5284438522731347
0.9890507024765824
-0.25017465316446486
-0.9436249089436999
0.8616518094999062
0.6783525752232114
0.29992136858836327
0.582761274964352
-0.7248008245482567
-0.42624120537346366
0.6595231663056451
0.39214397715196725
-0.7224146163636276
0.41107235057816083
-0.10279705203550682
-0.9894976033887641
-0.8415484574585574
-0.4881521431259106
0.669926198564762
0.09760849088767087
0.4544695706498636
0.05554301177344856
-0.7776262793515232
-0.42379684392153893
-0.39769761082756006
-0.9045011067622974
-0.1603489124931139
0.5877982172788763
-0.08577276672710266
-0.77828420941997
0.810293771323997
0.19347808563789393
-0.9671292955882111
0.03075146041881216
-0.5161237311580134
-0.7128463195074799
-0.14152221379333252
0.22961916555190132
-0.5188715223869129
-0.16686480958292038
0.3287426034840182
-0.8287720900254765
0.9493089819044433
-0.8646413541823079
0.052118890644341054
0.014655393159573205
0.9766629711929349
0.10830390483639096
-0.2190925348798718
-0.05972984368302803
0.2713415829372601
0.9620788451031206
-0.49269947786157453
-0.9675155377821048
0.5770400325590306
-0.3103950136732174
0.4658820429012833
0.25651392495131287
0.5430027482197182
0.4703739696246225
-0.33496278325603024
-0.9113286234095836
0.09202749041538305
0.6270177311121763
-0.6498217458965831
0.558285186956563
-0.07075420050592451
0.3907785039921279
0.2634716955166756
0.6229953636952128
-0.8737989259355508
0.5523807994068435
-0.08464084510529357
-0.4131148576499375
-0.9123874486817538
-0.6010603325696233
-0.916188116139236
0.8667419599007946
0.030767178508997572
0.9782454045922468
0.08606139530837176
-0.4933724695947652
0.5065818376377298
-0.6177931385321782
-0.2860516479292732
0.56168313395685
0.7315965541561151
-0.33615062723731093
-0.7510499835112332
-0.26396165137065397
0.7789730340245629
0.48661541103924244
0.7892749899101066
-0.22671046347861568
0.9474471686306181
-0.007593546925954708
-0.004953215012745371
0.8486209332539272
0.03855170706988398
0.6022961748035476
0.45416264868527145
-0.8421459878890643
0.2049065976604545
0.6446825590797733
0.09094879468927397
-0.35757714357081194
-0.8398621778500095
0.3218384429162733
-0.38700828781849506
0.2052432554611996
-0.14776785423390915
0.37952961689097253
-0.29690603245601577
-0.915289674299741
0.7400743501127842
-0.2948813793830354
0.9963011955460981
-0.4508892798502848
0.9600545583885582
0.8958087572061726
-0.8499176700236815
0.2750250757665966
-0.2733777386980354
0.6021919511243399
0.35882121562937974
0.9055787925592156
-0.7144410632749005
0.21514580664171068
0.562623939486933
-0.930402068402916
-0.8655332738757824
0.5570307470137308
-0.2673430537857029
-0.23429119662244458
0.13448928344823896
0.210189657709571
0.3581241138267899
0.8976470585311129
-0.25597324305863256
0.526168943597159
0.14784355666779136
0.05891976307257929
-0.2039319080951001
0.2991214734120631
-0.5007766938132041
-0.7731027748299639
0.47134971895885536
-0.0019120794870663982
-0.22602523992147305
0.12334542151929417
-0.47644664682500837
-0.47942045772019326
-0.10745377518876764
0.9927302243095215
-0.42884624460368403
0.8329578190837628
-0.017599609491551815
-0.7547251561920583
0.7056525807686453
-0.09591462950920526
0.7973580615724607
-0.10977761451508994
-0.8244185177905379
0.3638585205012743
0.6910424379493989
-0.36082445580005973
-0.3051494105228709
-0.8701218433678577
0.08434272245112462
0.7826633647077779
0.7027241015062518
0.4236182080144253
0.8546489134463555
0.2754000451280325
0.5873927676900055
0.017511490348601555
-0.7572750898430862
-0.5980392576446285
-0.7222462559232685
0.5807461216154983
-0.9474319463834686
0.10804287451919015
-0.26217766899755857
0.6073234525771729
0.10329386785285499
0.22389672524104176
-0.8275690366961346
-0.3814185649430757
0.9991900878687738
0.437739319781439
0.05139130966060024
0.538329100749396
0.6466787990167813
-0.852498574177522
0.9447594630275318
0.28467717877276266
-0.10005100867400785
0.36021798129916194
-0.3109704385946006
0.7559203033008235
0.5605258576766168
0.27958785873332603
-0.6360737268957253
0.9325292278682136
-0.13476342703605027
0.8214245418937747
-0.8891742999644459
-0.7516777587219756
-0.6939690663795988
-0.6706858402197517
-0.35467849769088877
0.41866426505849175
-0.30795383531625387
0.8818081098630695
0.7898518336422489
0.6918674123117312
-0.49878938203600187
0.2701141827754918
0.10168283096627939
-0.7496594097461946
-0.39435078778224786
0.06695605953676109
0.005146289482525379
-0.6627281965045864
0.8832139757371917
-0.6916114662408737
0.3174657467675086
0.44126553687454595
0.21027781572371085
0.6850600082267779
0.12723606886259153
0.650472534653264
-0.9432530242022448
-0.909076393417316
0.2829074676487202
0.15354246295475815
0.30225995497119973
0.5339180018326222
-0.1668264326735076
0.2779823844177409
-0.003923879727767865
0.25432802059616866
-0.42065668639678844
0.91330033990881
-0.03411036364916109
0.6093763084314661
0.3699816823913533
-0.4051322571405154
-0.8540539489893084
-0.880173934130662
-0.12078900015917804
-0.03149773978528159
-0.5919539728732026
0.21332052564127268
-0.3748350015061339
0.436725770224875
0.4683995096090936
0.7215547315086506
0.9507482558297604
-0.7384676968952271
-0.2589196038994175
0.12330243149673836
-0.3617682271936855
-0.06705486591872711
-0.4650566510916352
-0.5041622349489088
-0.8063766948788571
-0.41957599006019697
-0.23170033299678794
0.23075488832793734
-0.5034594392376268
0.7306150034414354
-0.6806006757396781
-0.34512835839761014
0.15537407578719287
-0.3745701582754539
0.5262427502772571
-0.0034689158801823883
0.029449678462968976
-0.0024805832046916887
-0.3829190358911414
-0.9536474035672979
0.8904656081384745
0.010888926047543102
0.9333732611049508
-0.5697111549475178
-0.2942098222872893
-0.8989191907442162
-0.010211592949647352
0.7646789527364022
0.3085200737792342
-0.05882629326360855
0.07338149857785403
0.6943447307869357
-0.13814446130491898
0.7649114618371857
0.4550161267187838
0.5277135283239791
-0.26812529496487403
-0.19883675797048683
0.14056328776205862
-0.6106893962245619
0.10644585324230338
-0.8529365005143164
0.008511058246409409
0.5288082294144791
-0.440558644752036
0.9781814012414451
0.3607972802377215
-0.7623779605528209
0.9501656308275681
-0.21219257454278573
0.5897944567618916
-0.3218294000948694
0.8778971339107509
0.5099303445855878
-0.6018842368951001
0.01824503245036424
0.00015580714128771156
-0.9093932950658505
-0.7259272528649592
-0.3339185892944656
-0.052511699209619955
-0.08602288143425207
0.21252104480760825
0.03101146429450785
-0.3440683047269475
0.226136242129356
-0.6749959082461212
0.9812314751222802
0.4786387211472083
-0.40153131494336347
-0.3272530956966433
0.6565787719147518
0.06467965975175272
0.41747961287087576
-0.40041887052517255
0.6314976664876484
-0.2632843802684608
0.3476127849460331
0.9597960623583237
0.16740428369757265
0.5935096278602943
0.4506484251037106
0.37608730240554333
-0.9467056900723336
-0.05081957182987895
0.9341413923441018
0.5658079828628428
0.5523240503441442
0.15526879172836572
0.4428002245926135
0.1670465540952799
-0.6589758765066813
0.25805048229072725
0.23947161100217884
0.6823342499165286
-0.7044485833993364
0.3614537901013577
-0.9368589733158013
0.8964103415686027
-0.7802089573326063
-0.9621252649867749
-0.3726150331082896
-0.6971374837613091
0.3810005218370509
-0.1792451813545899
0.549944603614182
0.8410418997944213
0.7456354178246407
0.47167454253736274
-0.8754374279711361
-0.7238350284295796
-0.5853165900575106
-0.34990093114789045
0.3244535994286981
0.05095430280007074
-0.37249480252436573
-0.6536351522853445
0.8242483218480208
-0.3153459646363077
-0.29142602271037443
0.5439795682974815
0.4418491226545853
0.286618199998923
0.38662662005964177
0.22015316015750308
-0.6154716617265732
-0.5069617289452792
0.11617330161480832
-0.5502659240143666
0.945821255181138
-0.40477086944618423
-0.42199172519295014
-0.5854444102907195
0.4099765194803935
-0.36591850996310393
-0.30239365159738685
0.8674007495416012
0.5908107120046671
-0.4530849264891539
-0.7562517885345699
0.3532444915650914
-0.24061162925123503
0.9603210746427244
0.6367549202611247
0.9092177267829227
0.6092316679131407
-0.41909469601412885
-0.42473931677172017
0.4282825749967907
-0.307272971808767
-0.11524777627032923
-0.48711204905303584
-0.04184147396703364
-0.595863985598807
0.07715584741730552
0.8660478675666154
0.3923426012936453
-0.7254540903981541
0.23135406882898457
0.1736609971416303
-0.5150839231794264
0.33966792978620797
0.062082979465598376
0.2758891468172753
-0.8950177863210744
-0.17339726790348275
0.43471611250048725
-0.7989101904453042
0.5415321161965583
-0.9896371071857399
0.10070513155923333
0.8581993603399556
-0.18618509690623308
0.8700641971923031
0.7567992430284565
-0.04510295911820705
-0.6010880506647966
0.9278280777818715
-0.35766459576166665
0.2917958357805397
0.8158739174712448
-0.8210785589769674
0.14826670635074657
0.07030455378720935
0.4462353564848467
0.8733387595012521
0.826459451339705
-0.6498704490380738
0.7644899463296664
-0.6484225849222749
0.839269623701868
0.9943436061770199
-0.2060108514434007
-0.009232205356484391
0.8732174895555256
0.9242627601666848
0.852079395792886
0.7534863358358468
-0.9814656630398004
0.13592373732899077
-0.785398618452924
0.9659877767420129
-0.43087669529990746
0.9781989401774467
0.08660096711394982
-0.012175159316361706
0.8771210034817447
0.7021194771559933
-0.06395846198741983
-0.6143772034523804
-0.774706477959691
-0.6750114749205227
-0.08217105793527768
-0.4854702395409618
-0.6276018617438646
0.47323579098451396
0.5815353288505114
0.13556244484187863
0.5145655005151224
-0.6490101723230706
0.7122930085469155
0.7940855235679503
0.6539796505526192
0.030561317919591824
-0.8265244603032882
0.3385117068199084
-0.6304375979053201
-0.7187762487314031
-0.35279665982983444
-0.50390583266571
-0.4784294458691123
-0.5289574943969322
0.507513303562914
0.9080696453098251
-0.3961083206167706
0.44576505680199485
-0.977128531611664
0.3073667341403974
0.3855371808454777
-0.8757513363989278
-0.7635503043920548
-0.38638731599276044
-0.18916677406320548
0.00504094247677922
0.7902367396325083
0.40711407020451196
-0.3780441032306794
-0.7651685083104474
0.8322607717012707
-0.4099247996875064
0.229250896287698
-0.5617427981293122
-0.7328624356063917
-0.6936288706216416
0.49546967430171307
0.21147789617813872
-0.16830876913755066
0.09846901763672955
-0.058343846241377006
0.0750353753864017
0.32818887867932767
-0.5631767546853481
-0.5050691413828445
0.5094790994497307
0.7462701169754666
-0.8362593870534503
-0.10650404500703337
0.4075322503117451
-0.8437945557051196
0.12833744454694962
-0.8764839048866324
0.09529849742186292
0.01097411218519162
0.14540334845572933
-0.7002952372351714
-0.34376472451558704
0.040683082369574075
-0.7675199556306715
-0.5891970289212769
0.16629535688203512
-0.8181167110966243
0.020750708065669032
0.6173841663544744
-0.09313539964043605
0.026495686403283036
-0.08640304857624792
-0.8845264381349505
-0.07524338852215262
0.613830705108785
0.4465601596500046
-0.20810258009348503
0.632906451866261
0.4916089656636313
0.1566225301180708
-0.9094203945443424
-0.3109422668757309
-0.8724801757758336
0.9882473209538403
0.8691655977698929
-0.8619617076793724
0.8675511251698613
-0.9365302579538419
-0.18226612836150347
0.5379441251669654
0.5316553658474235
0.956666569848202
0.29176163619432693
-0.15927612223534426
0.9857131971617579
-0.2350407622972559
0.7392405706214169
0.8135346230491451
-0.24870893239602476
0.36546070820308274
0.32358507625093624
0.07860052783772042
0.30706819683740405
-0.3044602257216995
-0.6430527419917766
0.07451697279600245
0.057685079088018565
0.4557162818122562
-0.554619568067467
-0.9930534101101844
-0.9545293453560668
-0.40327402259403633
0.34699971555313414
0.08889067805004158
0.0638672169935175
0.6467208747515687
-0.5049759229924489
-0.3076805300247465
-0.4487005444097454
0.8748207222701336
0.4500478918178368
-0.7743107224670454
0.6189563670783889
-0.1615188030164958
0.5321069350278067
0.767513243690749
-0.9687084072729009
-0.5878367562995717
-0.7982065738149859
-0.9328474484914384
0.19556979346310532
0.40657253372985735
-0.9026473575125018
0.48108215695972323
-0.19546929837818738
-0.5313214430248767
-0.5654615796448932
0.7274604853401128
-0.8871119299510781
0.007791697881869064
-0.4214730972921623
0.6315725135266337
0.46303496623203655
-0.36219260726161595
0.19583534855452478
0.3450638028738273
-0.3586697692140337
-0.3964711297115935
-0.7134791316733426
0.3204248476214864
-0.5579145191079349
-0.3989980924851608
-0.8780847257864757
0.8970405100534427
0.7594277819277659
0.8231553312410889
0.25198627529665996
-0.145598835410913
-0.008758425013958071
0.9445804706873717
0.8831728196638235
0.3426850494914446
0.571609191961036
-0.36253108536737555
-0.1673507331571107
-0.7015647843496726
-0.24707962298573594
0.5088321944762506
-0.052962359175560136
0.698681864520081
-0.3985271624097044
0.4151535949759444
0.6115523198697739
0.829482347631811
0.12477189917381826
0.9355723770932534
0.11457351639854618
-0.7318144978818439
-0.5142829678208285
-0.5933265338798912
0.2934117030958894
0.8444522090224447
0.6942667718392237
-0.8150720069462727
0.4491694246144038
-0.6190367631385234
-0.4630768242900376
0.34734384126915696
0.20584408997815173
0.7472409169790792
-0.6236734121344893
0.5233928350744199
0.44861047970429824
0.11770095254505453
-0.04121158705817041
0.7389477030490759
-0.33407137836235745
0.9140395210533463
-0.9693325875430143
0.8743195264044954
0.924155112228918
-0.765367601113331
0.9991440140356234
-0.042158247315268405
-0.514813636308517
0.20880306815756233
-0.5909737140442126
0.8302529191871129
0.10415858509562903
0.5510277641275405
-0.2386765112541549
0.06730025483252611
-0.2814808888968485
-0.4768767452292948
0.025633080047547052
-0.005445413798033316
-0.8027835368690399
0.9626369136931534
-0.061019155954883164
0.6794623631273697
0.8286609977949781
-0.2585901571374831
-0.17213965884275084
0.12504945492870867
-0.5574518033675495
-0.7081545737949029
-0.47845178018046086
0.869516500592707
0.15828585207480095
-0.16484385288965275
-0.6951771796317134
-0.3402694280442802
-0.24032045051769169
0.6667254305739703
-0.0013970352613550396
0.3092159322420438
0.3696932246918123
-0.48534648473023445
0.6431838793847127
0.9330165345006873
0.2833889087974144
-0.018808834838435207
-0.663532708096918
0.5899510287072682
-0.6614685782796366
0.4406270615241874
-0.02336735749173524
0.8337987793887336
0.08427371070271028
0.28361892636473307
-0.8825358968385397
-0.9323524856706189
0.6933947663654447
0.8903762224017964
0.3364310867863056
0.5286776871440384
-0.1752155551688146
0.685089433650697
-0.537133215845109
0.4143391274069197
-0.9817170766186765
0.011465839386130217
-0.25359861462637623
0.235670471753606
0.3335094591066794
0.23303872216867583
-0.03359169275634977
-0.02429123199385752
-0.9867752860156822
0.10328712182251376
-0.9762980637442151
0.058835293683301204
-0.45051852560433603
0.9549586964650234
-0.9657148047951456
0.6263144418278197
0.34806590423842065
0.6123353978948578
0.8195467319975323
-0.7859671426110142
-0.8073722194971831
-0.702205028519499
-0.6161358860167736
0.05291197080043242
0.6304287814265652
-0.4653505266467284
-0.2062071550038571
-0.25389683307263566
-0.18794518025222806
0.13000436489593814
0.9804660632794546
-0.5482854947451556
0.368083250940771
0.6957342040630714
0.3074714391183062
0.7164383180423743
0.5191717003536895
-0.8129989891457812
-0.24147195552036815
0.10540287905939061
-0.8877701217420686
-0.9810996546917388
-0.6572328495579047
-0.00028321377441598017
-0.13218069605667537
0.5687526215802223
0.13171325590206995
0.7159206267273388
-0.8092763290585399
0.056318371283295976
-0.9148964847659098
-0.5771658882309056
0.7362337811632111
0.7751086140689871
-0.0489994247094534
-0.9068760585165134
-0.8513038801486978
0.8511696201618464
0.7986233017300173
0.12701972809596707
-0.9341964396930562
0.8575327225093186
-0.3710306135466981
0.9229383797520117
0.17407220816897673
0.5045089396937301
0.42542279989871945
-0.20340795920975596
-0.8461250171173083
-0.6750994985705883
-0.5190556113914264
0.669301120183504
-0.2216867852652824
0.7930515340054396
-0.3365403207563429
0.5112185290417846
-0.7200988115296054
0.9769559158282062
0.44832714018862974
0.0015857032754502676
0.9486466548719927
-0.8926071361052128
-0.12582349431300166
0.6773493152263499
-0.3188145070497881
0.5380113067308847
0.9097167938293316
-0.206593901382081
0.5471098322626449
-0.9407486821096698
-0.45334594274240536
0.9851717569015948
-0.018793087778413486
-0.2883776045883042
0.8822856899414508
-0.1363041075209106
0.35938971617631776
0.32134381502975096
-0.8286117647265285
0.23723178051977567
0.5961103476054932
0.4262170653567714
-0.8359239806537029
-0.6915580722689632
0.4233543095572334
0.2678017639261019
0.4793105779531892
-0.36664354263692767
-0.7868981645774777
-0.9896095552599398
-0.3834650897274039
-0.2801650053062068
-0.46046711352122704
-0.7349859910116012
-0.6252164329442456
-0.1023126459570971
0.10948000121773549
-0.183911649833725
-0.9474761919734056
-0.29217142530948226
-0.8138714790802517
0.19608759558854572
-0.3511393388551747
-0.22952416520803265
-0.416305297407358
-0.22440088124321256
-0.830600966142955
0.8022720897128661
0.8104151486267177
0.9563461280277745
0.143920861499079
-0.660834153215349
-0.23853595302251374
-0.7223198820811665
-0.39773746924986253
-0.01375211557843059
-0.8734656994460912
-0.13064746147451012
-0.15779532045495137
-0.03153737213214303
-0.8461572772096857
-0.49660052442219427
-0.5068198633059942
0.25006737553778935
0.18761279607815728
-0.6089035502394791
-0.786055264838196
-0.3906840084974861
0.8976469247891303
-0.3355655693767461
0.24038437574937865
0.6081529239147649
-0.3409165674414796
-0.330527552506086
0.6309509400060063
0.7190169342016703
0.9484507530092137
-0.7277510568434704
-0.3586696892498247
0.8945578440322324
-0.5982970225958566
-0.37163343760911727
0.9291492461895878
0.937450443493391
-0.41710369683989357
0.3899155353442201
-0.01798537421579538
0.1517585632499212
-0.5151514064388538
-0.24788939535170584
0.6329890308658261
-0.21412974052108025
-0.7722243527760038
0.12770101725757188
0.18445406850077095
0.09125817090164423
0.36342526626017535
0.10019831399494561
0.906009222972592
-0.07675555433370307
0.41673410251212695
-0.12309009138218285
-0.41733758402940935
0.3856705586486855
0.637931136008917
0.5913136719919088
-0.18171681951019703
-0.0013935694220794659
0.26667207930732717
-0.5159576646584023
0.3173259370646362
0.43047278259885235
0.5781535264401259
-0.8520697288354231
0.981401228873936
-0.041530600454747546
-0.19838980534125272
0.013225286059018071
0.8407843689565915
0.3834177317962153
0.08729040677495536
0.5814418340985184
-0.28094101396748017
0.7910030307217981
0.07381197204917567
0.27636073402168226
-0.8300361318980245
0.537908095840081
0.3152032891615313
-0.2899823611030208
0.2939996959668085
-0.9114066129443008
0.9672164119039655
0.3549437917283713
-0.20076450754983544
0.5053655554592116
0.9314335554276565
-0.13908891221963549
-0.9789044544308401
-0.4825232591926891
0.021352481050089356
0.03759553369869906
0.16103659104800827
0.15047079654085227
-0.1084428969901865
-0.21773166264499433
0.5446844649248641
0.17717991308029446
0.0009315632394690798
-0.31006522480096343
-0.9508746939484614
-0.7909012839878766
-0.16804914294857487
0.9234557313599407
-0.7678613240820507
0.881352316292386
-0.7166496463369034
-0.3762193122049171
-0.08933472954824584
-0.586265347583371
-0.03414800244122307
-0.04767493758167296
-0.12366812345394584
0.39352653104733215
-0.3621810515645991
-0.3994718336361194
0.6203718738373962
-0.7698294666024281
0.6983600160938195
0.2959398345554274
0.35427866578176803
-0.6712918142985935
0.9678009411765558
-0.5121741068960146
-0.6510935343517321
-0.6797285775692814
0.11969790497972621
0.9169252434678994
-0.5362889051771793
-0.18990512743949428
-0.6310964496972127
0.28095775332015616
-0.135731095141435
-0.9416154513152188
0.22821387474383958
-0.6053511284355073
0.1844063167207366
-0.2223284392885858
0.4094712319194689
-0.5884310412653562
0.5046509907209833
0.6174595772625215
-0.8748724970616713
-0.7964959025457152
0.7439586600197703
-0.6260803287358132
-0.34803017680236303
-0.08489915558762906
-0.47529320909527817
0.7252730949146147
0.05543003925556533
0.27821717133230117
0.193941658565987
0.2226168422780037
0.17400942913043593
-0.3041507251264912
0.6910356053391185
0.23472535867284994
0.6274765085218676
0.4119767218919601
-0.4051103306012962
0.22896903142583902
-0.8304960627539444
-0.7321044606985787
-0.7642766946766866
-0.3892399949290022
-0.633910963337033
0.38687308343289106
0.021649738974321764
-0.1635217875774828
-0.724265402930885
-0.23258007432462602
-0.6284926014144687
0.2710032841172705
0.3868658530587106
0.2905201901599008
0.9997991051261841
0.10982515166499485
-0.020715947615582264
-0.7194069298044059
-0.3708399706783114
-0.09799805850669774
-0.8927774747383264
-0.28192165565726235
-0.9808331208734375
-0.7269305706750082
0.6304318813077237
0.9276581788298797
0.010876039461340747
-0.010060304267192732
0.369393341119973
-0.16873912945177616
0.6797836042024454
-0.022600976120628724
-0.8346587484270662
-0.9382785887139904
0.5221132370908483
-0.41582018088258677
-0.45029416345293205
0.07521723640963884
-0.6635820451268526
-0.08535722545310187
0.4850365038595741
0.5318391098873814
0.09945236907610266
-0.7735780094159537
-0.7715866972820624
0.550226055727991
0.6465656159951332
-0.26627645578915815
0.6452218555925227
-0.9167789554595334
0.43796048226008666
0.0927065494439292
0.9795514557533664
-0.7951671222450034
0.6601414330850794
0.5026909894873444
-0.4045821297942127
0.9986253385578154
-0.10053531433917251
-0.3028460463553724
0.6334571702328771
-0.12186019323333408
0.9879153686372342
0.5512632997615472
-0.5261078892666375
0.6214054336788204
0.17584779395362116
-0.29873831777202065
0.421507918987599
0.26554126185427696
-0.6680367646194816
-0.7215300681464478
-0.5867606876264533
-0.586114558496468
-0.8812843327213178
-0.2983690420943381
-0.43782996241960404
0.07753709209527604
-0.35269276829063667
0.40810752351037705
-0.4213335130701128
-0.46531386744383973
0.7160336898925153
0.9709766045235884
0.3585986318466201
-0.8095496723713145
0.9255439899875839
0.5713820965825946
0.8375374236596507
0.9849724512893487
0.7340951808675569
-0.7462236627723795
0.7321575899823136
-0.5006455161237204
0.4227896976783381
0.6569636053972652
0.5229471749597139
0.352469107399892
-0.021082548168724458
0.15485105860832293
-0.46256569582502816
-0.17154982126992468
-0.0960165548992713
0.2672555267005954
0.760250162614647
-0.8138104319147652
0.031226944175398064
-0.4435486242964326
0.8726722281771504
-0.261857651849156
0.9005081577307652
-0.34542143967813943
-0.9950538297160305
0.5482705808753865
0.46544805307897397
0.46186387497410597
-0.0831014866405646
0.32828764166368507
-0.2835545413180256
-0.8733386278796507
0.06884892877512971
-0.5643401299695883
-0.1407137986295277
-0.5762970671845236
-0.4629263233711549
0.656687234097616
-0.3244896896584253
0.15586728052190302
0.13228422183428057
-0.029324191982989856
-0.3125207588947616
0.36510385218641184
-0.9031814776965541
-0.8008505161675883
0.5677795236811365
-0.08083647465286625
-0.7515256415392031
0.7153031998572277
-0.11742810224714684
-0.9986481369757916
0.9160635386079445
-0.5953635872052006
0.37718376382302066
-0.736173825231973
0.2999943986813054
-0.6820450741883612
0.8654511254518484
-0.45196108380943567
0.30917592883758815
-0.4992214429017823
-0.2563124647064685
0.8076005376713158
-0.6689498416813124
-0.20731686613553357
-0.3889815103115386
0.39888274304914706
-0.5317123170311611
0.3109704567670699
0.40739607952808843
-0.9978273926165526
-0.04638658347817182
-0.7346004159200268
-0.5476182770811879
0.3599654502431582
-0.9814261047830797
0.3911942145760974
0.6342180538265969
0.976309818928544
-0.15537213244988024
-0.7356496978148783
-0.8583433891989758
-0.2338601486484546
0.4615267635279421
-0.7951456591009867
-0.3732970451181876
0.7619779899605412
-0.7257414105129087
0.5469209673012483
0.506315601982136
-0.7337075376275757
0.98588031049277
-0.7142938663302123
0.06101655309336196
-0.9830505160939809
0.3000404263156138
-0.11980115844029626
0.4448640527286447
0.25616007668180507
-0.697251738311438
-0.17658021128064383
0.37313233975147986
0.7199250492042999
-0.826623933068023
-0.7990697750447224
0.5048912930959049
0.17914783552302627
-0.2319361813137586
0.9264974211065282
-0.3709926636356613
-0.7203396223815326
-0.44606468611030925
-0.8315025680040267
0.10679326356946017
0.20001573445170573
0.21518619783104653
0.5579393050265198
0.3809521500293076
0.695784208879918
0.31681074017028776
-0.3967013328456028
0.03549825559447495
0.019045132229425166
0.4956872819624991
-0.40891589751586666
-0.8908617379694941
0.7958251207139793
0.9093430226943056
-0.010224560113466286
-0.774512674792383
-0.0008349174546848914
0.18785953627544627
0.05657300187236847
0.9553938956866712
0.9737650656863779
0.8678488033484317
-0.7360342385345959
0.7216280078734949
0.13676077754592186
-0.2691750743038026
0.36588409800485233
0.5254518757911715
0.9089059678817728
0.5407340984492277
-0.9666211964582876
-0.8649348614544656
-0.47562944567586585
-0.9203462761256205
-0.8790622808235886
0.5785799979861828
0.01322120854985398
0.25714139212115206
0.002097931014150234
-0.1691360112491962
0.4036212772470327
-0.8351443761507082
0.07312963214003076
0.232094111333496
-0.44506452853087985
-0.38018622876671615
0.022609396590662856
-0.5936050120843444
0.6161201619413066
0.07278034577891668
-0.21853699406330063
0.26858849470651336
0.6690529383695054
0.3621113694184208
-0.86776983275757
0.39735176321098264
0.4599167548630829
0.6929362302815525
-0.8841881119537391
-0.8275744032170214
-0.1310328227879618
-0.09325631540571466
0.21766480885488715
-0.3814198722529476
0.48338701811510854
0.48131636046835635
-0.7611139861842251
0.41580121423619665
0.4029992224477321
-0.6723347381291849
0.9060324035093952
0.046010725456816504
0.5659742030874917
0.441531036186918
-0.6660740916152383
-0.7461387850377503
0.5622479598739751
-0.4624710271815087
0.772829519481312
0.5428605809792493
-0.941287497654393
0.6142156933147396
-0.4560388099572925
-0.8722560217537039
0.42464649640099084
0.15330334942836799
-0.8458599374272293
-0.08960444464114503
-0.27975220895649344
-0.0007799884772334842
0.13377225647689972
-0.26462444428637655
-0.48976783792184375
-0.7941901699562608
0.147824610384113
0.44555674665173295
-0.5431911536934979
0.017649769821293626
-0.9119241854743809
0.7258569898052225
-0.5108970992865931
-0.056470820844523706
-0.2340410512652018
-0.6998306635176998
0.862320154314371
0.7149703954959448
0.10572957699172902
0.8278953390422581
0.48133165621315377
-0.16126139127440298
-0.3563959710558775
-0.1674868029973693
0.4405758428563942
-0.45748408398036666
-0.8442258600661761
-0.25438366652427735
0.004081885119165518
0.8038820185165427
-0.6413112994553887
0.6086760389175134
0.96282772788299
0.9081588149208553
-0.8621471244545098
-0.06981164416622776
-0.43538625875819514
0.689693008522656
-0.3453981565477622
0.10618279064813518
-0.984061652885089
-0.5986576930940883
0.12761348164837383
-0.3921813854638341
0.2454350477842091
-0.07214661883900142
0.18338186996963235
-0.013278648290230288
0.5452265259010487
-0.609155152254353
0.8008865944528465
0.5209644406433931
-0.5097462512468343
-0.9872442344963919
-0.17992778086796024
-0.534004516280514
-0.30715260452118764
0.6791480137923478
0.7543972285031499
0.9019805242868866
-0.9970759189288445
0.3146077003519956
0.6980119755578436
0.454430078081945
-0.7921019612968807
0.05962897812002499
-0.5236648109582687
-0.0159422463002048
-0.8802098486936207
0.993918540215097
0.42330494940020547
-0.8139467232838236
0.8425488059442128
0.7945749438629184
0.03951843698407398
0.40169381939735915
-0.2550160518518385
0.9491095803365022
-0.830195164967021
-0.8088459893252289
-0.7329722994980861
0.639925783788432
-0.850339031340245
0.13564145657841653
-0.13003424313002943
0.9284365494654816
-0.526456530516207
-0.47801812215277995
-0.36998216918048343
0.6016336439989904
0.40145121264308425
0.4707057375647361
-0.3638845614677988
-0.4560882563350912
-0.8506251283950406
-0.5945747474415326
0.5598739649377258
0.16941607160825778
-0.6891788973561266
-0.6712500386004636
-0.06788977512667649
-0.18697489618157248
0.07184909818004726
0.9292694445004575
-0.5847275487792929
-0.38338456357499084
-0.4699841461705836
-0.7601728872892128
-0.6847692458689676
0.37210968590103044
0.6527733758792995
0.3937559664741528
-0.9193403837826732
0.6718495019759725
-0.3444126822304161
-0.8175741924173028
-0.5035624210774898
-0.2885144889914326
0.026919350757458993
0.35436675397814366
-0.4796664145575522
0.9813532408158143
-0.9378358132824809
-0.1912155471056507
-0.0955976611978746
0.4961568944174184
-0.5002947435568978
-0.07591350224752214
0.6077935068877003
-0.7204139214537553
-0.976086153661174
0.660744663789272
0.9651344749672432
-0.7385695249120441
0.6473468303767116
-0.25552051236800466
0.26059509720764895
0.28937003141700357
0.1646476028281263
-0.4823586953069483
0.6254941832272287
-0.9563996345227745
-0.8710559279061805
0.8049921638665629
-0.11313735232802236
-0.742416902005991
0.8101559407603058
0.6587123544348359
-0.3369002174954465
-0.9146073618191384
-0.0780101559961186
-0.6640215825418871
0.14776839961344557
0.6433708030645675
-0.21000262355616117
-0.941035413999417
0.36642583350336566
-0.6543855763384216
-0.5705677880599467
-0.6256977725776767
-0.4402908914385524
0.7668475977872522
-0.9307011125369882
0.23835309769179158
-0.5084304415095091
-0.4097896740005671
-0.17601558740766987
0.10137733040796104
-0.8780418621343145
-0.4404480251220573
-0.7255279657358704
-0.6010843866668267
0.76930503244993
0.05162811650555943
0.26150877764951086
0.604336165542255
0.5896924886037405
0.9788072315230678
0.5638315336908499
-0.28177578032486994
0.08903561206810329
-0.030641029118983365
0.825354033196734
0.004786511087483403
-0.22323745086139923
-0.6403682526042616
-0.3622448653412409
-0.5619596238538109
0.7915295632286274
0.5570765626569489
-0.882817539443763
0.9830626468611416
0.058864583930863246
0.5336843369005457
0.9992114936226921
0.9479597234670043
-0.7997313253900848
0.3137288427524685
-0.4669459978686339
0.6325703232174695
0.8345189651408811
-0.8881826882951005
0.9927840970129143
-0.5611768279121503
0.6930101809302662
0.5947813747588175
-0.29039073086968026
0.6784445046118186
0.6904418047325616
-0.6477992648400199
0.18503901836282544
0.6124204507187767
0.39525312719915995
0.8279600082570686
-0.9435868605456819
0.4011216067028365
0.8951174701400304
0.1272129735663874
0.12621778172803677
-0.6235326701894874
0.9760124208092862
0.7632527197955206
-0.015546552209189546
-0.38189385569756085
-0.019127159745041533
-0.8194852462981943
-0.5347532838335218
-0.5623821166168455
0.05289702829702181
-0.9986330072323384
0.835792371841293
-0.5970712332957178
-0.7390209087616348
0.43387526538163224
0.837561574614412
0.6885681728753015
-0.3528223773903256
-0.9561742075128554
0.17321835018241893
0.8344482949622372
0.5487329976397839
0.6929617751582693
0.7213389331831015
0.9211175005515158
-0.2528184398332536
0.8838464269360833
-0.20880887529229142
-0.7979356596386273
-0.39646969254906184
-0.7270966622850199
-0.6849922279663083
0.8973870640526469
0.5836850499997435
0.9213242007374765
0.29836053128962803
-0.6515946580889387
0.9374857926663354
0.387120796585086
0.8576904179708507
0.5739835851911537
-0.5535255720387151
0.17790031156620723
-0.6492967400195584
-0.38635354140408396
0.37699687919791436
-0.745303270552929
0.457661911871998
0.8975762084425754
0.8973963196998058
-0.2167971454447961
0.9885662610952612
0.9303678805751019
-0.9352345141458251
0.2047773349019424
0.8420764328361587
0.935063371231871
-0.5582094991259758
0.1311004922406409
0.8733755871085085
-0.7187132637028633
0.4906866562039649
-0.5240081497012061
0.9647593098807137
-0.6642251664968317
0.7706405067902746
-0.8225479748597473
0.4179316262904489
0.278205375809758
0.7733070304356435
-0.10674013180441233
-0.46957511887424763
-0.5009182737294424
-0.8644104398715324
-0.48668411691457036
-0.7839307975707415
-0.9974376850106201
-0.22812580409318017
0.4651689889975372
0.9382036502113704
0.7691039951744549
-0.013836013052304752
-0.24257485045148197
0.09204793535690858
-0.7971428807257568
-0.04102149920567899
0.7281014409371538
0.3019391262269546
0.3743208084342289
-0.6746869765030232
-0.8525812208772516
0.6915249680491207
-0.4101827737677397
-0.36256618408668495
0.9033242628682412
-0.8515991964666814
-0.6597895936976186
-0.24908423184000728
0.4639701705426338
0.09409251722446288
0.796248346239947
-0.8137906292386268
0.18806108810418976
0.22728945155778768
-0.03452642702304365
-0.93801359189565
0.8848845162039276
-0.6700056104761718
0.7795065408080872
-0.6857924453384319
-0.7974843780533287
-0.5888990465641257
-0.6200314848232291
0.3943934076147142
0.44407620915135126
0.45994801134057983
-0.4694704613000469
-0.43695385310946944
-0.5249034301055087
-0.9007291139229803
0.14353961571548313
0.6797090096913021
-0.6928201309665316
-0.2783421575454539
-0.144788085108573
-0.41090110206757036
0.3240404520197353
0.20043105602753752
-0.6006503984781073
-0.9485286145366285
-0.6583356166155538
-0.41637706790778495
-0.8361278105740153
0.6875381486938732
-0.38329319976454124
-0.20506530298375414
-0.021806375758685492
0.3220801094920098
-0.8177262448986415
0.08825205843936068
-0.6302375589159055
0.7709853854990778
-0.2611966701361099
-0.10844945841108378
-0.4734080666342315
-0.06988408769069898
-0.5475154394346662
-0.4628760134541008
-0.8767212606798014
0.5044702842305742
0.33493691826913685
-0.8285853763201658
-0.31241722690790663
0.08289801201204416
0.9414110743471515
0.17945288460720699
0.10720381231581766
0.681594332860501