4.179675326304434
-1.9339805509738195
4.032157176876558
5.310788562484362
-3.9636554914819104
-6.689500275813719
-7.689867407199829
0.6307047667605392
7.998525256147348
-2.4006345004770573
2.402305491998
4.4997287937743184
2.428074483902231
4.067731264952419
7.193787723455822
-4.8102290821994735
-7.6739197228746825
-5.561882467443354
-5.9804644020127
2.711341513918571
1.0235133108803058
-4.512567345495942
3.191439539938413
4.270369573699853
-5.315373706115164
1.715959902254907
3.966810431284573
-6.167474057937637
5.108818788977361
7.4355323685454024
-6.270420005478295
-7.589145192040544
-3.008684089684877
2.8375565896065407
7.330765411294335
-1.6535289357339629
3.4402352807914944
-6.784056354511041
3.0498306549276855
2.035878329616711
-6.3695791128643755
4.359694159219584
5.6046918254207405
1.606585837069506
-6.063118958922958
7.741509624234741
4.522165541776314
-2.4447397550648162
-1.1459517882440888
-2.070865980511101
0.09537263483324665
-2.540301202219469
5.593210031993237
5.1572946894409295
-6.311378069696023
7.372601075433257
2.1693616976231347
5.259316976039331
3.316938299297231
-1.0322056798771673
3.74072486421427
7.447579699809243
-3.6786816578015866
4.931187500908095
0.6107665031720924
-0.26403993786886204
-1.0308081119376915
3.6964194288819563
-3.7056713912123946
5.627410560309309
5.291696302249655
-6.61339363110921
6.106098944044351
-4.098184972944704
-0.5646645343482923
1.7653072676883301
-1.9361711339477754
-7.540800035678567
5.615245380999346
-5.090562285476931
-4.606082397124176
4.765317709249544
-2.5545785093714617
6.085119676131606
3.2189400053152255
-3.5797027879010415
-7.837582168981166
7.169001244432499
-6.63019260867166
3.5211946256671087
-0.1827544504194023
4.130634455719463
3.0497494311443685
2.3344463958552364
-0.1468586387426214
4.686925890117079
-6.511146391125253
-4.4544575924395176
3.0685944847232296
-3.1007035179185856
1.3048893653178748
-0.4278321798476039
0.4947508983322848
-1.191938996716564
3.934966987417754
-2.7073392448651177
3.245679074972303
-3.6653371683808587
-3.977541180784936
-6.069505843963107
-4.918651304775722
-6.087124139919155
0.5738234461399969
4.1950337517456475
-5.0376025209974085
-4.537845761942309
-0.25282260459666084
3.593360017488825
7.625712366128909
0.3941899057377256
-3.4720207476007197
-6.391582270547348
-4.894118750542825
-4.360269384279125
-5.128935301033547
-7.773626123902979
0.5461614282826126
-3.611018771467723
7.5887188976438065
0.8537434687777328
3.158678286563111
-5.979528112665458
5.895379156207104
-0.14594088761953827
5.963515759976554
1.185027514021316
-0.4896488811118367
-0.952499229823836
-5.050181273758692
-7.177972525062755
7.057017548289652
-0.3563330037489969
5.153850324790886
-1.5886809239689637
-6.814685275909763
2.071131311231973
-7.14225481131947
-5.612838648421517
1.0054335533530274
-3.138631810524357
7.902689963363523
-6.104775004616615
4.231095125219108
1.7010824198874044
4.651853277494711
-4.389005806959446
0.36116056208348546
-0.7917685617799322
-0.9164639356907465
5.762666653218881
7.840500167468766
-3.1139160908902337
1.9364371371543765
1.7540945959220853
3.84142888775272
7.161443205206048
-4.675393506823179
-4.623596875113712
2.566850195072586
-5.487086505905966
-5.218983226777048
-6.798962097581313
-7.957188438353828
-0.7919407261167617
1.5009791219130122
-3.3398513755035584
-4.296380247103587
3.3112932780645323
3.2478009294994745
-0.7354987774873081
2.998158721139884
6.782576711720779
4.605248426347702
2.00092811462755
2.578928685653885
6.938695335128212
-1.1977765423326137
0.7129980593692586
2.362155574439692
6.534583123401697
5.226098554400954
-6.857442610306974
-5.345235372468405
-3.0782109981722794
3.983323553113973
1.1073127891054781
-3.382230587106532
-6.010341469204668
3.0188478593934995
3.195738959611477
7.082819851904652
0.00755483388680922
-0.09927649047865117
-6.712930369611184
-7.362227453062191
-1.087541373427639
-2.8428546662672005
-3.9941135614079375
-6.538769813904237
7.390577635085387
5.375337822498901
1.2031857475188872
7.212580444901638
7.993158670039222
2.756505348851828
-3.6878235845271377
-7.356293229686141
4.100301286600914
-0.47198682797386304
2.424151830938982
6.65716460682828
-5.096173644429985
1.36527400444567
2.15655551126539
-0.13238716494378622
-6.540121499298765
-2.4326230992855926
-2.6670657013585277
2.722136152338967
5.723729510405642
-2.7231413827365536
3.09877878373492
-3.388515274216708
7.12309663301137
5.017056555807562
0.8015457435485267
-0.7227854623723289
-2.967725485277313
-2.827619419584085
7.522955628937234
-1.53319908798807
0.23354003726568173
7.809907436508066
2.5225661837300635
0.6814975097151201
-1.388038867210856
-4.998679337687566
-2.211530253573196
4.1030904648891795
2.0065398743201435
4.159848576976271
-4.743068186395618
0.7875142253653067
6.8427641735111635
-0.990142478841948
3.1720004659547563
-6.0571826661980825
7.57034905314711
1.741946673311439
-4.171240602757594
-5.465949379116282
0.8134241120427195
0.8360225448597287
-6.508652779495639
7.876114230323514
6.606878055746687
-0.6168336931394656
-6.120541614567079
5.31429078030242
-0.025991924684875656
3.4656532158686577
0.14195224111218785
-3.625201652587613
5.35558312922711
7.6839141216540074
-4.100305502797786
0.8202412300875146
-1.8626237880456014
6.74989039890499
0.13185426548630375
6.069220082343618
5.82443095085741
-3.5800415548473445
4.640098912049815
-1.3609212231784777
6.947974298920322
0.12380281295450324
5.128791570969254
-3.4745762674747738
-3.223106403651725
1.3910035586265774
7.98243733166942
-0.16575445350878404
-5.622473305875374
0.617289243261979
-2.4780169329118795
0.8306786731329758
0.6948810073387683
-0.7144861301359828
-2.8515623963354013
-4.981562020686313
3.1599748419291416
1.148762271758418
-4.26300086307371
4.408711601588141
-7.301643214443169
3.9152824250431344
3.283646096400041
4.98254244103803
-1.8227399601442826
2.6190212717525547
5.131960827352881
7.693090218556561
-0.07474160613722347
-7.407686218470781
0.03665840212745408
1.4428868689530727
5.915205013795447
5.987045984868933
-0.9551006436691658
0.4152173889209827
-0.6891508084121245
3.559101241130282
-1.4403420840581695
2.4765012228437406
-5.5302204996552184
-0.4881503842442889
7.507258089187475
-2.583020255177093
3.0832735773901128
2.3973864412683614
5.628244677611063
5.637461385054289
5.749474946692265
-1.919849639637519
-2.9334215370656054
3.499478803567728
4.150428949349818
5.958128278376581
-7.425614402597015
-6.905268045095177
2.0985762696742487
6.7348655804847475
7.958814767299446
3.9482618678068313
-1.056456449229989
-6.4249099778688326
2.1399652604926604
5.961267721713451
-0.9011431734127076
3.1040186046917526
6.454784992807776
-7.264144501164596
4.738295442595389
-3.306115584556659
-2.0025425635949627
-5.670883268809625
0.4986610903801605
1.054848990654989
4.680311582095252
-5.280261614910442
-6.736506389440086
5.933433578317677
1.9153658965986455
-4.146723330298991
6.605264256376877
-5.710116477943846
-0.6216013863200391
-3.9363625693833235
-3.9147726694535354
-7.849641096722063
4.874129231602341
6.419350777582128
2.8417741711852713
-5.472390046851409
-0.9323234623389691
-2.470950008910693
1.4011472820227429
2.2230192377601945
-1.2110569846256372
-3.99842840947678
5.524862802281579
-4.8125280142577225
-1.8449080165224725
-0.2686710230525424
-4.204708769158806
1.1507630776118223
1.1969908828583211
7.883072698030361
-3.2763079378676903
7.647111753229803
2.531677054858891
-3.6083139171483563
1.0548642712911835
2.9727918837441933
3.9147014586452027
-7.215291987584001
1.7025038892235926
-0.05236341561807478
6.466484654299606
-3.4208935766528885
4.7817619121215795
1.7130399706282553
-2.3628647066349355
2.18588604809427
1.934258610084866
2.844231337973751
3.5348540267313435
2.546904645068059
5.413393871400265
2.051969658990373
6.454459265167486
2.341449742248365
-3.057073856757823
-0.9468289573950148
1.273180885894444
3.7177562870278127
-6.557865988060497
-3.2782327739335155
3.9596938390139442
-5.189758872891094
-5.885443236051463
0.630524143750737
7.543833299381438
0.49363797924456065
6.615791591707151
5.287561913078358
-3.888478646987803
5.195037000678516
-0.29043472202014087
4.903815900700264
3.9449496114727207
-2.5805559391698196
-6.1572846808038495
7.4062926859020415
-5.747887759905877
7.464003351404033
5.762249550381149
3.587467393208291
7.679075884510455
7.4763159568005175
4.873402304328991
-2.147599209510938
4.6509114974229995
-7.777301518385581
0.5851569323049457
-0.7234235562580054
2.7652541099800576
2.7574527576162104
1.3529614664346568
5.158676819628388
7.044670268472867
-6.266462364812309
-4.258849564614669
-7.599605605656283
6.147757523437635
0.9825181159980616
6.644094539890551
-4.45812479881616
-6.988527341436873
5.181685622247162
6.550202214846273
-3.1649572075319963
-1.4672663072733965
-5.763567799884463
7.14018452611114
-3.1301666503039165
-0.11800609634870618
-6.4449280220508545
6.196148936456037
-5.829375220698616
-0.7416998897777187
2.7277795016027397
3.8902419443707448
7.1355853724709135
-1.2939719453644347
3.876304236245053
-5.52763356144264
-1.3618475610110892
-6.415653844631544
-0.1704473953661676
-1.4701458288367917
7.224344406096952
-7.4765394103192495
-2.0715206602490337
-0.9058706230287736
7.208882717622831
5.687203092895274
-6.410326006301915
2.9708842477005657
0.7114537837143189
7.645480471232748
-2.261218540602913
-1.6297657160900307
-4.963063005422727
-6.04544449460378
5.5685310154188965
-0.7245221028717257
2.604299808991648
2.267271475731482
1.5543353523127212
-7.65828072421807
4.588713447273868
-4.102897645375622
-5.985217835071314
1.0332476145274132
-6.902237554810306
4.242518014217351
-4.685482074453464
-4.544778369301204
5.915126828312715
-2.7430471450843132