2.23082876
-0.99949944
-0.972663462
-0.988069177
3.78353953
2.82719183
6.27487326
-0.998651803
-0.713280499
-0.999459624
-0.988910913
0.0856846124
-0.999487102
-0.991921902
2.39815092
0.719063699
-0.988586426
1.42825091
4.9508872
-0.999627769
4.89310789
3.17023039
-0.922384799
-0.995963275
7.31540918
-0.926794648
-0.998520494
-0.998423457
5.55990982
1.65961647
4.91405249
3.67570853
0.579649448
7.56985235
-0.85679096
0.832650125
5.27047443
1.89631605
5.7873106
1.2376343
3.27314949
-0.999301672
-0.98713994
-0.965603232
-0.998797476
-0.986092746
-0.998311579
-0.971344829
2.17095113
-0.884984136
-0.87470752
-0.990418196
-0.975967646
6.98647356
2.36856627
1.74609613
-0.994813919
3.66602874
-0.995417714
-0.854664862
7.83237362
2.23999619
0.911195874
2.9538281
5.48563051
4.41599846
-0.986901164
-0.999439359
-0.947804093
-0.975672483
-0.990189254
7.08655548
6.02188206
-0.948447466
2.48701859
-0.811732173
6.63276148
-0.482305706
-0.976760864
-0.982646465
0.981890142
-0.977542579
1.35337579
6.36516619
-0.800030828
-0.988789082
7.96060181
0.1524207
-0.998563349
-0.999287069
-0.998061061
2.03913665
4.67326975
-0.71218586
-0.999073029
-0.849545002
7.93794203
0.465829521
7.53725386
5.77247524
-0.999596894
3.53154922
2.9073658
0.591525316
-0.976026297
2.25538874
-0.998001099
-0.647870421
-0.523086786
7.26105499
6.01364708
-0.97730875
0.00937780924
-0.994151473
6.60204554
5.92829704
-0.960239589
2.22319198
1.74352336
-0.996130288
4.2001729
0.630064487
4.45802355
0.485658765
-0.999661446
-0.940005541
-0.999541879
6.8655777
6.05954981
5.30664825
-0.954030335
-0.999152482
6.0481534
7.15119123
-0.998679221
-0.200806856
-0.998984754
4.16963482
4.25335073
-0.997382998
-0.32664454
0.796857476
-0.97669518
5.95892859
-0.707646847
-0.990060389
0.62873745
3.67889714
-0.991617262
-0.950833321
7.92238951
2.39804888
-0.628571391
0.281213462
-0.997674763
-0.987781942
-0.925027311
1.41293955
-0.98667568
-0.988627076
-0.998955369
2.09764743
-0.986923397
6.48672009
5.7541666
-0.998957634
-0.984882832
2.70364451
-0.989664912
-0.997213602
6.96822786
1.13668954
-0.354198813
4.55391073
4.91995192
-0.992940903
-0.998418093
-0.668186128
-0.705578268
-0.409983814
3.66521358
2.7738328
7.74664354
-0.998379946
-0.789455771
-0.92355305
5.78676081
-0.982073903
-0.992963612
-0.560528874
-0.713464737
-0.971081614
-0.981741011
6.7722497
-0.597438753
5.78158569
0.805204988
-0.999246359
7.98851967
5.37644148
7.50394011
6.82187176
5.5791316
-0.995199442
-0.205261409
-0.989745557
-0.794714868
-0.999142766
-0.855782151
7.76494169
-0.976640463
4.54512978
-0.51318258
-0.708256483
7.31708241
7.92676306
0.892293155
3.49453235
-0.996007144
-0.961329341
7.49935007
1.26688468
0.675123215
3.96760893
-0.999162734
1.34684145
0.0456061251
5.64351845
-0.995835185
7.37246227
-0.998791337
-0.993440211
1.5205617
2.80340075
-0.985545337
-0.99771595
6.24459696
-0.982760549
1.51230645
1.91010416
-0.725389421
1.33875668
0.364523441
6.95530033
-0.991189897
3.45906878
-0.984717131
-0.811267853
2.74704361
-0.959239721
-0.947195828
4.02983189
-0.998929143
-0.486975491
7.97527122
7.93754339
-0.998916805
-0.989842355
-0.976641476
6.93214989
6.09382677
6.06832409
-0.876011491
-0.995814145
5.33991909
3.25663877
1.78684425
7.79572916
2.46362114
-0.999619782
5.0736661
-0.95964098
2.61421943
7.02288008
-0.997123957
-0.997873187
-0.998140454
0.851578236
-0.973811328
1.67727721
3.48179507
-0.991282701
2.14780736
-0.97709173
-0.16764009
6.48538399
5.53765965
-0.998531103
-0.705591679
-0.971931756
-0.999644935
4.33790779
2.19381404
-0.977823377
3.85969448
0.826886714
-0.685574889
-0.999608397
-0.998881876
6.12970209
6.46285725
0.729444623
5.35352039
1.32015312
-0.996413231
-0.997422338
-0.953479707
6.38370371
4.737957
5.77124119
6.38279438
-0.990330458
-0.981821656
-0.998262465
4.48185968
6.14615536
-0.776414573
1.93058419
-0.996022701
6.8780961
5.83369112
7.61929655
4.97234774
6.10265923
-0.999501228
3.78503156
-0.931781054
6.89305401
4.83576202
5.8250246
4.97198915
-0.976033747
4.59799194
-0.998108685
5.95466852
5.73749208
-0.988216579
5.06538582
-0.47014308
-0.955707788
4.72552776
-0.987202048
-0.999510109
-0.992626965
-0.935931921
5.82964706
7.47022581
-0.970812082
2.26370788
-0.799139738
7.69839478
0.57945174
7.02779436
-0.997876167
7.52640963
-0.994159341
7.40054893
-0.976541877
-0.998099327
-0.649003804
3.65672088
-0.949266195
1.69934165
0.182768956
-0.840685189
1.22540867
-0.980246782
3.34056449
-0.999655306
6.80920267
0.615231931
3.51087999
3.87120128
2.73005605
-0.886102498
-0.998972297
2.62780285
-0.933914065
-0.949072361
5.56824446
3.51606822
-0.959027052
-0.952709496
-0.769086838
-0.790198565
-0.961975217
-0.997428834
-0.719969988
7.04581881
2.83708715
6.44488859
1.84823871
-0.958613575
0.76699543
-0.99966234
-0.966938317
-0.674303532
1.27975655
2.47529006
-0.428898871
-0.603644311
-0.989753067
-0.348853767
6.41889334
4.73639631
-0.994932652
-0.998697221
0.247232154
2.12705374
-0.928423464
5.0947752
4.01821041
2.76473069
-0.987793028
-0.991884053
-0.999504149
-0.983135104
-0.328216016
5.59580326
-0.998924255
-0.745624542
2.07624602
-0.992471337
3.14166808
-0.0860370994
-0.983365059
2.49692822
-0.999633431
4.0154314
4.32073879
-0.998153746
-0.698100448
-0.994404614
7.32745647
0.287324011
-0.999250829
-0.981917799
5.57338142
-0.501728833
4.82266569
2.68124366
7.80627918
1.52723706
7.20063353
6.262815
1.80243719
3.50838327
0.0764506385
5.28910685
0.765951216
6.35532951
3.89848709
-0.333162606
-0.978782654
-0.982475638
2.20258307
4.25301886
0.340797007
2.02797508
-0.972851694
-0.998841107
-0.967559576
-0.974075258
-0.944125473
0.642435551
-0.996929824
-0.986428976
3.1031971
3.30270624
-0.999062538
-0.772000134
0.681778252
-0.740140021
-0.990819275
-0.72132349
6.47741556
1.34527063
3.1283679
5.70771265
4.24951315
-0.852496505
-0.999631345
-0.906692922
4.05560207
5.6551671
7.2548852
-0.726282716
3.96025062
0.73811698
1.65204144
-0.988568485
-0.988770962
-0.64178592
-0.99946624
-0.927337289
2.86627007
-0.783666313
-0.995295703
-0.406523466
-0.997414827
1.95611143
-0.999483526
-0.816524804
1.03027177
-0.999482453
2.28399444
-0.997058392
-0.458181858
-0.999249995
-0.855480134
-0.990082324
-0.93736726