-4.34070683
3.11608267
5.12865591
-2.72478795
-1.89501977
3.12152338
-8.39634418
6.8390379
-7.83211756
3.60137558
-3.8837173
2.9635005
-0.896075845
3.70081663
-6.24194622
6.02739668
-7.93584061
-0.197135121
3.63985991
-4.22810793
-9.10671234
1.17209136
1.12847912
-3.52031136
5.79660034
-5.44635582
-0.462641209
-6.39539862
4.42477417
-2.56478143
-0.93205446
-5.18999815
2.09463859
0.71135366
-0.980488241
6.90503931
8.15148067
11.4911203
0.410632551
-13.1816692
3.79900289
-6.05564022
-0.478959531
-5.60881853
-10.2565851
-2.91683173
-1.78932142
-2.33967233
-3.80332184
0.00342281535
-7.49260759
-1.23865092
-0.768238127
-5.25452423
-6.3931489
1.47914541
7.56121922
-6.75112104
-4.15616322
-3.81447244
0.487801045
-3.01533771
2.19104028
10.726162
-0.653230906
-3.52281952
-6.00766945
-3.07569146
-4.13600254
3.75983047
3.73241568
-8.93378925
-3.90271044
-6.69900465
7.99761868
7.50865459
2.28105545
5.23183918
5.2997694
1.00066066
1.83391464
2.14637613
3.56245542
-0.995731592
-8.46348572
-1.3909663
3.18528223
-2.40522695
-3.02385139
0.220439374
3.24146271
2.98012447
-7.11954069
5.84636736
-9.16868114
-0.319525003
-2.43783092
1.74469209
4.70144033
-6.68909836
5.57218218
-0.543589354
-10.7983456
-6.96534348
-5.77319813
8.41304588
-0.806841612
7.85360098
-11.0453978
0.526157975
6.74676991
-4.40377474
-0.168693051
1.979442
-4.95988989
5.40505075
2.61666846
0.221340716
4.14525843
2.31778145
-2.90850544
0.0891732872
-4.5877099
-4.1406765
8.98981667
-5.62384987
-5.66546059
3.5395422
-7.48406029
0.277465284
-1.35777199
-0.618717432
8.37065887
1.66819966
3.52600455
13.5790491
-5.02092505
8.00095654
-3.93617439
2.69275403
1.84144175
-4.77012396
3.59744334
0.938335538
14.6539803
-0.775542557
-0.352932543
8.71622658
-2.13484454
9.78735542
1.7574482
-0.00243371585
1.77841604
2.30189729
1.541875
6.93690157
-3.78180599
-5.23627567
4.54487753
0.904847264
5.18306494
5.22761822
8.1514082
-1.1549288
0.542017758
6.03659821
0.518032908
5.94056988
-4.08248186
-0.829247296
-1.52237594
10.7369194
-1.65449929
3.1572361
-2.07738566
0.837577045
-7.86746311
2.01683283
-3.27931738
-4.83220243
6.72710037
1.84516013
-12.0151176
-3.76772738
-4.42464018
-4.50314045
-7.37956381
-6.50102234
3.58725381
8.78143215
2.17021203
0.0863037482
1.84406579
-4.93051052
-3.54279494
-0.505217373
4.03169727
-5.76304913
0.982489824
-6.07211781
-7.35498476
9.21286488
-3.80060363
0.560517907
-4.7601943
-3.30550218
-0.983617187
3.59090638
3.95783496
4.76204348
-8.54885483
5.14829397
9.5520649
-5.07515669
5.92011023
-4.20659161
11.2864761
-0.250421762
3.13046193
-0.459467769
-7.03428078
1.55175424
-6.84576416
-1.58738506
-3.9777813
-3.06654692
-0.405432791
0.152061716
4.63409281
-3.63508153
0.616575599
1.6943531
-5.80655241
-1.56123543
2.94141936
0.3227458
3.2473681
3.15539598
5.85710192
4.05203199
-3.18008137
12.9992323
-0.484493405
-12.5243301
1.22695291
6.93239498
7.8374877
1.35911763
7.09842873
-1.02591193
2.75877142
10.2607279
10.344595
-3.07597756
-0.536056697
-1.72094512
2.5347147
-1.51691175
-0.599132776
-4.24596834
2.13954282
-0.269535094
4.58346796
-1.25696266
-4.89364243
-5.56867075
-2.23806906
-0.576945305
4.46253252
-3.44510007
-9.16269684
1.45859098
-5.96669054
-8.29286194
-1.81383371
-0.251170248
0.440172672
-6.98041677
11.2776499
-2.55007768
7.17022228
1.14356804
-1.54436362
-2.17934036
0.251296639
-0.349794
0.19507283
-0.867449403
2.37538671
-1.61333764
1.37724161
-2.12972331
6.9753747
-6.65381336
10.3777475
6.17566109
2.34399009
-2.35425615
2.48609567
-3.40232539
3.75673652
5.72815132
-5.18220377
5.47783422
8.9533844
1.10899055
-0.0175468978
-0.566320658
3.47290421
4.41577291
3.12413692
-0.402324945
-1.35502028
7.70181036
8.22675037
4.7220521
-2.27738404
1.66668999
14.1491232
3.32583976
8.65047646
-2.7805748
-6.96809721
0.373712182
1.45755219
0.822368145
3.28374219
1.50073254
0.289748877
4.50415516
1.53219295
0.959217191
0.548751354
-2.63141537
-0.381370068
1.70159864
0.962459922
-1.77890944
5.79645443
-0.580822945
-1.89472234
-4.125844
-2.41832447
-2.19909048
-0.438527286
-4.38659668
10.2112865
-10.7417202
7.23475075
-4.76897907
2.78319526
7.5452776
6.29023981
5.29730988
-13.8841057
-7.92470026
-6.61963272
3.06577897
1.47453272
-5.12699556
13.4116659
-2.53307009
-1.11269689
3.58354998
-6.18618059
-6.25384903
11.72616
-4.93027306
0.0933834314
-2.9139657
-2.96761131
-1.66270828
3.50732183
9.79773617
10.708065
5.56887341
-0.554439247
0.0547313429
1.28127933
-2.15729952
8.77020073
-0.801594019
0.0439767987
-1.05044925
-11.5416079
-3.90149188
1.01070821
2.87584901
-0.5755319
2.40773034
0.426204234
-0.586936057
-4.98448896
-7.96682835
-1.32127917
-4.7745595
2.5195787
-2.66756058
4.90049219
-1.83410013
-3.4548614
9.25030041
-10.6720295
-1.69946992
5.63212681
-3.61377597
0.913777947
-2.97260094
0.542367876
4.37858915
-8.04745197
-2.31078386
-4.42574167
-3.843364
-3.19361043
2.54204869
-1.89221513
2.60430932
-3.51004505
4.09221172
9.15719986
-2.50585675
-5.5439539
7.66066647
-5.29743767
-7.56957054
-0.288257658
6.32657576
7.95312262
-0.984701991
8.39374638
-7.35130835
4.08660364
-1.49987972
-0.229221925
-0.758438468
12.7996969
-3.1480999
-6.80144215
-8.43831921
0.196848661
-3.8245945
4.23386574
3.42944431
4.25542736
-4.81038427
-0.223658636
-7.33169842
1.83577168
-4.92763615
-3.54434037
-0.500629008
4.02807093
-5.76359987
0.96243304
-6.0706234
-7.34276056
9.20014095
-3.79653573
0.558730662
-4.75262642
-3.30357862
-0.973243892
3.59043431
3.31020808
7.17596769
0.43125394
0.0091488976
2.30378056
4.98803806
-0.777724743
-1.89694369
-0.524769723
0.551387429
0.973246217
7.30025816
-1.45874512
1.03823745
-6.46428251
-1.0974443
-0.629539609
0.565770507
-4.44611931
5.76763773
-0.210955992
0.334668517
4.0569067
-2.49054408
0.780129611
8.56321526
6.79394913
5.66947079
-4.10087585
3.47125053
3.68753648
-6.85314512
1.01433277
-4.51555252
1.69409561
2.1894083
-2.84618306
-1.7606827
3.23007631
4.92648983
-4.38385439
4.81935787
3.72859645
-5.53969431
2.5249989
-1.2076143
1.25186038
-6.74276304
15.4057283
-6.35717583
1.04283786
0.518982232
-0.276356906
8.83848
-2.82796025
12.9028721
-8.12650013
-4.18333817
-2.277215
1.19167733
-11.6929512
-1.45423615
1.34902143
-2.91217828
-9.44878483
-0.20818758
4.1094265
-4.48023891
1.50650859
3.15055633
6.42474604
-0.806147099
3.88571382
-1.10879147
3.05473423
-2.94934154
4.10966349
-0.552043676
-4.65891504
2.96972752
-2.90138769
3.14376664
-3.84223604
2.16069436
-2.79527116
-3.37499642
-1.66613424
-3.93039656
-3.34487295
-2.60297084
6.0835948
-3.97580314
-4.25514603
3.66496301
-6.1004858
8.56805706
8.95408344
1.10882223
-0.0170778409
-0.566263676
3.47340345
4.41617632
3.1244278
-0.402430266
-1.35553503
7.70245266
8.22716618
4.72228765
-2.27745771
1.66685688
14.1498995
3.32588506
8.65047646
-2.7805748
-6.96809721
0.373712182
1.45755219
0.822368145
3.28374219
1.50073254
0.289748877
4.50415516
1.53219295
0.959217191
0.548751354
-2.63141537
-0.381370068
1.70159864
3.82892323
-4.99640751
3.76423573
6.17033195
3.18561745
7.64537096
7.8085022
-2.94565201
6.11248064
1.76171958
-4.0465889
5.64875221
8.93474674
12.2584963
1.2146641
2.54771686
-0.480398685
-7.28287029
-7.06984425
1.93460155
2.50901008
-0.341444433
0.164661348
3.86141396
2.43302774
0.228429765
-4.20376873
-1.59474862
-2.61162138
-1.48467422
-2.09756374
1.24936104
3.8410058
1.40182376
-3.91803765
-0.143802762
4.57534647
-4.39377069
2.44496512
7.11633778
-0.587458968
8.11997604
-1.06124878
-1.11758041
-2.49726605
-5.67525005
5.27671766
-0.366443127
0.374090105
-0.294689655
6.31663704
-3.80043793
-1.59823942
-7.74826956
-4.35582685
4.55314541
7.36980724
10.4403086
4.2593956
5.71451235
8.02802277
9.05888844
7.00352573
-0.451099008
14.6539984
-0.775545716
-0.352934241
8.71623516
-2.1348443
9.78736973
1.75744438
-0.00243991287
1.77842557
2.30189967
1.54188061
6.93690634
-3.78180623
-5.23627758
4.54487848
0.904843807
5.74778366
5.25150013
8.32669735
-1.38159859
0.419652671
6.12224531
0.386002541
6.10362482
-4.20825338
-0.809918702
-1.51364005
11.0910759
-1.82662892
3.46594095
-2.31419158
1.03672695
-0.904438198
-1.45257092
-3.0174067
-2.55655289
-6.60711861
6.75596714
11.2612467
1.36036193
-1.66742814
-4.06643915
0.845980048
-2.60988188
1.09542263
-0.16324909
9.59529018
-13.6253357
8.13617706
5.75286436
0.307816356
0.188375935
-5.74766922
-5.15679932
8.6730299
4.58080053
-2.94142246
5.01983023
-1.12727547
10.2629766
2.71483994
0.855491877
-4.73006248
-2.86473393
3.31040573
7.17861462
0.432555914
0.00965350959
2.30457425
4.99221659
-0.778789401
-1.90008795
-0.526755154
0.551644862
0.972351909
7.30450487
-1.45834994
1.0376476
-6.46872473
-1.09867537
-4.49055624
-3.448632
-0.764712274
0.308030963
5.05788898
-3.73279405
0.747184157
2.2805531
-6.12037325
-1.47242308
3.20111394
0.395312846
3.4789784
3.7127502
6.27740335
4.44248438
-0.762268066
-2.25314403
7.95013952
2.24924493
-6.77632761
-0.327574432
-0.353510052
4.65455294
-4.49776554
8.91991234
1.86604822
2.60527635
-1.40946519
-5.41090631
1.2567246
-3.75539708
15.2765951
-6.34893417
1.00090027
0.546747565
-0.268739074
8.751894
-2.80326843
12.7740345
-8.00095844
-4.18129826
-2.25383329
1.10465848
-11.5774469
-1.4525131
1.32935905
-2.86502266
1.92892623
4.98586893
0.452540517
-2.77461576
-6.4654274
-1.40665662
4.03425074
3.53368783
-1.04699922
5.14327621
-8.75454044
-3.66469669
-1.48620236
4.62866735
8.09192753
-5.43093014
2.3796699
-1.61425734
1.37519395
-2.13249755
6.9787674
-6.66486835
10.3858185
6.17694378
2.33796334
-2.35468364
2.4909935
-3.40688729
3.76081228
5.73120117
-5.18476391
5.47563505
0.421199083
13.1609859
-4.17001581
-3.47085333
-0.0947393253
2.56446815
8.52493668
1.62244713
6.07712364
5.16897249
5.33547211
-1.19474244
-1.2051127
6.31625795
4.79798746
-4.97497082
3.25677347
-1.62695014
1.62334859
1.46768165
-13.5425959
2.30853844
-2.23733521
-6.81495857
-7.86231565
-5.32536602
3.61015296
-4.94818258
6.49829674
2.44101977
-6.33134222
-0.0105670914
-1.79556203
-7.01607943
1.24680889
-1.57845819
1.90323448
1.30601871
6.55243254
7.26833296
3.28691459
-0.873219848
4.1403842
12.0674458
0.503259659
-3.88968468
-1.63112831
7.47341967
2.65210676
-2.78158975
-1.24394393
-4.18601751
-1.61251569
-2.42305779
4.30327225
2.27735162
-7.02761173
7.24640703
-0.865482152
-14.6451588
-2.73539686
-5.78938675
-4.37478209
0.0680086613
9.01164436
1.36220133
-9.15437794
2.57227397
-6.57188797
6.54658651
-4.62844133
6.15163851
7.31413794
8.10812187
5.47994947
-8.58404541
1.63943875
-0.747627139
-6.40776587
-7.13627243
-3.45265627
-2.04205155
-5.25317001
-2.6572051
1.71457183
5.00434017
-2.90026712
6.98080111
1.448645
0.0118213706
-3.52406788
-2.93071294
0.845534325
7.23093033
8.76834965
3.51610208
-2.42657971
-8.05651093
1.11933744
-5.79909372
3.04461908
-8.26835537
2.86457372
2.9411912
-6.60293245
-8.56481647
4.44529343
-4.61132288
1.08615804
-2.13230991
3.30595922
1.37025416
5.63304043
5.21197224
8.14916134
-1.29934049
0.550799429
5.9928441
0.297164649
6.1270504
-4.22454023
-0.91147095
-1.49537921
11.0199556
-1.67958581
3.39909911
-2.1533494
0.910770059
-0.887574196
-1.44051075
-2.9941752
-2.54974604
-6.3929553
6.65462828
11.0225878
1.25864768
-1.66169631
-4.06612444
0.844601929
-2.57243657
1.13202989
-0.169379413
9.48564053
-13.5216379
2.7192955
-8.29256725
4.5235095
0.783343792
3.56877828
4.8540864
1.75205636
2.25146866
-3.09375834
-2.39216733
-0.323600143
0.765876293
-7.03717756
-0.0751561373
-4.25659609
3.57673836
1.50794613
1.11498964
-6.48714113
-0.723953545
-4.14489746
-1.6234591
3.43355417
-0.816686451
8.39568329
5.85870504
-5.92527056
-4.50168467
-9.1197691
6.80213785
-0.908402681
-4.2108531
-0.629539669
0.565769553
-4.44611979
5.76763678
-0.210955918
0.334667712
4.05690527
-2.49054408
0.780130327
8.56321526
6.79395008
5.66946983
-4.10087395
3.47125101
3.68753457
-6.85314322
0.0830641016
-8.45031834
-0.0343617089
1.47737825
-0.41513443
-3.36919451
5.17809296
6.85378599
-5.1981082
2.34394217
4.46609831
-9.54623032
4.40761042
2.41587257
0.219742671
-8.23890305
-1.5533762
-0.787359834
2.99919128
1.80624831
6.87357903
-0.371210963
-1.03064406
3.30790424
-9.02304935
-11.3407497
2.90039921
-0.673886418
0.472123474
5.19765377
-4.3106389
-0.758000016
-7.78310537
-0.217159986
3.57983494
-4.1931448
-10.1172991
0.957817733
0.638205469
-3.7825911
5.98661804
-5.85237598
-0.808625042
-6.72062254
4.4446435
-2.75538301
-0.565514624
-5.97482681
2.75571704
-2.49417138
7.6025691
5.99196482
3.35169554
5.49212503
-2.20338464
-5.96260118
-3.98304296
-1.54535961
6.21838236
7.3596468
4.80306721
2.55788541
-1.05312288
1.41007507
8.95408344
1.10882223
-0.017077839
-0.566263676
3.47340345
4.41617632
3.1244278
-0.402430266
-1.35553503
7.70245266
8.22716618
4.72228765
-2.27745771
1.66685688
14.1498995
3.32588506
-5.17483616
-1.28374279
4.01663494
-2.6636138
2.78075409
0.729773223
1.20242929
11.2047577
-1.97816026
3.63434052
3.05799389
10.3462038
1.62761807
-1.22100139
6.0445509
-0.483651519
3.82891631
-4.99637413
3.76423025
6.17031908
3.18559408
7.6453433
7.80848742
-2.94566441
6.1124649
1.76172495
-4.04652691
5.64872789
8.93469143
12.2584372
1.2146225
2.54774094
2.65210676
-2.78158975
-1.24394405
-4.18601751
-1.61251569
-2.42305779
4.30327225
2.27735162
-7.02761173
7.24640703
-0.865482152
-14.6451588
-2.73539686
-5.78938675
-4.37478209
0.0680086389
0.73187238
3.95926046
-3.61176896
8.13150215
4.10279846
1.0612061
6.03738689
2.91913509
-4.25677204
-2.85514116
-4.49229765
-6.75101328
11.9742708
-6.42193222
-8.25257778
2.84487319
0.374015898
-0.294684261
6.31656456
-3.80040812
-1.59814525
-7.74818087
-4.35575247
4.55323076
7.36968994
10.4402857
4.25931835
5.71448374
8.02796459
9.05875874
7.00349379
-0.451085865
6.03598547
1.69544268
-4.13216972
5.17524147
-0.241676897
-3.77073336
1.80948079
-0.332521588
5.27511311
5.56163263
-0.306243509
1.9774394
4.68855143
-1.09108531
-4.52623701
7.70662355
-2.29628539
14.8241282
9.85663414
2.81952834
7.7111702
-5.65632391
4.29912376
0.135205239
6.15104437
5.60413265
-8.42165279
2.17184067
-7.72334862
9.64598274
-2.29386735
1.52800572
-7.86744404
2.01683283
-3.27932024
-4.83217049
6.7270565
1.84511304
-12.0150747
-3.76772475
-4.42463017
-4.5031147
-7.37953329
-6.50099421
3.58722425
8.78137779
2.17017317
0.0862805694
-2.83458352
-4.09637547
-2.37869644
2.53930306
1.76817858
-3.35306263
-10.6767454
-3.04345727
0.970554411
-1.29992318
-0.499253154
-0.443354309
-0.873746872
-1.33594382
4.30573654
3.30785179
-7.74335337
-3.2403605
-2.82212377
-4.0651412
6.04437685
0.745998204
-4.56031752
-5.36415863
-0.647381425
-10.6469746
-0.249207929
3.18259239
-3.56018233
2.95106173
-1.00698841
2.88791251
3.68467522
2.74811697
3.69704723
0.997273386
-1.70404756
-1.81532764
1.41165483
-8.69049263
-1.52956212
7.74594069
5.86402702
1.70848119
7.14400005
3.80878234
5.79120827
7.04872465
0.083981134
-8.45248413
-0.0352407806
1.47734606
-0.414355338
-3.36969995
5.18024683
6.85724401
-5.20056295
2.34293318
4.46736574
-9.54960155
4.40880728
2.41411138
0.219152287
-8.24234104
-4.34080791
3.11622405
5.12873316
-2.72495246
-1.89533758
3.12164998
-8.39661121
6.83916521
-7.83207417
3.60191703
-3.88396311
2.96363235
-0.896125138
3.70076203
-6.24201679
6.02764273
-5.96668863
-8.29286003
-1.81383526
-0.251167864
0.440171242
-6.98041296
11.2776442
-2.55007577
7.17022276
1.14357042
-1.54436433
-2.17934394
0.251299709
-0.349793345
0.195076317
-0.867447615
3.46929979
-3.21039486
9.04910088
6.47523594
4.13163328
6.60822773
-2.26973391
-6.21367741
-4.05827665
-1.40296769
6.23771334
8.79327774
5.95089912
2.41628027
-0.4092004
0.500282228
4.33967876
2.94701576
4.34797049
-2.3189497
1.42005432
-5.01557684
0.907006025
-2.1288681
7.02171659
3.32240391
-0.924467385
8.35344315
-9.26684952
2.24895
-0.951246679
-1.67831993
-0.555906892
-3.23716426
-6.09901428
-3.18173361
-4.38418865
3.82819223
3.75585508
-9.07455349
-3.91817021
-6.63521147
8.30895996
7.74021292
2.13078332
5.42499638
5.61413622
1.03548956
3.82892299
-4.99640656
3.76423573
6.17033148
3.18561673
7.64537001
7.80850172
-2.94565272
6.11248016
1.76171982
-4.04658699
5.64875174
8.93474483
12.2584944
1.21466267
2.54771781
6.29174948
5.30066252
-13.8893509
-7.92625141
-6.6217103
3.06805682
1.47335887
-5.1300683
13.4201479
-2.53712845
-1.11279941
3.59111476
-6.18761206
-6.25404167
11.7328415
-4.9323473
4.36153603
8.1033411
0.338472188
0.585510194
5.71412325
-8.21240044
-2.3829143
-3.48767877
-1.20232046
-1.6095556
0.469402134
-9.44160557
-0.448208869
-7.68009472
0.965514839
-2.43359756
-11.536622
-3.89752388
1.00962687
2.87544894
-0.573690653
2.4097898
0.423843205
-0.587062836
-4.98593426
-7.96119404
-1.32034981
-4.77151585
2.51342177
-2.66568732
4.8977313
-1.8339864
-7.37622786
2.96983361
1.83305538
-1.94912446
-2.57571745
-7.45060825
6.4018836
7.55174351
-9.87171078
-0.669481456
-5.27362108
1.24016559
-3.53167105
-3.0474112
3.33426166
5.1034379
2.55381036
-4.52274656
-5.22654772
-0.965719402
6.65444517
-4.28001547
-9.81791401
5.11005783
-7.07718182
-2.34069347
4.12858343
-7.18222761
-4.16702175
1.71038795
0.810258865
-3.11995339
1.78528106
2.49570966
-9.9140501
0.00511942478
-1.21933579
-11.8274908
-2.5606873
-9.67246056
-1.10818732
-1.88528728
2.16136026
-5.8597312
-6.64445972
-10.5203495
-12.0441456
-8.897089
-6.16598511
3.18127298
-4.62292004
0.294852644
0.654978693
-5.81750154
-3.84591126
-0.219953299
3.02474332
4.4921174
-0.274280816
-0.907403469
-9.98937321
-1.46121454
-2.72673702
1.73785722
-3.73360777
1.30899286
4.37635326
-0.751137912
-4.40562296
3.45811343
5.83895493
-4.91848373
2.98942304
5.9935565
-9.70423317
0.106342472
-5.88429832
-5.42915201
-9.44298458
5.95547867
5.40148354
-0.339173853
4.40453672
0.775723636
7.06038857
11.7879486
3.9121182
-5.65742445
-3.41863227
-2.3678875
-6.96417189
2.09742332
-1.51465917
-6.24747086
6.16126919
0.402902901
-2.10378695
-3.68233824
2.48764729
1.66906512
-2.21937847
-3.27147889
1.12153888
-2.42818379
1.75255954
6.66313648
0.770428419
0.597414792
1.78649724
9.72088909
0.322994292
1.32531881
-1.35627031
-5.45109034
-4.57896757
4.56295538
0.424353719
-2.15395284
-0.336979628
-3.86545539
9.3430748
-3.6880517
1.00175881
-10.4373655
2.84841633
-1.19544852
-0.403511167
3.24264455
-9.44878578
-0.208187684
4.1094265
-4.48023891
1.50651419
3.15055728
6.42474842
-0.806145668
3.8857131
-1.10878909
3.05473614
-2.94933987
4.10966301
-0.552042663
-4.65891695
2.96973181
3.46929932
-3.21039391
9.04909611
6.47523069
4.13163519
6.60821962
-2.26972604
-6.21366978
-4.05827284
-1.40296829
6.23771095
8.79327011
5.95089817
2.41628242
-0.40920341
0.500285387
8.95402718
1.10866868
-0.0175103042
-0.566592455
3.47279668
4.41578579
3.12424898
-0.402482003
-1.35552156
7.70166731
8.2265873
4.7218256
-2.27708626
1.66633117
14.1490278
3.32538772
3.26352715
-1.62839687
1.61257923
1.46630836
-13.5237942
2.30667496
-2.23041368
-6.80453682
-7.8520937
-5.31304646
3.60754991
-4.94078112
6.49083424
2.43466043
-6.32388592
-0.00842062384
1.83391464
2.14637613
3.56245542
-0.995731592
-8.46348572
-1.3909663
3.18528223
-2.40522695
-3.02385139
0.220439374
3.24146271
2.98012447
-7.11954069
5.84636736
-9.16868114
-0.319525003
8.26614952
1.3352263
-3.68976736
-6.39156675
5.34435368
-4.17207146
6.91427279
-1.76562357
12.8774652
4.96544075
-4.56735802
0.143232733
12.4258337
-2.43419695
2.68309021
4.73580503
0.567546844
0.793548226
-5.15443325
-1.0080632
1.74180079
-4.27943754
-0.843778074
0.568472326
-0.0404340774
5.21933317
-2.66616559
-1.44820058
-0.103275299
-5.11964703
1.86758673
2.10689449
-9.58975315
1.21899068
-6.41643
-3.66583824
0.21872133
1.007936
-0.555512846
1.76126921
-1.23176885
2.42551255
5.79321671
-0.177887022
-4.53647709
4.92352486
2.42779255
-2.59326243
-7.37289524
2.96742678
1.82913435
-1.95257747
-2.57231164
-7.44361019
6.39719152
7.55023813
-9.86688137
-0.66932708
-5.27056217
1.241436
-3.52831602
-3.05140901
3.33411336
5.09929371
5.74777031
5.25180864
8.32687569
-1.38154328
0.419675976
6.12248945
0.386249781
6.10344076
-4.20803404
-0.80996269
-1.51370478
11.0913935
-1.82650471
3.46594548
-2.31407976
1.03680062
4.06915903
-1.46369505
-0.327286541
-0.751427293
12.6641731
-3.23586416
-6.76004839
-8.45240021
0.183498263
-3.80562139
4.21666384
3.34138441
4.14943409
-4.86801672
-0.342039675
-7.35129786
2.62718129
-8.00850868
3.89610934
0.68423444
3.59245348
4.04425859
1.68036675
1.63327551
-3.391819
-1.51170897
-0.57113117
0.744660437
-6.89158821
-0.320339739
-4.0012145
3.57110882
3.31033397
7.17849922
0.432324469
0.00965068396
2.30439544
4.99194431
-0.778617203
-1.90001082
-0.526409626
0.551870584
0.972135603
7.30409145
-1.45861888
1.03782141
-6.46853685
-1.09871519
-0.435170144
1.46413445
0.180235341
-1.72998536
-3.2373867
0.617705643
-1.04089737
-3.35862374
4.30941772
1.40043986
4.33846951
2.75673676
1.77794063
-1.44910204
4.83094645
3.46475554
12.4635305
6.89741993
-5.89449453
-5.66151571
-0.525474548
4.44252396
5.78794384
-7.67278528
5.25627708
1.33776224
-7.62513447
-6.69600534
-2.4852519
-4.03243399
-4.20112228
-6.41478157
-1.55368149
-0.787305236
2.99945998
1.80669975
6.87393236
-0.371218562
-1.03106308
3.30824518
-9.02335739
-11.3411808
2.90078282
-0.673893213
0.471825808
5.19829893
-4.31027699
-0.758165359
-7.98481607
0.456353456
3.6284883
-4.20082378
0.531228185
2.62133169
6.10411692
-0.185096517
3.15214086
-0.35354951
1.40480113
-3.07379723
3.33117104
0.10568063
-2.99879932
1.83637106
2.09463811
0.71135354
-0.980487764
6.90503836
8.15147972
11.4911203
0.41063264
-13.1816673
3.79900336
-6.05563927
-0.478959739
-5.60881805
-10.2565842
-2.91683125
-1.78932142
-2.33967137
4.33934689
2.94722033
4.34738588
-2.31898713
1.41959119
-5.01535797
0.907048702
-2.12870622
7.02180386
3.32206273
-0.92431581
8.3532505
-9.26655483
2.24880815
-0.951376557
-1.67848086
8.65047646
-2.7805748
-6.96809721
0.373712182
1.45755219
0.822368145
3.28374219
1.50073254
0.289748877
4.50415516
1.53219295
0.959217191
0.548751354
-2.63141537
-0.381370068
1.70159864
3.82829022
-4.99417543
3.76418352
6.16807508
3.18197799
7.64250898
7.8070178
-2.94548082
6.10961342
1.7612108
-4.04425669
5.64784288
8.92975807
12.256423
1.21145046
2.54685235
6.02143574
-2.0682559
4.60551977
3.84984207
-7.99380875
0.924927831
-4.9731698
-3.56643271
-0.321491838
-14.0098686
-0.189005509
9.58139801
3.60713601
-2.00625181
-3.33831358
4.62589407
1.70381832
-4.51544523
-5.98414564
0.510566056
-1.3184855
5.81898928
3.03991151
6.09955168
-1.34043264
2.53809309
1.00541508
-2.39705086
7.43192244
-2.52632499
-1.28770292
0.676556885
-3.45265627
-2.04205155
-5.25317001
-2.6572051
1.71457183
5.00434017
-2.90026712
6.98080111
1.44864488
0.0118214525
-3.52406788
-2.93071294
0.845534146
7.23093033
8.76834965
3.51610208
-3.86269546
-3.29171348
-6.48251486
4.10794353
0.0885510445
-5.92476225
13.3364305
2.01667786
-2.38793135
2.78888845
1.21737862
-0.655649602
2.55147004
6.05643511
3.90220928
3.37495375
3.1865077
7.9965477
2.39958882
0.141048327
7.32493639
6.77354145
0.570883095
-4.99051476
3.12811351
-2.88005114
2.67136073
3.2424798
-2.1198473
2.73881149
4.06786299
1.74080849
-11.2988262
1.22498024
5.02022028
6.32226229
-6.76559496
-5.00055313
-1.42972565
6.57980013
-3.43072748
6.6931982
-3.89484048
8.79536152
1.85511541
6.07887411
0.994460702
0.31307745
1.79655492
-4.87702513
-3.57075739
-0.507618725
4.01041985
-5.77029705
0.957953274
-6.04683733
-7.30794144
9.21202564
-3.77023005
0.550150037
-4.81060553
-3.30544043
-0.970786393
3.57845736
6.0985775
5.16941118
-5.22745275
-2.41166735
-0.984616637
-5.51365852
5.29416943
7.23214531
4.12563992
3.19475198
1.99661219
-5.60299301
-0.432902634
1.32938612
6.78284168
-0.258243442
-5.93706417
-0.866095483
-4.74673843
-2.745718
-3.47008634
2.81266141
-2.01451421
2.93648672
8.87572098
-0.569910645
6.119524
4.88913965
-0.0396555476
-1.5957377
7.42884827
4.38460016
11.4129515
6.24602032
-4.88147497
-4.81692314
-1.1027565
4.03641367
5.20330715
-6.70895672
4.43860197
2.02738571
-6.58741808
-5.88355541
-2.25770712
-4.19734907
-3.48127484
-6.23592949