-0.7048916401171126
0.8010620712635164
-0.9943288970399673
0.7168122527603527
-0.710624039358984
-0.7400157371131264
-0.49869160654375233
-0.6510057581972131
0.3221152851946336
-0.9484397004276033
-0.9702793455385823
0.5799693284695078
-0.5241367878190739
-0.3524570760759551
-0.6515075971876456
-0.895201964277647
0.483436113908299
0.05217105319573423
0.4913305500679914
-0.04750806915349948
0.5560340786284055
0.026475915218383328
-0.781891979992309
0.007677379571642717
0.8908312859402125
-0.9132699262016566
0.5664539919607592
0.7339618155196765
0.042902429426168176
-0.08391495580463593
0.9280523662440574
-0.8783491850109884
-0.04203617800327342
-0.19676549097487905
0.3721949921244654
-0.01946229171154945
0.8194016582304586
-0.853018568467099
-0.8384190451784161
0.21659484726687994
-0.8686355333597722
-0.4499680008840936
0.26615344860203094
0.09671286809672108
-0.3496291133626641
0.9892555117218471
0.06111367486264907
-0.09256916484905675
0.21085358307062574
-0.801643076641916
0.40355883709213236
0.7055854745911501
0.3018333297626108
0.5379254602094772
0.44167983331519833
-0.5699538673450062
-0.09689016806943695
-0.5430128512708312
-0.3221367623296496
-0.09300219418510536
-0.16802069947700948
-0.8098283214487383
-0.146471987478084
0.3302157261206178