0.2788535969157675
-0.9499784895546661
-0.4499413632617615
-0.5535785237023545
0.4729424283280248
0.3533989748458226
0.7843591354096908
-0.8261223347411677
-0.15615636062945915
-0.9404055611238593
-0.5627240503927933
0.010710576206724776
-0.9469280606322728
-0.602324698626703
0.2997688755590464
0.08988296120643335
-0.5591187559186066
0.17853136775181744
0.6188609133556533
-0.987002480643878
0.6116385036656158
0.3962787899764537
-0.31949896696401625
-0.6890410003764369
0.9144261444135624
-0.32681090977474647
-0.8145083132397042
-0.806567246333072
0.6949887326949196
0.20745206273378214
0.6142565465487604
0.45946357338763577
0.07245618290940148
0.9462315279587412
-0.24293124558329304
0.104081262546454
0.6588093285059897
0.2370395047284921
0.7234138006215545
0.15470429051352408
0.40914367242984695
-0.9083512326886756
-0.5442034486969063
-0.42122407279578566
-0.840416046152745
-0.5344182272779396
-0.7979971411805418
-0.44405279377981577
0.27136888852880037
-0.2703356420598315
-0.2596380657662347
-0.5809859384570246
-0.4660443559017733
0.873309175424988
0.2960707704931871
0.21826201133397638
-0.657722703603806
0.45825359590069836
-0.6731950124761432
-0.24108911648470444
0.9790467012731905
0.2799995197081857
0.11389948754929247
0.3692285019797492
0.6857038403796192
0.5519998230924896
-0.5419038560717913
-0.9357995121919245
-0.36909390388183616
-0.46451824804859454
-0.5780343128273471
0.8858194286701089
0.7527352529453377
-0.37064423840304417
0.3108773305897601
-0.20873619787867148
0.829095179481087
-0.0822962948252024
-0.4702396670038951
-0.5067449846120331
0.12273626832630158
-0.47451678295412947
0.16917198044708104
0.795645767204954
-0.20119898971920547
-0.5613584816854333
0.9950752129902205
0.01905258735292903
-0.8181811756524122
-0.9057672491505309
-0.7807017392986817
0.2548920834061801
0.5841587287259282
-0.15568006640063192
-0.8729445876960857
-0.23676142698692648
0.9922427604801936
0.058228690198274036
0.9421567552272363
0.7215594044689961
-0.9770379561143607
0.4414436387203893
0.36342073805314956
0.07394066081759032
-0.46634962009491443
0.2819235971596161
-0.7768956528082471
-0.13046949866179003
-0.09255258734158711
0.9076318550421603
0.7517058807563881
-0.4732218984978185
0.0011722261005966406
-0.6426962389397373
0.825255678689641
0.7410371396735338
-0.4031104171027342
0.2778989897320103
0.21794042287634463
-0.6943214629007304
0.5250216001503025
0.07875806023925147
0.5572529572611165
0.06070734439035497
-0.998856207744113
-0.3516878859906538
-0.9610465152283354
0.8581972325292342
0.7574437556463685
0.6633310587223589
-0.38497174919467714
-0.8841496670116249
0.7560191984080811
0.8938988905959881
-0.8286930958642424
-0.02801907336677245
-0.8615749630632328
0.5212043305144631
0.5316688586139755
-0.7432170710004744
-0.04943524380253739
0.0996071869898878
-0.4698867421198818
0.7448660821705149
-0.15372411959822618
-0.5764035891158359
0.07859217755891668
0.45986213817995236
-0.5976978732206082
-0.3765674173982101
0.9902987133217893
0.299756115278907
-0.12379983217099189
0.035151682071181245
-0.7579916082634686
-0.5506053259368853
-0.32382887570508934
0.17661743691446663
-0.539770534806846
-0.559565231096881
-0.8580138279819349
0.2622059145401978
-0.5421164323776912
0.8108400260122559
0.719270800507493
-0.8582853002226931
-0.5239907312620096
0.33795555659256116
-0.5715263852591228
-0.73537630254995
0.871028481161342
0.14208618665056894
-0.05465794737641172
0.5692388485815068
0.6149939955332868
-0.6191801712762446
-0.8061383715423533
-0.13789763518724496
-0.15284275396015845
-0.06595066392665005
0.4581516989197012
0.34672909458660306
0.9683304227319323
-0.8031642576960822
-0.19475743579546245
-0.3213947892100737
0.7233450727055821
-0.5026873321594287
-0.619582183118377
-0.1027729043337362
-0.15623672033119163
-0.44290971066611906
-0.500387104235799
0.8465311985520256
-0.11373850989308609
0.7226982095236612
0.10065062489969612
-0.8988233409502375
0.9985649368254532
0.6720551701599038
0.9379925145695025
0.8527339660162552
0.6973914688286109
-0.667377778792172
-0.02871774909856306
-0.5725054016016367
-0.19791941490109477
-0.8827292000556421
-0.2420537620461678
0.9706176875594519
-0.4695938836556961
0.5681412038971387
-0.08998326532171341
-0.15398502801967417
0.9146352817193464
0.9908453789854277
0.11153664681123643
0.436816550592652
-0.6904063494518717
-0.4065843490108716
0.9374187299383177
0.15836058163251243
0.08439040274854848
0.4959511207581282
-0.8856694541850338
0.16835518891794243
0.005700765839027122
0.7054397840965707
-0.6851345441210335
0.9215578065489007
-0.8397770695188262
-0.6283500780385536
0.19007021290005532
0.3504251072081803
-0.5295922099981376
-0.7602267721057516
0.780574628258875
-0.5075693044227503
0.1890383070668824
0.23876302066420618
-0.16155016932825506
0.16734457858244944
0.04556543106391775
0.8694125154728545
-0.5914816011529271
0.4323836015788296
-0.522628094768308
-0.208428306417491
0.34338044591994255
-0.40000584040247555
-0.36764560745629193
0.5037289848288042
-0.8549137710136854
-0.08342895476282775
0.9969088817088847
0.9921928957101889