0.7292113924399279
0.9524120658619257
0.6215434398807937
0.7628324093266488
-0.9504272762036226
0.4731289435101642
-0.33562906410714266
0.8616317720966511
0.6044702778742779
0.7281280567505588
0.621498633148778
-0.46638858081105594
0.5747490182709423
-0.7838087471940858
0.7443335658121795
0.7171865026755633
-0.5551325649086711
0.6331732111938579
-0.07939353064211585
-0.38961826532279886
0.5906909983057236
-0.5448090251844593
-0.952671130597097
-0.6137404233445827
-0.34347609760458697
0.7287058840605727
0.9337782080967223
-0.4417500145562572
0.2829634772152554
-0.20064323127987826
0.9622993743965202
0.07243146495744379
0.8784742806494314
-0.7693164962971448
0.9408012220444559
-0.6428643676550727
0.9250686315231109
-0.46906727495406275
-0.7831949055705778
-0.1308724828707113
0.4570901213054086
-0.37264537161001754
0.21241770661228654
0.022846119338956195
-0.22960913331054567
0.15317608699319907
-0.4905549877228361
0.4175705676683412
-0.9966174435627411
0.8511503309981654
0.0769039941855838
0.438859998289691
0.48390015567895306
0.34125700886599897
-0.27155705643747163
-0.8600523777473796
0.32847536982254466
-0.3395999279148072
-0.37216870988328066
0.696030559012671
0.43950852602790036
-0.39935546357747165
-0.3814306755826935
-0.1832141827615663
-0.19519922588455074
-0.40868959494810597
-0.7454244018816936
-0.1591073324541834
0.880727341460366
0.35463589054546585
0.8056110914651653
0.23102983190276105
-0.39810025086886935
0.09587442627139642
-0.999188120605425
-0.4261725662621456
-0.1402237000203308
0.15996956239136395
0.30941124740614323
-0.07002361950597158
-0.11568040139038516
-0.5725971980217994
-0.053627628181347475
0.8023616516565084
0.5920495202535605
-0.6606172076038905
-0.8304089265497565
0.030904019830432894
0.26588171153159146
-0.3296234891803982
0.6368469290733285
0.5022762750814644
0.3455913411143341
-0.5507186680054235
-0.6017401345468467
-0.9511492245463473
-0.5103149118432997
-0.04972731156238974
0.6994753892494638
-0.8543435416308618
-0.1711179780045613
0.2595307614754274
-0.6111295265205814
0.39270850098100984
-0.011245661979126131
-0.5120311208431223
0.31211602222356816
-0.9889103637239365
0.5019289532369458
0.5400923771480501
-0.7868254068729221
-0.14970761211453176
-0.6482266365869367
0.9159320845590795
0.03591550088748163
-0.8995632297187182
-0.5016034406800567
0.6966726947033195
-0.08707634905965489
0.602833203444529
0.3351554651727062
0.975784906132896
0.1909046369388394
0.9000792168863119
0.782851851620874
0.2253046455235257
0.4385479225519342
0.00955632964880393
0.6611383394428301
0.09574390122165677
0.7944162064665243
0.4873108843191698
-0.05065112635389335
-0.4816169030699613
-0.5055205249806809
0.27532287355231255
0.5316273685943309
0.0425996256559642
0.2534968739635626
-0.4508051061649234
-0.8450332922705284
-0.428543698273695
-0.4565697858356308
-0.3605808631624754
0.08030444503691281
-0.7232518769676886
-0.5374770405436264
0.38789962459810456
0.41283828338910444
-0.8715422985722439
-0.18480126066682656
0.08522228100783069
-0.1684515317936881
-0.5863312209711795
-0.15971296445314875
0.8096769566803539
0.1681588284084503
0.39104597299593613
0.7134640646078685
0.5311891522361389
-0.23923794214457672
-0.9882078328320139
-0.2964823946563506
0.5069502501187717
0.7068959011382092
0.9068606769402126
-0.1619574347403563
0.49503133795610155
0.09226461946767817
0.20650517788248268
-0.5589226113523622
-0.5611567307571277
-0.1283280479067268
-0.9419503601065695
-0.3277409126032351
0.3582837700566994
-0.19136666172472583
-0.6699105375929824
-0.0652197015353797
-0.7447444054376786
0.24451392194812938
-0.9460670961897246
-0.21195948732059056
0.12878396604954823
-0.9457959073193751
0.2854992960186715
-0.7286010255388715
-0.07660311189697655
-0.8994307330227449
-0.24179227162372086
-0.5766794315770369
-0.3463083902373829
0.5224594157880542
-0.24174756887172744
0.5040196471095697
0.6638485703105452
-0.4954569364352388
-0.8361875344767149
-0.9612334258999786
0.0788380958450674
0.9998156570184185
-0.30007931255963216
0.30028818649975
0.5624660992217898
0.30350931048777885
0.5084664081190524
0.8992234654319777
-0.6012786352749342
-0.9592399653593353
-0.6952353084304193
-0.7475580502515875
0.33891768923982135
0.12793916386003823
-0.5640709181869927
0.3989299424923016
0.5337961967124816
-0.6644217132643955
0.21449498778186338
0.49585130391057164
-0.7709342572422047
0.6386023486221701
0.9294415460681753
-0.7838025006847869
-0.948643149005068
-0.3760855112106096
0.3546945737008176
0.9163456764117919
-0.20669111696674536
0.4300294100989368
-0.8480070443138801
0.3812288318659607
0.2544847912020889
-0.7961973891080469
0.544961769902448
0.7005864781775926
0.20082322963368826
-0.7578898698653698
0.9676887030293426
0.5652706927220392
-0.30559246938310203
-0.1432439735305111
-0.25885824756388764
0.011921579354155831
-0.31753765027743364
0.6991512539991547
0.6446618361801162
-0.7889222587120028
0.9215751344291572
0.27117021220289184
0.6574146220049164
0.41461728741215387
-0.1290257099846459
0.46759060802678376
0.9309474624761553
-0.45983520722519833
0.6163984376135119