-0.385140717
0.881947398
0.34192732
-0.776260972
0.582987189
0.433805108
-0.331219494
0.915108204
-0.168676645
-0.619505823
-0.203396171
0.016890021
-0.471901685
0.959472418
0.307658553
-0.058362633
-0.295669615
0.253624022
-0.73250258
1.22850168
-0.777907908
0.0682630986
0.235407948
-0.23378171
0.644039452
0.313515663
-0.353876263
0.616116405
-0.0257959552
0.272153586
0.688076437
-0.606281042
-0.112745717
-0.989709556
0.20799011
0.164430559
0.91493839
0.327817053
-0.344166934
-0.193068683
0.49791196
-0.674163759
-0.221610337
-0.748362362
-0.471856862
0.95910126
-0.922710001
0.324842989
0.161675468
-0.432673782
0.346230954
0.814712882
0.667793274
0.169486299
-0.245769858
0.0834305361
-0.521900952
-0.495279133
-0.329517305
0.207482383
-0.0409410261
0.41384241
0.143744111
-0.548907995
-0.98278439
-0.531797469
0.427344978
-1.36172628
-0.472134799
-0.591712296
0.253298759
-1.01824379
0.843754351
-0.253376245
0.116604365
-0.341580927
0.428763062
0.13603811
-0.500818312
0.341448694
0.0673525482
-0.69952929
-0.207789212
-1.02767491
0.265544713
-0.100346893
-0.760827243
0.00670807483
-0.597986996
0.901691198
-0.351981282
-0.202049151
-0.0225000344
-0.211937487
-1.01473355
0.324199498
-1.36415422
-0.0538106486
-0.712694466
1.00717044
-1.19884896
0.539395094
-0.152761161
-0.0815293044
-0.501428723
0.184868932
-0.279519618
-0.204799384
-0.0459119156
-1.43917584
0.7679497
0.305861384
0.000617044338
-0.908832729
-0.972314954
-0.918120682
0.510340154
0.0476512648
-0.159842312
-0.234492168
0.368080944
-0.0752073079
0.240996435
-0.0461599976
0.036904484
-0.459257215
-1.07160223
-1.12722945
-1.11604714
-0.656974018
0.312101394
-1.32264495
0.99419713
1.17059517
0.37332204
0.0331108831
-0.992835522
0.366291821
0.205011144
-1.25032222
-0.0262821056
-0.16927056
-0.514475465
-0.51597029
-0.0867228657
-0.873557627
-0.0992394611
-0.610624373
0.810968637
-0.0692017153
-0.778407216
0.108498186
-0.0930192545
-0.0359747522
-0.351325184
0.448695362
0.0128226681
0.247183159
-0.645037591
0.787703216
1.2726202
-0.261416376
0.442416966
1.22102642
0.95214808
-1.1314162
0.237621605
-0.402021259
-0.662968516
-0.520236909
0.338096738
0.240619346
-0.0292515699
-0.973772883
0.677820444
0.431753486
-0.457797676
-0.210374951
0.194277406
0.0881531835
-0.625754595
0.0641411543
-0.766190171
-0.292638302
-0.147305578
0.331102848
0.337491482
0.412364691
0.0246964265
-0.144789234
-0.187945232
0.627623916
0.665677965
-0.756983995
0.0832530633
0.976113558
0.119503878
-1.06271923
-0.406155258
-0.717047334
0.975909352
0.541076362
0.242794439
-1.01368701
-0.0137847774
0.878407836
-0.195652634
0.552077174
-0.123290405
1.32812476
0.535369158
-0.681127846
0.110232577
-0.0255492684
-0.649104238
0.323806942
0.0756652057
-0.40362367
-0.288918585
0.299149096
-0.033513695
0.200105116
0.0910530984
-0.630342543
1.28492093
-0.164178744
-0.0045506414
1.03908253
-0.887131691
1.18826544
0.372500151
0.731124401
0.215660632
0.242486134
-0.201071456
-1.25927925
0.408611387
0.849295199
0.203795135
-0.162849367
-0.0897370055
0.249717548
-0.0566517226
-1.13669753
0.790198445
0.0782376677
0.404488266
-0.0742820203
0.254039288
0.403079391
-0.167782575
-0.404185444
0.0333317183
-0.114967376
1.17301583
-1.37524664