2.01440263
-0.0038020967
-0.0957804173
-0.0522143282
3.69940734
2.66922998
6.26307964
-0.00889828242
-0.27837038
-0.0040631895
-0.0493733324
0.0446766503
-0.0038834631
-0.0386132225
2.19835186
0.483498991
-0.0504763275
1.15206814
4.91609526
-0.0029379793
4.85669231
3.04246521
-0.184095278
-0.0221621431
7.31054592
-0.178339019
-0.00962612964
-0.0101565169
5.53859091
1.39438736
4.87823296
3.58489776
0.371547639
7.56594944
-0.243454665
0.580286324
5.24351692
1.64879763
5.76961994
0.959354639
3.15366697
-0.00507113477
-0.0552771166
-0.112055629
-0.00807528663
-0.0586426966
-0.0107605066
-0.0989594758
1.94866824
-0.223084807
-0.231269255
-0.0441125445
-0.0874982923
6.98002148
2.16581392
1.48673046
-0.0271471124
3.57459831
-0.0245655403
-0.244740367
7.8292675
2.02447295
0.649905741
2.80744839
5.4629817
4.36327934
-0.056052316
-0.00419496978
-0.146476075
-0.0882576182
-0.044926919
7.08063459
6.00731373
-0.145367146
2.29608202
-0.264575481
6.6240406
-0.224573925
-0.0854382217
-0.0691504776
0.71430856
-0.0833789036
1.07550204
6.35423422
-0.268230885
-0.0497885384
7.95782518
0.0820071474
-0.00938995369
-0.00516225351
-0.0120864324
1.80432045
4.63001776
-0.278344035
-0.0064677638
-0.247706786
7.93510962
0.286203891
7.53323984
5.75456667
-0.00314955227
3.4311552
2.75679135
0.380773723
-0.0873470455
2.0413847
-0.0123986257
-0.271821111
-0.239090845
7.25595856
5.99897909
-0.0839980096
0.00471089035
-0.029895626
6.5930953
5.91255188
-0.123319492
2.00601482
1.48397207
-0.0214118119
4.13813019
0.41111964
4.40696764
0.300663173
-0.00270435773
-0.159241021
-0.00352060958
6.85842371
6.04543114
5.28046465
-0.135353953
-0.00598959206
6.03389978
7.14558935
-0.00874451641
-0.0995675251
-0.00699075963
4.10616255
4.19373035
-0.0155192269
-0.159141272
0.549275339
-0.0856099725
5.94357824
-0.278200924
-0.0453826711
0.410064548
3.58828998
-0.0397494584
-0.141175389
7.91951847
2.19823956
-0.268232971
0.160247728
-0.0140673779
-0.0531688854
-0.180680543
1.13632715
-0.0567800477
-0.0503385402
-0.00716284569
1.86832082
-0.0559802614
6.47685289
5.73598623
-0.0071495818
-0.0624262281
2.53396726
-0.0467707962
-0.0163467806
6.96167517
0.860555112
-0.171579257
4.50647593
4.88429928
-0.0347216129
-0.0101859486
-0.274851322
-0.278117895
-0.195781454
3.57373095
2.61085725
7.74329758
-0.0103923306
-0.270985931
-0.182598114
5.76906204
-0.0708201751
-0.0346333757
-0.251012892
-0.278374523
-0.0995859951
-0.0717818886
6.76450348
-0.261160582
5.76381111
0.556466579
-0.00541508198
7.98580933
5.35169411
7.49980879
6.81444597
5.55814505
-0.0255078562
-0.101733387
-0.0464891121
-0.269678354
-0.00604825467
-0.244068772
7.7616477
-0.0857527331
4.4973731
-0.235700339
-0.278223276
7.3122263
7.92390251
0.632959902
3.39155459
-0.0219657905
-0.121099979
7.49520159
0.988434851
0.447369963
3.89394093
-0.00592744164
1.06887054
0.0233229529
5.62360859
-0.0227331538
7.36783266
-0.00811045244
-0.0327597298
1.24780512
2.64321256
-0.0603680499
-0.0138593866
6.23250008
-0.0688154101
1.23918808
1.66375971
-0.278443515
1.06067741
0.215118036
6.9486742
-0.0413241759
3.35356855
-0.0629360899
-0.264733285
2.58152366
-0.125326529
-0.14751631
3.95944357
-0.00731598539
-0.226307511
7.97252941
7.9347105
-0.00738795428
-0.0461499467
-0.0857501552
6.92539167
6.0801053
6.05430841
-0.230281904
-0.0228262581
5.31442976
3.13585329
1.53050351
7.79252243
2.27035451
-0.00299282139
5.0421052
-0.1245244
2.4358542
7.01662683
-0.01678041
-0.0130586671
-0.0116700353
0.596869588
-0.0929559469
1.41317928
3.37791681
-0.0409841351
1.92328358
-0.0845701545
-0.0833515301
6.47550535
5.51595068
-0.00956807286
-0.278118491
-0.0975529775
-0.00281920913
4.28196907
1.97375822
-0.0826320127
3.7800324
0.57526195
-0.276769519
-0.00307096425
-0.00759042939
6.11638498
6.45278883
0.492144167
5.32831001
1.04187441
-0.0201232042
-0.0153256208
-0.136373922
6.37294102
4.69682884
5.7533145
6.37202311
-0.0444252156
-0.0715495199
-0.0110232504
4.43172646
6.1330204
-0.273722112
1.68600631
-0.0218961481
6.87101841
5.81666374
7.61555815
4.93814182
6.08903837
-0.00379026611
3.70098877
-0.171472475
6.88606596
4.7976656
5.80787563
4.93777323
-0.0873277709
4.55214262
-0.0118371975
5.93926382
5.7190609
-0.0517214909
5.03361654
-0.219979852
-0.132200986
4.68399906
-0.0550745539
-0.00373165822
-0.0359361582
-0.165447012
5.81256342
7.46597147
-0.100224786
2.05052638
-0.268482566
7.69490433
0.371394485
7.02156687
-0.013043507
7.52235746
-0.0298634972
7.39603043
-0.0860098898
-0.0118860463
-0.272011101
3.56469107
-0.143942937
1.4367063
0.0997124314
-0.252425909
0.947257996
-0.076018624
3.22629881
-0.00274704141
6.80169678
0.399367571
3.40904951
3.79219699
2.56291413
-0.222136527
-0.00706383679
2.4507668
-0.168412492
-0.144281447
5.5470705
3.4145999
-0.125749767
-0.137788355
-0.274960548
-0.270808578
-0.119768552
-0.0152935674
-0.278461128
7.03968668
2.6800468
6.43466663
1.59673083
-0.12656936
0.52375859
-0.00269808434
-0.109112412
-0.275600672
1.00129211
2.28318596
-0.20363079
-0.262687117
-0.0464627892
-0.169188783
6.40844488
4.69521809
-0.0266455896
-0.00864331797
0.13881965
1.90053308
-0.176139042
5.06374121
3.94721937
2.60089254
-0.0531322025
-0.0387551226
-0.00377131207
-0.0677094534
-0.159858018
5.5751009
-0.0073444983
-0.277608842
1.84489584
-0.0365329236
3.01153755
-0.0429605767
-0.0670259446
2.30697751
-0.0028990861
3.94429517
4.26406908
-0.0115999412
-0.277727515
-0.0288551692
7.32264376
0.164159954
-0.00538757769
-0.0712719858
5.55229568
-0.231667742
4.7841754
2.50940466
7.80310154
1.25478065
7.19526482
6.25090122
1.54729378
3.40637851
0.0396857858
5.26255083
0.522872269
6.34430647
3.82102489
-0.162108511
-0.0800506696
-0.0696507543
1.98338485
4.19338369
0.199156374
1.79212797
-0.09532094
-0.00782554131
-0.107722595
-0.0922987312
-0.152649045
0.420990437
-0.0177098066
-0.0575717315
2.96983528
3.18553138
-0.00653015543
-0.274493009
0.452793121
-0.277959883
-0.0426717736
-0.278464496
6.46747017
1.06727767
2.99712634
5.68882418
4.18972111
-0.246018797
-0.00291334931
-0.202423722
3.98653507
5.63544655
7.24976206
-0.278432608
3.88618636
0.499398112
1.38633823
-0.0505369715
-0.0498501398
-0.270760953
-0.00401990162
-0.177610621
2.71193194
-0.272287458
-0.0250934809
-0.194324106
-0.0153627461
1.7137717
-0.00390673475
-0.262882084
0.759277999
-0.00391409313
2.07282257
-0.0170956198
-0.215355903
-0.00539249321
-0.244251192
-0.0453052968
-0.16329439
4.11667538
-0.244282335
3.96188879
5.28469276
-0.0738806576
-0.00831075944
-0.00351603539
0.411629021
7.99583912
-0.19955112
2.20292115
4.45027733
2.23126268
3.99927878
7.18838692
-0.0388674736
-0.00356512284
-0.0212844182
-0.0150784198
2.54240489
0.752954125
-0.0489668511
3.06541228
4.21150684
-0.0259996038
1.45446098
3.89309955
-0.0129032079
5.07813072
7.43114853
-0.0118376948
-0.00383750838
-0.14151375
2.68055987
7.32596636
-0.265610605
3.33337688
-0.00766867027
2.91190267
1.80076075
-0.0108916657
4.30467033
5.58413887
1.3381846
-0.0140769165
7.73814774
4.47355843
-0.195149094
-0.276437134
-0.231856048
0.0499585792
-0.185647175
5.57246399
5.12777328
-0.011437729
7.36797237
1.94692445
5.23211575
3.20086336
-0.27111575
3.65399027
7.44324207
-0.0906209499
4.89585018
0.39584735
-0.11469125
-0.271027774
3.60692382
-0.0889133289
5.60723639
5.26519489
-0.0088650547
6.09251738
-0.0669300407
-0.20467332
1.50734842
-0.244091362
-0.00400183396
5.59486914
-0.0311385188
-0.0455636084
4.72505999
-0.184234932
6.07129812
3.09514213
-0.0971086025
-0.00309166242
7.16348457
-0.00873971358
3.42008281
-0.0830505937
4.06529427
2.91181445
2.12829137
-0.0680471212
4.64413023
-0.00966623239
-0.0511950701
2.93228292
-0.133572876
1.02649987
-0.168841451
0.307351589
-0.277617306
3.85952711
-0.169321522
3.1240232
-0.0914749354
-0.0731359124
-0.0140022375
-0.0356894806
-0.0137981884
0.367043257
4.13275242
-0.0324796848
-0.0480250344
-0.110516064
3.49716759
7.6219945
0.235446051
-0.104573421
-0.0106918355
-0.0363868773
-0.0549995825
-0.0301991161
-0.00326887262
0.345853716
-0.0950174779
7.5848794
0.598774612
3.02995992
-0.0150901489
5.87919855
-0.0676551834
5.94822359
0.90755403
-0.18605496
-0.2651591
-0.0321563631
-0.00547414925
7.05094433
-0.146754876
5.12424707
-0.269391924
-0.00747117959
1.83930027
-0.00564482016
-0.0204162095
0.736103594
-0.13038367
7.89976835
-0.0135966297
4.17047119
1.43856478
4.6078763
-0.0538130328
0.212839633
-0.246864751
-0.261814445
5.74461317
7.83741665
-0.132456228
1.69236898
1.49531043
3.7607131
7.15589046
-0.0431808196
-0.0449505039
2.38382721
-0.0226222724
-0.0280973837
-0.00757193612
-0.00278512388
-0.246889204
1.22738123
-0.11432001
-0.0577210635
3.19478273
3.12631345
-0.238293692
2.85571885
6.77489853
4.55965519
1.7626065
2.3970964
6.93197489
-0.27772963
0.478466809
2.15876365
6.52510643
5.1981616
-0.00720371166
-0.0253801141
-0.135487542
3.91049623
0.832287073
-0.111124687
-0.0147087853
2.87822533
3.07006216
7.07687998
0.00379168568
-0.0471763127
-0.00814697146
-0.00467045186
-0.27414909
-0.156504393
-0.0722554252
-0.00944314804
7.38602018
5.35056782
0.925359368
7.20726681
7.9904604
2.59188604
-0.0900396183
-0.00469444506
4.03347588
-0.181311905
2.2269485
6.64862251
-0.0309994668
1.08759832
1.93287706
-0.0618183836
-0.0094323596
-0.196357965
-0.173212394
2.55423594
5.70508814
-0.167804241
2.96504259
-0.11065647
7.11735821
4.98404217
0.55331105
-0.236191764
-0.145137832
-0.157921955
7.51889133
-0.272182882
0.130343616
7.80674076
2.33516145
0.452564001
-0.277220547
-0.0334993377
-0.218321919
4.0364027
1.76872885
4.0959115
-0.0409641452
0.541256428
6.83546972
-0.268213689
3.0443809
-0.014146667
7.56644869
1.48228204
-0.0633967593
-0.0230144933
0.563571692
0.583231807
-0.00968662091
7.87312508
6.59796476
-0.216201395
-0.0134189716
5.28826904
-0.012827076
3.36062479
0.0760052875
-0.0940821767
5.3304143
7.68038034
-0.066825144
0.569483221
-0.250332028
6.74199533
0.0702672303
6.05521441
5.80727339
-0.0970857888
4.59571934
-0.277751267
6.94130611
0.0657283068
5.09858894
-0.104391329
-0.123462334
1.11384952
7.97971296
-0.0760242715
-0.0202558674
0.400992215
-0.191832498
0.578566372
0.463521659
-0.234786093
-0.155697033
-0.0339570642
3.03136349
0.872237623
-0.059189599
4.35569906
-0.00492112478
3.83875728
3.16498661
4.94861174
-0.253553003
2.44112611
5.10183525
7.68958378
-0.0359748751
-0.00449057529
0.0186651219
1.167153
5.89928818
5.97205019
-0.265384465
0.250101328
-0.230329379
3.46059728
-0.275814563
2.28451777
-0.0218413547
-0.185657933
7.50313807
-0.181429356
2.94821858
2.19751096
5.60808468
5.61745262
5.73122454
-0.245507181
-0.148213848
3.39684939
4.0860424
5.9427681
-0.00442150747
-0.00691553066
1.8693378
6.72686911
7.95603371
3.87354827
-0.272552282
-0.0103958687
1.91468537
5.94594765
-0.260264218
2.97072673
6.44464731
-0.0050827954
4.69717836
-0.116910808
-0.238174871
-0.0194681156
0.310239345
0.78238672
4.63729525
-0.0267461687
-0.00798531529
5.91775465
1.66947269
-0.0645640641
6.5963378
-0.0188511033
-0.217198297
-0.0753631815
-0.0765535906
-0.00305931829
4.8371644
6.40890598
2.68516946
-0.0228943061
-0.263338089
-0.192536294
1.12423265
2.00582504
-0.277954638
-0.072027646
5.50292635
-0.0387974791
-0.251778007
-0.116397262
-0.0618329793
0.874177396
0.919275939
7.8801012
-0.119234592
7.64346266
2.3451755
-0.0951966867
0.782401204
2.82810545
3.83814406
-0.00530118868
1.44008255
-0.0254963823
6.45644617
-0.108267277
4.74201822
1.45133913
-0.203321278
1.96505678
1.69000053
2.68785453
3.43468809
2.36191082
5.38937616
1.81834579
6.44431925
2.13599277
-0.137302518
-0.264660448
0.994719326
3.62959909
-0.00929183885
-0.119083531
3.88559937
-0.0287640374
-0.0163139123
0.411485314
7.53984165
0.306530952
6.60694456
5.26097202
-0.0780246705
5.16639423
-0.124276273
4.86770582
3.87005568
-0.181672022
-0.0130135445
7.40179729
-0.018274663
7.45972633
5.74418926
3.49088049
7.67552662
7.47208405
4.83641672
-0.224543914
4.6069026
-0.00325842644
0.375818849
-0.236298725
2.60146523
2.5929234
1.07508123
5.12918711
7.03853273
-0.0118770469
-0.0593745224
-0.00380282989
6.13464022
0.714887619
6.63545752
-0.051051829
-0.00644030422
5.15273476
6.54085016
-0.128199592
-0.274904788
-0.018040318
7.13452959
-0.131091118
-0.0555257238
-0.0102219097
6.18355083
-0.0170876198
-0.239296526
2.56041956
3.81231618
7.12990761
-0.278438538
3.79759026
-0.0218874589
-0.277735442
-0.0104772691
-0.0779781491
-0.27480033
7.21908426
-0.00423092116
-0.231794551
-0.26075086
7.20355272
5.66799402
-0.0105243996
2.82602787
0.477187932
7.64182663
-0.213427722
-0.267057419
-0.0344582349
-0.0142855719
5.54736137
-0.236482531
2.42496181
2.05444288
1.2831645
-0.00361390854
4.54253435
-0.0666971058
-0.0150190219
0.762066543
-0.00693345629
4.18241072
-0.0428435914
-0.0477695949
5.89920902
-0.165900916
-0.0199814234
6.39795589
-0.00279135536
5.71602106
-0.0192440525
-0.0158521608
-0.0724978894
-0.0283451695
2.39489222
-0.00384293124
-0.00330146239
4.59536314
-0.062371809
-0.158665374
-0.0282539763
-0.0055516744
3.78827286
0.251611948
3.85496759
-0.154348522
4.39683533
0.117077507
-0.0119903656
0.0316522941
7.12092972
-0.00490199588
4.48337698
5.85519409
0.20077388
-0.227041259
7.41999292
-0.00623267051
-0.140135542
-0.270165771
2.83329725
-0.0718008801
6.54590082
-0.00741116516
-0.00818568096
1.47243774
-0.00666134804
-0.0957662165
1.90291548
0.529461443
-0.160786659
7.91115141
0.30305025
-0.239112169
1.42335713
-0.0104994411
3.10543942
5.62479305
2.21651649
4.24598742
3.43317485
-0.0472264737
-0.244451791
-0.0556772724
-0.182013035
-0.23966758
-0.278008223
-0.00993538275
-0.277165025
2.46604872
-0.237387463
-0.0213558599
6.75998497
-0.00679488387
5.28220272
-0.00968935713
-0.010135713
3.73881245
4.95453215
0.641585827
1.10612094
0.717530906
-0.1675625
-0.0142991878
-0.205359265
2.47013402
3.93284202
5.87321472
3.43695092
7.49021149
1.33815885
-0.202243865
0.968343258
-0.0459136218
2.31890845
-0.0528767072
-0.0118567105
5.50405788
-0.227289751
4.1397171
0.908114195
4.87976503
5.50050306
7.58891964
5.063797
1.56317997
2.0719347
-0.00386828394
6.8581934
5.24443388
-0.0879652724
-0.0305776075
3.12132525
-0.137374014
-0.183422297
-0.00292189582
5.90192032
0.788327456
-0.269458443
-0.0185454451
1.90458643
-0.00411191303
3.86250305
-0.0472904369
-0.278462619
-0.18511638
-0.231076509
3.44610429
4.37718534
0.807637215
-0.00866228063
-0.00556771597
-0.022726398
1.63697302
2.62143731
-0.0927008018
2.41037679
-0.101606213
-0.262863636
-0.0938112587
4.01120901
-0.012780345
-0.275585264
-0.104856387
2.70047331
-0.0955456346
2.5015924
-0.00504275598
-0.264194876
1.31983554
-0.00298714289
-0.127184808
-0.0450668521
-0.0174456649
-0.0767249763
-0.165234268
-0.00298892963
3.87772751
-0.0287842322
-0.24578011
3.13812089
0.00210317736
5.3080492
4.86296177
-0.00726945233
5.77055216
-0.00483061559
-0.00348478113
6.73062754
5.7761631
0.934175372
0.897165358
3.23858476
-0.278306425
-0.0130141824
-0.00358882733
-0.16015929
4.782619
1.6419524
5.28635311
6.70819235
-0.0090430975
5.48957729
-0.0664980114
1.14557576
0.228005722
-0.264713705
-0.139161155
-0.182930633
-0.172840357
-0.0261151865
0.0908833817
-0.0128161469
0.0859419405
6.48496294
-0.198616505
3.54482555
5.07235098
5.00818968
-0.0611435547
-0.0196927469
-0.037861146
1.37184298
4.09967899
2.29731965
-0.0293248035
4.31079006
-0.0448504314
4.00285244
4.09401131
-0.250397921
6.77881527
0.760774076
1.9418906
1.75324941
5.81084204
1.80032396
-0.0208917279
-0.00690283254
-0.262613118
-0.129033342
-0.0954019055
-0.00584715931
0.0621362478
-0.139346629
-0.243595615
-0.00590508617
5.28097343
-0.00774577959
5.81089354
5.66544485
1.58797073
0.0597361922
-0.211868703
0.612298012
4.62569189
6.32280588
-0.248608932
4.92243242
2.23271966
-0.155326024
-0.157429785
-0.0208654311
-0.00632286724
-0.0111287795
6.37528753
-0.189148992
3.32137728
0.0377158076
-0.0276478548
-0.0700648874
-0.268639952
-0.266572952
0.214741722
-0.0231249053
-0.235257253
-0.104453549
-0.275173098
-0.181123734
1.29559755
4.58282042
2.15296793
-0.00668230793
-0.00985786319
2.69860435
-0.105889708
3.4826324
2.31587934
6.49173784
5.95729542
-0.173295707
1.0455873
-0.0184368715
-0.199328199
7.47893763
3.04836249
-0.260610282
1.24790752
7.00170183
-0.138199687
-0.240826532
4.62311411
4.97778225
2.55393553
5.23623037
3.73845124
2.8213954
0.255078703
2.13043666
-0.278151721
-0.218398377
-0.219603911
-0.0305178333
-0.0467453338
7.1571455
-0.0978176892
-0.0543756187
-0.0175219141
-0.0077917045
5.48866558
-0.0107807145
4.27789068
5.33687687
6.1257
-0.00453600427
-0.178605229
4.20163918
-0.0160757229
-0.240884498
-0.0242004246
5.27522898
4.28161144
4.90973663
-0.0252545122
-0.268739581
-0.276240915
2.66334224
-0.0620733388
-0.25938949
-0.106792033
3.90339708
-0.25034976
0.344347268
-0.138041854
4.90283346
-0.187661275
5.33677197
-0.227717787
7.1484952
7.7477026
-0.215418428
-0.103180714
-0.248048604
0.267175287
7.45599937
5.0386138
4.7815814
-0.0177155212
-0.0719475523
2.04520416
5.97086048
0.615478992
-0.0109930485
5.51250744
5.59833717
-0.106948689
4.14827442
-0.0934181213
6.47501612
-0.0199276637
-0.268973172
7.13696861
-0.0514721125
-0.245454237
-0.198951662
-0.0038907046
-0.0056175557
0.0163147207
-0.060785085
7.90950871
-0.23827894
-0.0039734887
6.88622808
5.4030633
2.19969368
4.61846066
-0.0175298303
-0.109071977
5.24935102
3.00664449
-0.0178078208
3.17030501
-0.251038164
-0.00288721756
-0.00801333226
-0.0770854875
5.33431911
0.535571635
3.54236579
0.270736039
-0.0123381009
-0.11051821
-0.126833037
-0.00520748226
-0.278462499
4.66010189
-0.229790673
-0.0122838439
6.47244644
1.27633524
-0.00337468879
0.138060436
-0.0654199645
-0.0189651959
-0.275979012
1.58453381
-0.0643604398
-0.27812621
2.45311356
-0.00873983372
7.59065247
-0.00684579974
0.251318723
0.0620541312
7.81014585
0.609969795
-0.258883089
-0.18289879
1.94842875
7.69313574
-0.0750769824
-0.00336562539
4.57111597
-0.191320509
3.63947749
1.81850064
4.28834105
3.6776185
-0.171987996
-0.00496808533
0.497808874
4.98310375
-0.0285614058
4.41554689
-0.204990521
2.994807
1.87940979
4.95007038
-0.00643003685
4.36644936
-0.22812596
-0.117003478
-0.00493193232
-0.0389207341
-0.00480425777
6.92718744
0.138138607
7.82284021
0.458281219
-0.0747835115
3.98343778
-0.0350276455
-0.210733384
4.44377565
5.83601189
-0.171069369
-0.0147325424
-0.227989987
6.21955681
3.81514931
6.30278921
-0.254266709
7.57570744
-0.0294518787
-0.0194203611
6.78133059
0.177799851
4.77974892
3.53974986
-0.00798082538
1.37276471
5.12794304
0.49059695
-0.154859766
-0.00810575951
2.39245915
-0.133966193
1.37562168
-0.27741006
2.89713049
-0.20208548
-0.00483414484
5.90474844
-0.203701764
7.96765566
-0.095276244
7.67689133
7.1609416
-0.00756949186
1.98076904
-0.220718622
4.77889013
2.7166276
7.2394619
-0.0187674612
1.46002948
4.45158768
-0.00435470464
-0.00680418499
4.40512085
-0.225397363
-0.249363735
0.802330792
1.41769612
2.71053672
7.17571735
-0.234013349
4.14773321
0.905324936
0.290217608
-0.266956806
2.19265556
-0.0716182292
-0.0127174249
3.68589783
-0.00758982264
-0.254695326
0.718805969
-0.0824631527
-0.0810683295
-0.255668283
7.93901825
-0.107546218
6.6551671
-0.0654506683
-0.0143767176
5.62533903
-0.243285358
6.36805725
-0.257798761
-0.00900163222
2.76061225
5.50646496
-0.152470499
-0.195502684
-0.00659394916
0.447059751
6.2493782
5.60152578
3.27832127
6.82986164
1.98406255
4.65675116
0.0749443844
-0.0141346818
-0.0396645851
-0.0178275947
4.60179043
-0.00386990746
0.608123362
-0.229348212
4.82116842
0.574795485
1.5351634
-0.0088114338
-0.137796745
7.99082327
3.39945602
0.247236967
4.24935675
5.14428759
-0.00743748853
7.55413342
2.06559348
-0.24807708
2.72882867
-0.190862387
6.03310013
4.43416357
2.02085519
-0.0311875343
7.45594263
-0.273693025
6.56221008
-0.00578649528
-0.0146711729
-0.0214611273
-0.0249679126
-0.157008588
3.23571324
-0.193265587
7.04837847
6.30744791
5.51318169
-0.0724564344
1.93765688
0.56360507
-0.0148693612
-0.12903887
0.33788681
0.0210088473
-0.026285328
7.0596838
-0.0217938405
2.35402179
3.42963147
1.41844773
5.45773602
0.747701347
5.17533779
-0.00398375047
-0.00504584657
2.05003381
0.95015496
2.22027016
4.21252489
-0.278129846
2.00674748
-0.0154491905
1.79939044
-0.112396792
7.30150175
-0.117939852
4.83807182
2.814013
-0.122024328
-0.00735901762
-0.00615518726
-0.266331255
-0.110200688
-0.0412025377
1.44441903
-0.142393932
3.39077735
3.66085911
5.754529
7.60220432
-0.0160155911
-0.231809914
0.718488276
-0.151779771
-0.197954744
-0.0879891366
-0.0702093169
-0.0101695834
-0.11304868
-0.251071334
1.5943526
-0.0704998225
5.82805061
-0.0234132539
-0.164189741
0.96466732
-0.142580777
4.14835024
-0.0136831412
0.131611422
-0.00982388295
-0.136761844
-0.00370643544
7.11798954
0.0454516038
7.46272039
-0.0472971573
-0.204237714
-0.00541151175
-0.0391788706
6.10397816
2.27534628
-0.180936411
0.37729153
5.53334904
-0.274935275
6.1058588
3.54702353
4.16065645
-0.224794462
-0.269282669
0.848803937
-0.0366344117
0.596859574
-0.00741531374
0.0352027938
4.16981363
-0.100884303
7.82232666
2.73388767
-0.0136619909
7.5975275
-0.262756765
4.67659426
-0.182255343
7.01692533
4.01157951
-0.0387201011
0.078296788
0.000623616972
-0.00503483322
-0.0174000449
-0.172797039
-0.166564748
-0.230154157
1.43758881
0.13935478
-0.164995879
1.55446386
-0.0242805202
7.84679317
3.74767637
-0.124337569
-0.177992553
5.22528219
0.324199468
3.22551584
-0.125058219
5.01987123
-0.228506416
2.61859512
7.67481709
1.06116092
4.70727301
3.50978327
2.86718607
-0.00388946082
-0.162516162
7.46888733
4.47801733
4.36597729
0.963831723
3.44275546
1.05826354
-0.0269289035
1.8319416
1.66991472
5.43552303
-0.0200395137
2.73962045
-0.00416429387
7.16577721
-0.0121264262
-0.0034942897
-0.143964469
-0.0210215468
2.90991831
-0.276012033
4.34617376
6.72029448
5.94981098
3.68865347
-0.00635827752
-0.0176418424
-0.0429419279
-0.160582185
2.41543961
0.244792864
-0.144049793
-0.0278704111
6.58497477
-0.18738465
-0.206457704
4.29648399
3.43462276
2.08266211
2.95878744
1.5029645
-0.0355454385
-0.0690622479
0.666324317
-0.0532788299
7.56265593
-0.122255132
-0.111595258
-0.0429078154
3.16085243
-0.148762226
-0.197702751
6.93248844
4.6849885
-0.0941164941
-0.0142313382
2.66787863
-0.245071456
7.6790309
5.06298685
7.2687006
4.83688116
-0.113339923
-0.109958909
3.31838584
-0.193808466
-0.262353897
-0.0775511712
-0.139613211
-0.0402082168
0.400958657
6.92160273
3.00836611
-0.0174544491
1.59953547
1.11209524
-0.0658248067
2.54898286
0.308763504
1.9883585
-0.00555871008
-0.277239531
3.37356186
-0.0106945438
4.27607822
-0.00288440404
0.556842864
6.85844088
-0.274063975
6.95391655
6.04021454
-0.148212001
-0.0389139727
7.41819143
-0.154795185
2.12820363
6.51745367
-0.00920760073
0.908636272
0.358281016
3.47211123
6.98025942
6.60279799
-0.0285524819
6.10244942
-0.0288189258
6.70601892
7.9519577
-0.265947968
-0.0355657041
6.97928429
7.38955832
6.80917645
6.01339531
-0.00305376248
0.813247979
-0.0117115835
7.72450066
-0.106368102
7.8224678
0.461819559
-0.0463307612
7.01068258
5.59660864
-0.191774413
-0.0357919931
-0.0125816809
-0.0242780708
-0.22438024
-0.0782910362
-0.0329158753
3.701895
4.60831976
0.81049484
4.05049706
-0.0287105162
5.67930984
6.34163618
5.20402861
0.13711518
-0.00887406059
2.53884482
-0.0323277004
-0.0182397757
-0.158411533
-0.0703151897
-0.0815309733
-0.0605982505
3.99126816
7.25947666
-0.127877355
3.4680934
-0.00314756413
2.26520014
2.94932961
-0.00634461967
-0.0135555565
-0.134388387
-0.273073912
0.0205702931
6.31055689
3.13614845
-0.140141681
-0.0134099443
6.64955091
-0.11899215
1.5813514
-0.049671378
-0.0166209061
-0.0215088408
3.88988209
1.4286834
-0.277976155
0.541460216
-0.179879025
0.387615412
2.44825101
-0.0492363758
-0.069835946
4.00778866
5.95495319
-0.00830670446
-0.254763395
3.13975883
-0.00789179932
0.755933762
-0.00631285366
0.519851029
0.04582211
0.886284113
-0.0205919333
-0.16522707
0.188982829
-0.0132010207
-0.0419170745
1.0521847
-0.00939404964
0.0898765326
4.90395498
-0.239837497
0.117173217
-0.230703592
-0.00597412651
-0.213028088
4.87472963
3.47488546
-0.264899492
5.03142786
3.85731697
0.974587262
-0.00503389351
-0.190884829
-0.00648836279
7.90306664
6.94668722
-0.00697231246
6.93369865
-0.00417378917
-0.275227189
4.24614334
4.19361782
7.6497035
2.12790275
-0.278462559
7.8827405
-0.248863846
5.89799118
6.49858713
-0.239340797
2.77459216
2.40780807
0.410117567
2.26257372
-0.196052745
-0.0298275147
0.384371519
0.283056229
3.55298901
-0.0518837236
-0.00281635625
-0.00368379219
-0.123214327
2.61322665
0.476916105
0.319349527
5.14463234
-0.0698742494
-0.193483502
-0.0964435637
6.99218082
3.50465941
-0.0126150502
4.91688013
-0.27844426
4.19739151
6.12690401
-0.00333778397
-0.0422737747
-0.010745341
-0.00428161304
1.29389989
3.13147283
-0.00527439453
3.76836014
-0.270699292
-0.0597447716
-0.0485503264
5.80245876
-0.00586903421
0.0321378447
-0.111906148
5.02048445
3.61527896
-0.151469707
1.29613268
2.59627175
-0.154053703
-0.127638429
-0.0188864954
2.38003516
-0.0508496426
-0.125982761
-0.00624397863
7.17084217
6.06148863
6.57616377
1.77893305
-0.276984781
-0.0338068418
7.55269718
7.05935287
2.57542992
4.52612638
-0.151222646
-0.278078705
-0.0204215609
-0.240512833
4.00235319
-0.16762881
5.56864452
-0.126290202
3.20548344
4.85598278
6.62716103
0.729366302
7.4803772
0.654761374
-0.0167364646
-0.0661381409
-0.0408509746
2.1424191
6.74776125
5.53271484
-0.0095895147
3.49716282
-0.0347531401
-0.0889796764
2.61624002
1.38072264
5.96281719
-0.0337470882
4.12449312
3.49239206
0.677415371
-0.137915537
5.89561653