2.23082876
-0.0759982765
-0.0359953083
-0.0442862771
3.78353953
2.82719183
6.27487326
-0.0660897866
-0.0124925086
-0.0752324387
-0.0450179242
0.0856846124
-0.0757542476
-0.0481859781
2.39815092
0.719063699
-0.0447294973
1.42825091
4.9508872
-0.0789601952
4.89310789
3.17023039
-0.0255599152
-0.0551232807
7.31540918
-0.0261448715
-0.0651606619
-0.0645253807
5.55990982
1.65961647
4.91405249
3.67570853
0.579649448
7.56985235
-0.0194344986
0.832650125
5.27047443
1.89631605
5.7873106
1.2376343
3.27314949
-0.0726680979
-0.0435362756
-0.0336979255
-0.0672332868
-0.042753458
-0.0638397709
-0.035524223
2.17095113
-0.0216268506
-0.0207710452
-0.046478875
-0.0372835472
6.98647356
2.36856627
1.74609613
-0.0526178144
3.66602874
-0.053855598
-0.0192871299
7.83237362
2.23999619
0.911195874
2.9538281
5.48563051
4.41599846
-0.0433523059
-0.0748639628
-0.0295275114
-0.0371614583
-0.0462427475
7.08655548
6.02188206
-0.0296515394
2.48701859
-0.016698895
6.63276148
-0.00658370368
-0.0376191735
-0.0405395962
0.981890142
-0.0379613414
1.35337579
6.36516619
-0.0160959195
-0.04490868
7.96060181
0.1524207
-0.0654544905
-0.0724613816
-0.0624561384
2.03913665
4.67326975
-0.0124544045
-0.069835566
-0.0189409126
7.93794203
0.465829521
7.53725386
5.77247524
-0.0781630352
3.53154922
2.9073658
0.591525316
-0.0373079702
2.25538874
-0.0621516518
-0.0104375603
-0.00740420679
7.26105499
6.01364708
-0.0378577523
0.00937780924
-0.0514157005
6.60204554
5.92829704
-0.0322488323
2.22319198
1.74352336
-0.0555457138
4.2001729
0.630064487
4.45802355
0.485658765
-0.0799084902
-0.0281350296
-0.0768837184
6.8655777
6.05954981
5.30664825
-0.0307977386
-0.0707319751
6.0481534
7.15119123
-0.066295445
-0.0022415258
-0.0689259917
4.16963482
4.25335073
-0.0594573617
-0.0039548194
0.796857476
-0.0375909396
5.95892859
-0.0122979293
-0.0461122878
0.62873745
3.67889714
-0.0478158258
-0.0301253926
7.92238951
2.39804888
-0.00990398601
0.281213462
-0.0606393293
-0.0440484211
-0.0259063095
1.41293955
-0.0431816429
-0.0447652191
-0.0686411038
2.09764743
-0.0433693118
6.48672009
5.7541666
-0.0686628222
-0.0419192575
2.70364451
-0.0457221121
-0.058830101
6.96822786
1.13668954
-0.00437263586
4.55391073
4.91995192
-0.0495344102
-0.0644910708
-0.0110318111
-0.0122274207
-0.00527605275
3.66521358
2.7738328
7.74664354
-0.0642531365
-0.0155805945
-0.025711583
5.78676081
-0.0402149856
-0.0495665744
-0.0082218321
-0.0124989375
-0.0354327783
-0.0400309712
6.7722497
-0.00909908023
5.78158569
0.805204988
-0.0719058663
7.98851967
5.37644148
7.50394011
6.82187176
5.5791316
-0.0533902198
-0.00229741982
-0.0458004326
-0.0158335529
-0.0706183314
-0.0193643011
7.76494169
-0.0375675112
4.54512978
-0.00719866063
-0.0123188021
7.31708241
7.92676306
0.892293155
3.49453235
-0.0552325062
-0.0325267464
7.49935007
1.26688468
0.675123215
3.96760893
-0.0708535537
1.34684145
0.0456061251
5.64351845
-0.0548107624
7.37246227
-0.0671821609
-0.0502680056
1.5205617
2.80340075
-0.0423673764
-0.0608181432
6.24459696
-0.040605545
1.51230645
1.91010416
-0.0129240127
1.33875668
0.364523441
6.95530033
-0.0473185293
3.45906878
-0.0418102443
-0.0166742634
2.74704361
-0.0320004672
-0.0294116493
4.02983189
-0.0683931038
-0.00667431625
7.97527122
7.93754339
-0.0682782829
-0.0458953083
-0.0375679322
6.93214989
6.09382677
6.06832409
-0.0208756663
-0.0547605082
5.33991909
3.25663877
1.78684425
7.79572916
2.46362114
-0.0787483007
5.0736661
-0.0320993997
2.61421943
7.02288008
-0.0585134216
-0.0615314133
-0.0628742427
0.851578236
-0.0364242867
1.67727721
3.48179507
-0.0474244282
2.14780736
-0.0377625749
-0.00183490361
6.48538399
5.53765965
-0.0652322397
-0.0122278761
-0.0357311629
-0.0794326887
4.33790779
2.19381404
-0.0380871557
3.85969448
0.826886714
-0.0115700923
-0.0784528479
-0.0679609776
6.12970209
6.46285725
0.729444623
5.35352039
1.32015312
-0.0563049912
-0.0596087165
-0.0306786634
6.38370371
4.737957
5.77124119
6.38279438
-0.0463877507
-0.0400752388
-0.0635530204
4.48185968
6.14615536
-0.0149796177
1.93058419
-0.0552714653
6.8780961
5.83369112
7.61929655
4.97234774
6.10265923
-0.0760341808
3.78503156
-0.026850326
6.89305401
4.83576202
5.8250246
4.97198915
-0.0373110846
4.59799194
-0.0627046973
5.95466852
5.73749208
-0.044410605
5.06538582
-0.00635148212
-0.0311694611
4.72552776
-0.043584723
-0.0762136877
-0.049099233
-0.0274780858
5.82964706
7.47022581
-0.0353399999
2.26370788
-0.0160514582
7.69839478
0.57945174
7.02779436
-0.0615453199
7.52640963
-0.051429145
7.40054893
-0.0375253819
-0.0626555905
-0.0104697989
3.65672088
-0.02981163
1.69934165
0.182768956
-0.0183687303
1.22540867
-0.0392443985
3.34056449
-0.0797293931
6.80920267
0.615231931
3.51087999
3.87120128
2.73005605
-0.021724565
-0.0688041896
2.62780285
-0.0271679945
-0.0297734961
5.56824446
3.51606822
-0.0319484361
-0.0305144545
-0.0146571351
-0.0156159373
-0.0326951668
-0.0596339516
-0.0127285859
7.04581881
2.83708715
6.44488859
1.84823871
-0.0318480209
0.76699543
-0.0799350515
-0.0340938047
-0.0112178959
1.27975655
2.47529006
-0.00560188945
-0.00925443228
-0.0458077751
-0.00429021008
6.41889334
4.73639631
-0.0528493784
-0.0664327145
0.247232154
2.12705374
-0.026369879
5.0947752
4.01821041
2.76473069
-0.0440574922
-0.0481392071
-0.0760919377
-0.0408251956
-0.00397818489
5.59580326
-0.0683474839
-0.0136894379
2.07624602
-0.0488903597
3.14166808
-0.00089965295
-0.0409624912
2.49692822
-0.0791128278
4.0154314
4.32073879
-0.062946029
-0.011976609
-0.0518581271
7.32745647
0.287324011
-0.0719650611
-0.040128272
5.57338142
-0.00696610799
4.82266569
2.68124366
7.80627918
1.52723706
7.20063353
6.262815
1.80243719
3.50838327
0.0764506385
5.28910685
0.765951216
6.35532951
3.89848709
-0.00405208999
-0.0385293514
-0.0404416397
2.20258307
4.25301886
0.340797007
2.02797508
-0.0360644087
-0.0676026642
-0.0342834927
-0.036525581
-0.0288464688
0.642435551
-0.0578601472
-0.0429981612
3.1031971
3.30270624
-0.0697233826
-0.0147841005
0.681778252
-0.0134761222
-0.0469064973
-0.012777037
6.47741556
1.34527063
3.1283679
5.70771265
4.24951315
-0.0191390347
-0.0790566206
-0.0237185899
4.05560207
5.6551671
7.2548852
-0.0129565941
3.96025062
0.73811698
1.65204144
-0.0447138064
-0.0448925383
-0.0102662444
-0.075356029
-0.0262192711
2.86627007
-0.0153093319
-0.0535928421
-0.00521757593
-0.0595795512
1.95611143
-0.075685367
-0.0169567578
1.03027177
-0.0756636709
2.28399444
-0.0582880825
-0.00612824922
-0.071954459
-0.0193433817
-0.0461343527
-0.0277046692