0.902983963
0.00050028722
0.0266091395
0.0117901815
0.977763653
0.944127619
0.998120487
0.00134639302
0.222829849
0.000540084729
0.0109674828
0.521408081
0.000512639643
0.00801337324
0.916686177
0.672400773
0.0112847956
0.806628644
0.992972612
0.000372083567
0.992557764
0.959698439
0.0720249936
0.0040204688
0.999335229
0.0682118535
0.00147729146
0.00157403445
0.996165633
0.840186536
0.992710829
0.975294352
0.6409868
0.99948442
0.125269324
0.696914971
0.994885147
0.869474053
0.996943176
0.775151968
0.963496149
0.000697848853
0.0126967942
0.0332529731
0.00120108458
0.0137164807
0.00168554916
0.0278569013
0.897610366
0.103151776
0.111342132
0.00949088018
0.023468338
0.999076486
0.91439873
0.851459682
0.00515930029
0.975060105
0.00456137164
0.126893103
0.99960345
0.903784156
0.713244855
0.950444102
0.995871246
0.988061786
0.012929488
0.000560345652
0.0496066436
0.0237497725
0.00971545186
0.999164462
0.997580767
0.0490251593
0.923226714
0.158438906
0.998685181
0.341105759
0.0227113497
0.0170575138
0.727483153
0.0219641607
0.794681013
0.998282552
0.166645274
0.0110866176
0.999651194
0.538031578
0.0014345774
0.000712414447
0.00193518726
0.884845316
0.99074477
0.223490432
0.000926141802
0.130778685
0.999643207
0.614396214
0.999467432
0.996897578
0.00040294652
0.97157222
0.948209345
0.643715024
0.0234124362
0.905114353
0.00199489878
0.260425925
0.322912157
0.999298096
0.997560859
0.0221877974
0.502344429
0.00581449363
0.998644292
0.997344077
0.0382399857
0.902312875
0.851134062
0.00385480886
0.985228539
0.652504086
0.988547444
0.619083166
0.000338431826
0.0565988459
0.000457913527
0.998957992
0.997669995
0.995065928
0.0439493135
0.000846801209
0.997643292
0.999216676
0.00131902215
0.4441953
0.00101424137
0.984777451
0.985982716
0.00261014374
0.402398318
0.689301848
0.0227740966
0.997424006
0.226217687
0.00984177366
0.652203143
0.975371122
0.00831303373
0.0468625873
0.999637604
0.916678369
0.270833343
0.569843709
0.00231984397
0.0120705534
0.0697438344
0.80422914
0.0131491171
0.0112450114
0.00104352133
0.890674353
0.0129078049
0.99847883
0.996840477
0.0010412595
0.0148920156
0.937241316
0.0102293603
0.00277864211
0.999059618
0.757071376
0.392393202
0.989583671
0.992753446
0.00700959424
0.00157943543
0.249144331
0.22745426
0.3710756
0.975040317
0.941245317
0.999568045
0.00161740428
0.173925281
0.071017839
0.996941507
0.0176103935
0.00698724389
0.305300415
0.222718537
0.0281056128
0.017931588
0.998856187
0.287018657
0.996925652
0.691086829
0.000753079308
0.99966073
0.995397031
0.999449432
0.9989115
0.996238351
0.00477762707
0.44281581
0.0101503655
0.170320809
0.000856470899
0.126040578
0.999575794
0.0228263009
0.989492774
0.32742247
0.225852549
0.999336302
0.999639153
0.709363163
0.970531762
0.00397696812
0.0372308902
0.999446809
0.780209005
0.662649333
0.981432617
0.000836576452
0.793612778
0.511399567
0.99647212
0.00414757105
0.999372065
0.00120723294
0.006517014
0.820621192
0.942859292
0.0142487111
0.00227882434
0.998062789
0.0169472937
0.819402754
0.871030867
0.215446636
0.792285442
0.590134978
0.999047339
0.0087331906
0.969500422
0.0150527917
0.158767596
0.939746141
0.0391639657
0.0501557402
0.982533216
0.00106969639
0.339072198
0.9996562
0.999643087
0.00108203571
0.0100554824
0.0228253584
0.999025106
0.997748315
0.99769032
0.110311165
0.00416837959
0.995226622
0.96291101
0.856539965
0.999588668
0.921551824
0.000380048994
0.99377948
0.0387933739
0.931771159
0.999109566
0.00286778831
0.00212227646
0.00185609155
0.700898111
0.025520321
0.842543662
0.970165312
0.00864198804
0.895463705
0.022395229
0.454255641
0.998476803
0.996079743
0.00146677042
0.227446273
0.0273019318
0.000354918011
0.987104654
0.899692595
0.0216955058
0.979360521
0.695696235
0.239211157
0.000391440757
0.00111688045
0.99782747
0.998442113
0.674683392
0.995290875
0.78920722
0.00357396435
0.00257103681
0.0444523692
0.998314023
0.991319478
0.996893764
0.998312473
0.00957692787
0.0178537965
0.00173449679
0.988814175
0.997862875
0.182729706
0.873314083
0.00396156451
0.998970985
0.99708122
0.999509335
0.99312073
0.997768044
0.000498495006
0.977796018
0.0638623461
0.998986185
0.992121935
0.997056007
0.993118286
0.0234053135
0.990028441
0.00188776874
0.99741298
0.996787548
0.0116462028
0.993728161
0.346344113
0.0424136259
0.991211832
0.0126362061
0.000489630969
0.00731908716
0.0602105297
0.997069538
0.999430478
0.0283601526
0.90582639
0.167263657
0.999546587
0.640941203
0.999113858
0.00211933372
0.999461591
0.00580672594
0.99938941
0.0229204576
0.00189704483
0.259805471
0.974832714
0.0482841544
0.845448732
0.545565486
0.137421533
0.773013949
0.0193705671
0.965794504
0.00034454561
0.998897672
0.649133384
0.970995724
0.979591787
0.938777089
0.102251314
0.00102665788
0.932629645
0.0619892962
0.0484596901
0.996197343
0.971141517
0.0393602252
0.045155108
0.187595025
0.173418075
0.0366318822
0.00256457389
0.218768314
0.999129713
0.944647312
0.99841392
0.863920212
0.0397416726
0.682870567
0.000337534584
0.032003589
0.245679483
0.782408297
0.922391236
0.363503754
0.283850074
0.0101429913
0.394360125
0.998372257
0.991306007
0.00504179811
0.00130106346
0.561495125
0.893504977
0.0667955428
0.993908644
0.982332647
0.94073993
0.0120597426
0.00805063546
0.000495625718
0.0165852122
0.401836544
0.99630034
0.00107458211
0.202790529
0.888572872
0.00747241825
0.958579183
0.477523863
0.0163627602
0.923926234
0.00036644956
0.982284307
0.986884236
0.00184283906
0.231891602
0.00556425191
0.999343216
0.571340859
0.000748638005
0.0177610386
0.996216714
0.332564086
0.992018878
0.935910702
0.99959296
0.821601748
0.999254405
0.998097718
0.858445346
0.970925391
0.519103408
0.994979084
0.682644367
0.998265564
0.980130196
0.400061458
0.0207765419
0.017222533
0.900481284
0.985978186
0.584384143
0.883703172
0.0264307521
0.0011575789
0.0314211249
0.0252696127
0.0529177599
0.655303776
0.00306079513
0.0133893471
0.957024395
0.964521587
0.000936580414
0.185667694
0.664135456
0.206261024
0.00909719802
0.217941359
0.998464584
0.793355346
0.958047926
0.99669075
0.985929668
0.128542945
0.000368514244
0.0853439048
0.982969999
0.99651283
0.999293804
0.214896441
0.981298089
0.676583946
0.83916676
0.0113023194
0.0111043258
0.263739049
0.000533454528
0.0677404851
0.9461537
0.177857175
0.00468224473
0.372441351
0.0025785265
0.876111507
0.000516180997
0.155030861
0.736968637
0.000517301494
0.907542706
0.00293295295
0.351415068
0.000749431434
0.126271188
0.0098202955
0.0589411072
0.984927177
0.126310647
0.982573032
0.995086253
0.0186395254
0.00124235882
0.000457229646
0.652649283
0.999664187
0.0831243247
0.917002916
0.989010155
0.918943226
0.983171821
0.999249279
0.00808017049
0.0004645765
0.00382683706
0.00252127904
0.937692583
0.735656381
0.0108512174
0.96051085
0.986216068
0.00489139697
0.847607791
0.981418073
0.00209213817
0.993993104
0.999410391
0.00188786315
0.000505657517
0.0470350944
0.944671869
0.999345362
0.160632566
0.968938589
0.00113039603
0.954775214
0.884512901
0.00170995062
0.987379014
0.996332884
0.832936883
0.00232172851
0.99956578
0.989251316
0.0798240751
0.241229296
0.111960918
0.523825109
0.0730807781
0.996290803
0.994275749
0.00181223964
0.999372184
0.897464216
0.994828045
0.965005338
0.262656718
0.976813436
0.999417543
0.0246340837
0.992833853
0.648115635
0.434370846
0.262927473
0.975788534
0.0239938516
0.996415019
0.994991958
0.00134046981
0.997775733
0.0163316298
0.362468868
0.853873074
0.126069099
0.000530690886
0.996371269
0.0061169113
0.00989205204
0.991551876
0.0721195042
0.997728646
0.961540818
0.0271275602
0.000394466362
0.999230504
0.00131816883
0.971284807
0.45443812
0.984181583
0.954771698
0.911689997
0.46335119
0.990869164
0.00148456683
0.0114929974
0.955578506
0.0430782475
0.786656678
0.394644111
0.62122494
0.232912332
0.980828345
0.0625416711
0.96251756
0.0249567591
0.0183872171
0.00230698148
0.00725594908
0.0022667828
0.639644921
0.985153556
0.00644744933
0.0105832238
0.437128872
0.973230541
0.999512434
0.597290933
0.030118892
0.00167279947
0.00743481703
0.0126138031
0.00588798942
0.000420508062
0.633244514
0.0263132062
0.999494076
0.701351881
0.959249258
0.00252363551
0.997255385
0.463579386
0.997435749
0.765850604
0.379976273
0.27838248
0.00636736769
0.000762631709
0.999139428
0.411847532
0.994256079
0.169569552
0.00109633524
0.888065517
0.000790341466
0.00363741233
0.732125521
0.0415415615
0.999630332
0.0022272123
0.985671759
0.845676124
0.990546346
0.012260871
0.589321315
0.311789036
0.285678953
0.99686712
0.999606669
0.0425368622
0.873960197
0.852468491
0.978988051
0.999224663
0.00923576113
0.00972197764
0.928697407
0.00412282068
0.00538368942
0.00111368997
0.00035001355
0.311752111
0.817720413
0.0342290699
0.0134348134
0.964814186
0.962593973
0.323989242
0.952490866
0.998867989
0.990099728
0.880894423
0.92949307
0.999031425
0.231870979
0.671063304
0.913895547
0.998549759
0.994654298
0.00105049543
0.00474817539
0.0440150276
0.981716931
0.751627803
0.0328554437
0.00244724611
0.953418434
0.96067363
0.999161363
0.501888692
0.475201249
0.00121362368
0.000634380267
0.252081543
0.0550518446
0.0180904791
0.00144417817
0.99938333
0.995391965
0.76909101
0.999263227
0.999662399
0.940279722
0.0244153813
0.000638153637
0.983702302
0.384146124
0.918650568
0.998716831
0.00608289056
0.796615481
0.896279812
0.466951489
0.00144222996
0.0807186142
0.0649449304
0.938320339
0.996743143
0.0616215654
0.956842303
0.0326563306
0.999194443
0.993419588
0.690304995
0.326779902
0.0489054099
0.0558497943
0.999459803
0.177526116
0.558121085
0.99959451
0.925708771
0.664072871
0.199721023
0.00670163799
0.0987198427
0.983746946
0.881482065
0.984629929
0.00863663387
0.687297344
0.998933971
0.270883948
0.959766865
0.0023355193
0.999484777
0.850934207
0.0151985371
0.00421052054
0.692838669
0.697626889
0.00148826826
0.999620438
0.998650849
0.350501925
0.00219244836
0.995103359
0.493502349
0.969694495
0.535428584
0.0259522591
0.995300412
0.999540091
0.0162976012
0.694287479
0.134397522
0.998830378
0.53291589
0.997692347
0.997054219
0.0271186195
0.9904356
0.204090625
0.999040306
0.530911267
0.994111121
0.030044334
0.0383053869
0.800752461
0.999658704
0.458655983
0.00360266143
0.649601817
0.0774137154
0.696498394
0.667051852
0.328608334
0.0546006039
0.00681654923
0.959299922
0.759284735
0.0138844913
0.987975538
0.000673974981
0.980454743
0.963863492
0.99319011
0.139105424
0.932075739
0.994129777
0.999544203
0.481323272
0.000606204849
0.509163558
0.80890131
0.997309208
0.997495294
0.277860194
0.602338254
0.334222019
0.972323358
0.191492394
0.922477961
0.00394945452
0.38032937
0.99945122
0.070239231
0.9561975
0.916627765
0.996417999
0.996450782
0.996825695
0.127878338
0.0505259261
0.970672965
0.984486759
0.99742198
0.000595439982
0.00100148621
0.890764773
0.998812675
0.999650598
0.981076837
0.257987231
0.00161805667
0.89472729
0.997430027
0.288815618
0.957058251
0.998429477
0.000699710101
0.991322398
0.0353619829
0.118936241
0.00343299541
0.622144639
0.741704941
0.990809083
0.00506531121
0.00118537934
0.997357547
0.871620774
0.0155699002
0.998648584
0.0033013518
0.349417329
0.0191453863
0.0195550527
0.000389739871
0.992416143
0.998372912
0.94489193
0.00418360252
0.282453567
0.0779199451
0.802365839
0.902297676
0.229514092
0.0180139896
0.996029496
0.00806176662
0.136471853
0.43323338
0.0147056514
0.75965023
0.767989099
0.99962306
0.0363929756
0.999522805
0.926332831
0.0263825972
0.741707921
0.951329768
0.980443597
0.000734715723
0.845861495
0.486912131
0.998447657
0.0316488296
0.99168843
0.847230136
0.0860486329
0.898974895
0.87372005
0.945019662
0.971663356
0.927365303
0.995563269
0.886146486
0.998429
0.912252247
0.0449130535
0.279522985
0.781286776
0.976287544
0.00141689973
0.0363255255
0.981287837
0.00554246129
0.00277190888
0.652608335
0.99947089
0.620963037
0.99866271
0.994971275
0.0200656019
0.994486511
0.427897453
0.992636323
0.981015205
0.0704003423
0.00211351993
0.999392986
0.00317937043
0.999426961
0.996865809
0.973076582
0.999537826
0.999433935
0.992410779
0.104555778
0.990537584
0.0004189662
0.642253101
0.326639533
0.940769017
0.94033289
0.794613361
0.994283497
0.999128759
0.00189533527
0.0139414463
0.000500398339
0.997866333
0.727607548
0.998700023
0.0114514139
0.000921553874
0.994412839
0.99857223
0.0405059494
0.187358484
0.00313006085
0.999208033
0.0418799147
0.470532686
0.00158603932
0.997966826
0.0029312952
0.322632551
0.938646138
0.979968965
0.999204338
0.215181276
0.979693592
0.00395964365
0.203940183
0.00163307891
0.45749101
0.186920449
0.999271929
0.000565892959
0.111895852
0.287845582
0.999260604
0.996622443
0.00164178852
0.951241314
0.670722306
0.99952209
0.0943861529
0.163862452
0.00694293715
0.0023630308
0.996198356
0.326397955
0.931137741
0.906130016
0.825538993
0.000471895532
0.989936352
0.0162560977
0.00250935252
0.737544954
0.00100452302
0.985832214
0.00914390292
0.0105108749
0.997308969
0.0604805164
0.00354335038
0.99835521
0.000350909453
0.996777952
0.0033850621
0.00267767278
0.0181720238
0.00544257276
0.929361463
0.00050648069
0.000425323698
0.990432322
0.0148748886
0.0562711693
0.00542088365
0.000775198569
0.97951746
0.602853358
0.980746925
0.40611133
0.98843658
0.55275476
0.00191688328
0.515349925
0.999197304
0.00067094015
0.989351571
0.99718982
0.584972382
0.338201404
0.999403834
0.00088698644
0.416711122
0.17162928
0.951550007
0.461153835
0.998579383
0.00108602049
0.00122040417
0.849765003
0.00095859362
0.0266036186
0.893711627
0.684321344
0.0574847236
0.999634504
0.619849503
0.322883129
0.843806624
0.0016371751
0.96189177
0.996476233
0.917938948
0.986657917
0.971624315
0.0103575215
0.315372288
0.0128167486
0.0706272349
0.32212624
0.206825867
0.00153356302
0.236534148
0.933499157
0.1180337
0.0038425182
0.998851061
0.000981087796
0.995074332
0.001488765
0.00157021871
0.978558183
0.993228912
0.711346328
0.799543083
0.728174925
0.0614758357
0.00236573117
0.0876692981
0.933729887
0.982093871
0.997239232
0.97172159
0.999444067
0.832933486
0.0852033496
0.776727438
0.0099895196
0.924685478
0.0119845243
0.00189147308
0.996033847
0.107261576
0.985250473
0.765953243
0.992721617
0.996020019
0.999496102
0.993909001
0.860226512
0.907474995
0.000510331825
0.998957753
0.994889617
0.0236412641
0.00597996451
0.962427318
0.0449486226
0.0715709031
0.000369752233
0.997316062
0.742907882
0.169742897
0.00323654921
0.893856406
0.000547562493
0.980881333
0.0103755482
0.217094347
0.0727182999
0.111139871
0.971955955
0.988218486
0.746777177
0.0013044253
0.000777803129
0.0041460623
0.868231416
0.941777587
0.0254228711
0.930281341
0.442897022
0.283474207
0.0258480906
0.9833588
0.0020683785
0.245755062
0.0302349143
0.945616663
0.446733892
0.935482144
0.000693322218
0.15765433
0.830503464
0.000379223115
0.040029332
0.00975418836
0.00300567434
0.0196142886
0.0600842685
0.000379482954
0.98115027
0.00554728834
0.128232151
0.962985933
0.501049399
0.995196879
0.992602646
0.00106173113
0.996945918
0.000659635058
0.000452561042
0.998817086
0.996962726
0.77067858
0.763938427
0.966169715
0.211335048
0.0021136438
0.000468130602
0.0571240783
0.992006958
0.868755996
0.99509418
0.998790443
0.00137226167
0.995977223
0.0161916334
0.805642486
0.594693065
0.158726677
0.0458429381
0.0712405667
0.0647123531
0.00491822883
0.54183507
0.00207529659
0.53972441
0.99849093
0.0824136287
0.974370956
0.993959308
0.993571639
0.0144900298
0.00348119531
0.0078166537
0.837314844
0.984684408
0.923306525
0.00567687256
0.987451971
0.476485431
0.983228087
0.984602571
0.306291193
0.99887234
0.737278044
0.897041202
0.879991353
0.997064531
0.884472072
0.0037408988
0.000999335898
0.284007102
0.040899694
0.0264621489
0.00082339911
0.529313922
0.0459363125
0.316613615
0.000832903606
0.995068431
0.00114374363
0.99706465
0.99661392
0.86296463
0.528241158
0.355118871
0.704550505
0.990706384
0.998228252
0.309114844
0.993015528
0.919041872
0.0543940179
0.403732836
0.00373515929
0.000901975553
0.00175422954
0.998317957
0.0755087137
0.968600154
0.518188
0.00527725741
0.017359551
0.269754678
0.275029749
0.590000749
0.00423528347
0.11564143
0.030069802
0.188514799
0.0700367093
0.827237427
0.990316749
0.913479984
0.00096211856
0.00151942158
0.945528626
0.0306602456
0.972873449
0.924493372
0.998501062
0.997458518
0.0649970844
0.789818585
0.0032135963
0.0829543099
0.999437869
0.959908724
0.150757492
0.820635617
0.999096274
0.0453606024
0.122052982
0.990683317
0.993379593
0.938304484
0.994848728
0.97855103
0.951043606
0.60403192
0.911846936
0.226970345
0.0987892523
0.0998909175
0.00596541585
0.0102222124
0.999225616
0.44530341
0.0124278283
0.00302156433
0.00115170609
0.995973647
0.00168930436
0.987054706
0.995329976
0.997847438
0.00061330176
0.0683847442
0.986087024
0.00272321468
0.122122526
0.00447820593
0.995040715
0.987100244
0.99292928
0.00471925829
0.269487262
0.193681717
0.943842947
0.0147810671
0.290528089
0.0310337935
0.981595457
0.306368411
0.63278383
0.0452816896
0.992882013
0.37853992
0.995329499
0.107691169
0.999218941
0.999569833
0.351347715
0.0295506846
0.131239802
0.608105719
0.999424815
0.99375844
0.991998971
0.00306199002
0.017987119
0.905412436
0.997492313
0.705297232
0.00172885705
0.996066511
0.996383548
0.0310988501
0.985368907
0.025697222
0.998475969
0.00353175728
0.268855125
0.999209881
0.0115735494
0.313899308
0.08266785
0.000513741223
0.000785904063
0.508027792
0.0143783214
0.999633908
0.119056299
0.000526359654
0.998986423
0.995622218
0.916779339
0.990641654
0.0030232151
0.0319865756
0.994914055
0.958399475
0.00308130216
0.964034975
0.305259436
0.000364732754
0.00119026599
0.0197391044
0.995318353
0.685867131
0.974313259
0.60929364
0.00198329543
0.0325976387
0.039864786
0.000719662232
0.217075467
0.991007984
0.334882915
0.00197290466
0.998472154
0.824599326
0.000436173432
0.561194599
0.0158440601
0.00332561089
0.243759453
0.862587988
0.0155049069
0.208346948
0.932763815
0.00131819013
0.999497056
0.000989687745
0.60275346
0.529277265
0.999595821
0.704002559
0.147701904
0.382762581
0.897590339
0.999545872
0.0190473571
0.00043482834
0.990207732
0.0770471916
0.976501882
0.886160791
0.98718226
0.977312446
0.0641817525
0.000681434409
0.67616868
0.993413627
0.00549408467
0.988640547
0.362152576
0.957961798
0.891656399
0.993199646
0.000919839367
0.988097608
0.336902887
0.0354028307
0.000675690535
0.00809418224
0.000655468262
0.999026775
0.561225533
0.999600947
0.665631235
0.018947022
0.982920587
0.00708725164
0.0920871198
0.988941848
0.997136354
0.0636133626
0.00245199096
0.107965492
0.998037875
0.980021656
0.998192847
0.140193522
0.999489427
0.484817535
0.49009487
0.998875082
0.576497972
0.991984785
0.974251688
0.00118459645
0.837433219
0.994276702
0.674276292
0.0541350879
0.00120641221
0.929215908
0.0432698093
0.837799549
0.234667122
0.954184592
0.0850797296
0.000660193269
0.997323573
0.0863490328
0.999654531
0.0264134258
0.999538422
0.999228597
0.00111326843
0.900267482
0.100921996
0.991978168
0.946372271
0.999286592
0.00328359171
0.848279059
0.989023805
0.000585056841
0.00098265789
0.988527298
0.10538771
0.133041561
0.745720029
0.843105316
0.946088493
0.999239802
0.114276275
0.985361516
0.765441656
0.615705132
0.163631096
0.916289747
0.0178767871
0.00205623126
0.977484882
0.496175915
0.140855581
0.728448153
0.0216349382
0.0211370643
0.297416598
0.999644518
0.0313475467
0.998725116
0.46485883
0.00238111801
0.99647814
0.317059755
0.998305798
0.293546587
0.00136484555
0.948381066
0.996043205
0.0528201759
0.0800848231
0.000947273802
0.662564158
0.998094857
0.996394932
0.967357278
0.99892801
0.900536597
0.990979075
0.534965754
0.00233314838
0.00829054788
0.00308544259
0.990491033
0.000510578568
0.703567207
0.109347701
0.992298305
0.695582807
0.857071161
0.00133092131
0.0451592952
0.999662519
0.970742166
0.601358891
0.986700416
0.994366825
0.00109054265
0.9994784
0.906989396
0.309938252
0.946936548
0.0767204762
0.997641563
0.988840163
0.903497338
0.00612891512
0.999424815
0.253864348
0.998602092
0.000813464692
0.00243973779
0.00386564899
0.00465342915
0.0553348251
0.966082335
0.0784474686
0.999137223
0.998201132
0.996069074
0.0181580745
0.89668417
0.692846894
0.00247935276
0.0409023128
0.630799532
0.5102911
0.00495778816
0.999146819
0.00393896038
0.92688024
0.971532822
0.843198657
0.995849967
0.734561145
0.994534254
0.00052792707
0.000693815004
0.905788124
0.773527861
0.918195665
0.9862293
0.208397612
0.902371705
0.49215287
0.884384692
0.0333992057
0.999329209
0.432199478
0.992422879
0.950727165
0.0376495346
0.00107707153
0.000874143618
0.275616229
0.4373357
0.00870053656
0.846390128
0.0474855378
0.970511019
0.976959586
0.996897459
0.999502778
0.00271094986
0.111912116
0.728380084
0.0524437204
0.369016349
0.0236501116
0.017407421
0.00157643191
0.0336794406
0.135450467
0.863661349
0.0175038483
0.997113824
0.00430010818
0.0594669096
0.776084483
0.0475814678
0.985369921
0.493062586
0.55862844
0.495038986
0.0446445011
0.000485823635
0.99919492
0.5217641
0.999428689
0.0103774425
0.0867738351
0.000752502528
0.479588151
0.997800767
0.921879351
0.384471804
0.642688453
0.996145844
0.248775139
0.997804821
0.974422455
0.985538602
0.104799166
0.169286266
0.754823625
0.00749857677
0.700895727
0.00108673295
0.517015517
0.985662997
0.0286239721
0.999600708
0.947168887
0.00224002916
0.999500394
0.154786736
0.991149187
0.0707888007
0.999109805
0.983364522
0.00804143399
0.536425412
0.500311613
0.000692059344
0.00299617578
0.0646853149
0.396494359
0.3344374
0.845556736
0.561706722
0.0599429905
0.859251857
0.0044964198
0.999610364
0.978733122
0.0387073085
0.0679873452
0.994793475
0.62654835
0.965770483
0.039039813
0.993643999
0.108488403
0.941635072
0.999537468
0.792363942
0.991406202
0.973536968
0.952965558
0.00051355199
0.399738103
0.999432147
0.989296973
0.988092303
0.775938094
0.971870422
0.791892707
0.0051080971
0.887395024
0.871666312
0.995758832
0.00355588668
0.947431087
0.000555619132
0.999232292
0.00194281712
0.00045398061
0.0482953116
0.00376926153
0.954696298
0.192482188
0.987866282
0.998804927
0.997439742
0.977542043
0.000907871465
0.00304659223
0.00917066261
0.0573670156
0.930579782
0.600520551
0.0483395308
0.00532988692
0.998633325
0.0742774084
0.0885549337
0.987280667
0.971661687
0.908291101
0.956603587
0.853363037
0.00721914601
0.0170284677
0.716950774
0.0121029736
0.999482751
0.0377544239
0.0330561139
0.00916137733
0.963729739
0.0508180857
0.0817240849
0.999031901
0.991220295
0.0259654671
0.00235228171
0.944062412
0.127316922
0.999539495
0.993904173
0.999306917
0.992414176
0.0338049866
0.0323607028
0.968515277
0.0788421407
0.284554183
0.0199007522
0.41708979
0.00843485631
0.649592102
0.999021411
0.958462775
0.00300750416
0.864224851
0.800478578
0.0159742925
0.938042283
0.621675014
0.900886476
0.000776340719
0.199858636
0.970047414
0.00167330191
0.987032533
0.00036432597
0.691179872
0.998957992
0.183999687
0.999052227
0.997658014
0.410760224
0.00809240248
0.999402761
0.0540992841
0.9116835
0.998538733
0.00140175398
0.766048849
0.637016058
0.972612083
0.999076724
0.998657227
0.0054919566
0.997797489
0.00555558316
0.99878794
0.999649167
0.1613677
0.481543988
0.99907589
0.999385476
0.998905778
0.997595251
0.000388928864
0.747889936
0.0018639554
0.99955982
0.0308580454
0.999600828
0.666591227
0.475668937
0.999104202
0.996377528
0.374802679
0.00728216954
0.00203007227
0.00449586287
0.341331005
0.0201585572
0.00655588321
0.977814615
0.99055028
0.747344553
0.98396045
0.00552967377
0.996659636
0.998260915
0.994684756
0.560819983
0.00134207471
0.937502563
0.0064097736
0.00317201926
0.0561270639
0.0174425412
0.021301724
0.0143202078
0.98304522
0.999300599
0.0403542854
0.97251159
0.000402654841
0.921212316
0.956240356
0.000905596651
0.00221916568
0.0434759296
0.180445209
0.510080516
0.998206735
0.962920725
0.0463377424
0.0021906849
0.998718023
0.0362847485
0.862238407
0.0110529633
0.00283492939
0.0038761436
0.981362343
0.844463825
0.206448063
0.687348425
0.385385603
0.645721078
0.932485521
0.0109282685
0.0172837581
0.983305395
0.997452676
0.00124164601
0.299006701
0.963039994
0.00116909365
0.736275554
0.000900309416
0.68187201
0.521934152
0.761918545
0.00367558096
0.0600799993
0.580655456
0.00214994745
0.00889283884
0.790900588
0.00143531617
0.541406393
0.992889643
0.321893573
0.55279386
0.333760768
0.000844254973
0.353898346
0.992686152
0.972681224
0.15911594
0.99371475
0.980788887
0.777815342
0.000691909634
0.0767364427
0.000929586007
0.999631643
0.999045432
0.00101111108
0.999033093
0.000557081483
0.18875365
0.986659884
0.985981226
0.999525785
0.911661506
0.218537584
0.999624014
0.132351428
0.997305751
0.998511136
0.120291613
0.949004948
0.930129468
0.652218223
0.921038806
0.0804919377
0.00579803018
0.644771755
0.613365352
0.974561691
0.0116935391
0.000354507152
0.000482409494
0.0381918736
0.941364884
0.670649767
0.625026286
0.994368732
0.0172964316
0.0786056817
0.0268674623
0.999087691
0.973412931
0.00203649676
0.992977917
0.21548906
0.986031055
0.997849941
0.000430700311
0.00898926798
0.00168273191
0.00057372899
0.827006459
0.962765753
0.00073040626
0.979136288
0.173108563
0.0140557028
0.0107324552
0.997040212
0.000826986157
0.51557833
0.033188995
0.993647754
0.975973547
0.0522752628
0.827310205
0.940504193
0.0536892563
0.0402420312
0.00330887293
0.928468525
0.0113927945
0.0394684747
0.000888863346
0.999236107
0.997706532
0.998621345
0.882455349
0.237797901
0.482490331
0.999477684
0.999146581
0.939430416
0.989777267
0.0521412678
0.207706511
0.00363857346
0.121677794
0.98322022
0.395631939
0.996276796
0.0396115407
0.965149879
0.992552638
0.998689234
0.730699658
0.999438584
0.714346349
0.00285872724
0.0160753299
0.00860634353
0.912718832
0.998837054
0.99614346
0.0014706545
0.973230422
0.00701758452
0.0240186062
0.941516697
0.838451743
0.997472346
0.00676377397
0.985037625
0.973113716
0.719424307
0.418315411
0.997299373