2.23082876
-0.99949944
-0.972663462
-0.988069177
3.78353953
2.82719183
6.27487326
-0.998651803
-0.713280499
-0.999459624
-0.988910913
0.0856846124
-0.999487102
-0.991921902
2.39815092
0.719063699
-0.988586426
1.42825091
4.9508872
-0.999627769
4.89310789
3.17023039
-0.922384799
-0.995963275
7.31540918
-0.926794648
-0.998520494
-0.998423457
5.55990982
1.65961647
4.91405249
3.67570853
0.579649448
7.56985235
-0.85679096
0.832650125
5.27047443
1.89631605
5.7873106
1.2376343
3.27314949
-0.999301672
-0.98713994
-0.965603232
-0.998797476
-0.986092746
-0.998311579
-0.971344829
2.17095113
-0.884984136
-0.87470752
-0.990418196
-0.975967646
6.98647356
2.36856627
1.74609613
-0.994813919
3.66602874
-0.995417714
-0.854664862
7.83237362
2.23999619
0.911195874
2.9538281
5.48563051
4.41599846
-0.986901164
-0.999439359
-0.947804093
-0.975672483
-0.990189254
7.08655548
6.02188206
-0.948447466
2.48701859
-0.811732173
6.63276148
-0.482305706
-0.976760864
-0.982646465
0.981890142
-0.977542579
1.35337579
6.36516619
-0.800030828
-0.988789082
7.96060181
0.1524207
-0.998563349
-0.999287069
-0.998061061
2.03913665
4.67326975
-0.71218586
-0.999073029
-0.849545002
7.93794203
0.465829521
7.53725386
5.77247524
-0.999596894
3.53154922
2.9073658
0.591525316
-0.976026297
2.25538874
-0.998001099
-0.647870421
-0.523086786
7.26105499
6.01364708
-0.97730875
0.00937780924
-0.994151473
6.60204554
5.92829704
-0.960239589
2.22319198
1.74352336
-0.996130288
4.2001729
0.630064487
4.45802355
0.485658765
-0.999661446
-0.940005541
-0.999541879
6.8655777
6.05954981
5.30664825
-0.954030335
-0.999152482
6.0481534
7.15119123
-0.998679221
-0.200806856
-0.998984754
4.16963482
4.25335073
-0.997382998
-0.32664454
0.796857476
-0.97669518
5.95892859
-0.707646847
-0.990060389
0.62873745
3.67889714
-0.991617262
-0.950833321
7.92238951
2.39804888
-0.628571391
0.281213462
-0.997674763
-0.987781942
-0.925027311
1.41293955
-0.98667568
-0.988627076
-0.998955369
2.09764743
-0.986923397
6.48672009
5.7541666
-0.998957634
-0.984882832
2.70364451
-0.989664912
-0.997213602
6.96822786
1.13668954
-0.354198813
4.55391073
4.91995192
-0.992940903
-0.998418093
-0.668186128
-0.705578268
-0.409983814
3.66521358
2.7738328
7.74664354
-0.998379946
-0.789455771
-0.92355305
5.78676081
-0.982073903
-0.992963612
-0.560528874
-0.713464737
-0.971081614
-0.981741011
6.7722497
-0.597438753
5.78158569
0.805204988
-0.999246359
7.98851967
5.37644148
7.50394011
6.82187176
5.5791316
-0.995199442
-0.205261409
-0.989745557
-0.794714868
-0.999142766
-0.855782151
7.76494169
-0.976640463
4.54512978
-0.51318258
-0.708256483
7.31708241
7.92676306
0.892293155
3.49453235
-0.996007144
-0.961329341
7.49935007
1.26688468
0.675123215
3.96760893
-0.999162734
1.34684145
0.0456061251
5.64351845
-0.995835185
7.37246227
-0.998791337
-0.993440211
1.5205617
2.80340075
-0.985545337
-0.99771595
6.24459696
-0.982760549
1.51230645
1.91010416
-0.725389421
1.33875668
0.364523441
6.95530033
-0.991189897
3.45906878
-0.984717131
-0.811267853
2.74704361
-0.959239721
-0.947195828
4.02983189
-0.998929143
-0.486975491
7.97527122
7.93754339
-0.998916805
-0.989842355
-0.976641476
6.93214989
6.09382677
6.06832409
-0.876011491
-0.995814145
5.33991909
3.25663877
1.78684425
7.79572916
2.46362114
-0.999619782
5.0736661
-0.95964098
2.61421943
7.02288008
-0.997123957
-0.997873187
-0.998140454
0.851578236
-0.973811328
1.67727721
3.48179507
-0.991282701
2.14780736
-0.97709173
-0.16764009
6.48538399
5.53765965
-0.998531103
-0.705591679
-0.971931756
-0.999644935
4.33790779
2.19381404
-0.977823377
3.85969448
0.826886714
-0.685574889
-0.999608397
-0.998881876
6.12970209
6.46285725
0.729444623
5.35352039
1.32015312
-0.996413231
-0.997422338
-0.953479707
6.38370371
4.737957
5.77124119
6.38279438
-0.990330458
-0.981821656
-0.998262465
4.48185968
6.14615536
-0.776414573
1.93058419
-0.996022701
6.8780961
5.83369112
7.61929655
4.97234774
6.10265923
-0.999501228
3.78503156
-0.931781054
6.89305401
4.83576202
5.8250246
4.97198915
-0.976033747
4.59799194
-0.998108685
5.95466852
5.73749208
-0.988216579
5.06538582
-0.47014308
-0.955707788
4.72552776
-0.987202048
-0.999510109
-0.992626965
-0.935931921
5.82964706
7.47022581
-0.970812082
2.26370788
-0.799139738
7.69839478
0.57945174
7.02779436
-0.997876167
7.52640963
-0.994159341
7.40054893
-0.976541877
-0.998099327
-0.649003804
3.65672088
-0.949266195
1.69934165
0.182768956
-0.840685189
1.22540867
-0.980246782
3.34056449
-0.999655306
6.80920267
0.615231931
3.51087999
3.87120128
2.73005605
-0.886102498
-0.998972297
2.62780285
-0.933914065
-0.949072361
5.56824446
3.51606822
-0.959027052
-0.952709496
-0.769086838
-0.790198565
-0.961975217
-0.997428834
-0.719969988
7.04581881
2.83708715
6.44488859
1.84823871
-0.958613575
0.76699543
-0.99966234
-0.966938317
-0.674303532
1.27975655
2.47529006
-0.428898871
-0.603644311
-0.989753067
-0.348853767
6.41889334
4.73639631
-0.994932652
-0.998697221
0.247232154
2.12705374
-0.928423464
5.0947752
4.01821041
2.76473069
-0.987793028
-0.991884053
-0.999504149
-0.983135104
-0.328216016
5.59580326
-0.998924255
-0.745624542
2.07624602
-0.992471337
3.14166808
-0.0860370994
-0.983365059
2.49692822
-0.999633431
4.0154314
4.32073879
-0.998153746
-0.698100448
-0.994404614
7.32745647
0.287324011
-0.999250829
-0.981917799
5.57338142
-0.501728833
4.82266569
2.68124366
7.80627918
1.52723706
7.20063353
6.262815
1.80243719
3.50838327
0.0764506385
5.28910685
0.765951216
6.35532951
3.89848709
-0.333162606
-0.978782654
-0.982475638
2.20258307
4.25301886
0.340797007
2.02797508
-0.972851694
-0.998841107
-0.967559576
-0.974075258
-0.944125473
0.642435551
-0.996929824
-0.986428976
3.1031971
3.30270624
-0.999062538
-0.772000134
0.681778252
-0.740140021
-0.990819275
-0.72132349
6.47741556
1.34527063
3.1283679
5.70771265
4.24951315
-0.852496505
-0.999631345
-0.906692922
4.05560207
5.6551671
7.2548852
-0.726282716
3.96025062
0.73811698
1.65204144
-0.988568485
-0.988770962
-0.64178592
-0.99946624
-0.927337289
2.86627007
-0.783666313
-0.995295703
-0.406523466
-0.997414827
1.95611143
-0.999483526
-0.816524804
1.03027177
-0.999482453
2.28399444
-0.997058392
-0.458181858
-0.999249995
-0.855480134
-0.990082324
-0.93736726
4.1796751
-0.855428457
4.03215694
5.31078863
-0.981006444
-0.998756111
-0.999542534
0.630704761
7.99852514
-0.909339607
2.4023056
4.49972868
2.4280746
4.06773138
7.19378757
-0.991854012
-0.999535203
-0.996158481
-0.997472346
2.71134162
1.02351332
-0.989029765
3.19143963
4.27036953
-0.995084584
1.71595991
3.96681046
-0.997903466
5.10881901
7.43553257
-0.998108566
-0.999494076
-0.95064342
2.8375566
7.33076525
-0.808626652
3.44023538
-0.998868346
3.04983068
2.03587842
-0.998287141
4.359694
5.60469198
1.60658586
-0.997672856
7.74150944
4.52216578
-0.913251281
-0.682078838
-0.873923421
0.0953726321
-0.92115736
5.59321022
5.15729475
-0.998184443
7.37260103
2.16936159
5.25931692
3.3169384
-0.643779635
3.7407248
7.44757986
-0.974743724
4.93118763
0.61076653
-0.232057154
-0.64328146
3.69641948
-0.975416303
5.62741041
5.29169607
-0.998657703
6.10609913
-0.983397245
-0.431449115
1.76530731
-0.855744779
-0.999469042
5.61524534
-0.993845463
-0.990009129
4.76531792
-0.922275007
6.08511972
3.21894002
-0.972115993
-0.999605358
7.1690011
-0.998680115
3.5211947
-0.167027354
4.13063431
3.04974937
2.33444643
-0.136583984
4.68692589
-0.998513222
-0.988373399
3.06859446
-0.95498246
1.30488932
-0.348079205
0.494750887
-0.696368098
3.93496704
-0.933285952
3.24567914
-0.974404454
-0.981268346
-0.997687697
-0.99269104
-0.99772805
0.573823452
4.19503355
-0.993510723
-0.989303589
-0.223394394
3.59335995
7.62571239
0.394189894
-0.968945801
-0.998324394
-0.992509484
-0.987225056
-0.994077146
-0.99957931
0.546161413
-0.972975671
7.58871889
0.853743494
3.15867829
-0.997469962
5.89537907
-0.135791183
5.96351576
1.18502748
-0.387158453
-0.614224315
-0.993591845
-0.999236763
7.05701733
-0.29976064
5.15385056
-0.795805216
-0.99890244
2.07113123
-0.999209046
-0.996349335
1.00543356
-0.956657946
7.90268993
-0.997767806
4.23109531
1.70108247
4.65185308
-0.987586915
0.361160576
-0.546957135
-0.600069284
5.7626667
7.84050035
-0.95557338
1.93643713
1.7540946
3.841429
7.16144323
-0.990678132
-0.990182579
2.56685019
-0.9958601
-0.994587183
-0.998885095
-0.999649882
-0.547035217
1.50097907
-0.964557767
-0.986382246
3.31129336
3.24780083
-0.520733654
2.99815869
6.78257656
4.60524845
2.00092816
2.57892871
6.93869543
-0.698135376
0.712998033
2.36215568
6.53458309
5.22609854
-0.998948395
-0.995229185
-0.953958452
3.98332357
1.1073128
-0.966028392
-0.997546732
3.01884794
3.19573903
7.08281994
0.00755483378
-0.0945076942
-0.9987849
-0.999365211
-0.66295588
-0.94174087
-0.981576204
-0.998553753
7.39057779
5.3753376
1.2031858
7.21258068
7.99315882
2.75650525
-0.974973559
-0.999361455
4.10030127
-0.376238286
2.4241519
6.65716457
-0.993879855
1.36527395
2.15655541
-0.123998225
-0.99855566
-0.912193775
-0.930544257
2.72213626
5.72372961
-0.934331894
3.09877872
-0.966241241
7.12309647
5.01705647
0.801545739
-0.514601707
-0.948579848
-0.940846503
7.52295542
-0.784155965
0.233540043
7.80990744
2.52256608
0.681497514
-0.75043577
-0.993253171
-0.890467107
4.10309029
2.00653982
4.15984869
-0.991288126
0.78751421
6.84276438
-0.628476262
3.17200041
-0.997659028
7.57034922
1.7419467
-0.984566927
-0.995771646
0.81342411
0.836022556
-0.998509526
7.87611437
6.60687828
-0.46034956
-0.997802734
5.314291
-0.0256570578
3.46565318
0.141952246
-0.973356247
5.35558319
7.68391418
-0.983432412
0.820241213
-0.844735265
6.74989033
0.131854266
6.06922007
5.82443094
-0.972125471
4.64009905
-0.743575573
6.94797421
0.123802811
5.12879181
-0.969025016
-0.960168839
1.39100361
7.98243713
-0.152745783
-0.996384323
0.617289245
-0.916090548
0.830678701
0.694881022
-0.510556459
-0.94224596
-0.993136644
3.15997481
1.14876223
-0.985920012
4.40871143
-0.999325573
3.91528249
3.28364611
4.98254251
-0.83841759
2.61902118
5.13196087
7.69309044
-0.072016716
-0.999393404
0.0366584025
1.44288683
5.915205
5.98704576
-0.615226567
0.4152174
-0.49799782
3.55910134
-0.763153315
2.47650123
-0.996034861
-0.386239469
7.50725794
-0.92445451
3.08327365
2.39738655
5.62824488
5.63746119
5.749475
-0.853370965
-0.946785331
3.49947882
4.15042877
5.95812845
-0.999404192
-0.998997509
2.09857631
6.73486567
7.95881462
3.94826198
-0.652314305
-0.99837935
2.1399653
5.96126795
-0.593894839
3.10401869
6.45478487
-0.999299824
4.73829556
-0.963341713
-0.865008354
-0.99655515
0.498661101
1.05484903
4.68031168
-0.994908929
-0.998813212
5.93343353
1.91536593
-0.984183848
6.60526419
-0.99668771
-0.462916315
-0.980480909
-0.980054915
-0.999610126
4.8741293
6.41935062
2.84177423
-0.995798826
-0.606361985
-0.915495455
1.40114725
2.22301912
-0.702117741
-0.981655538
5.52486277
-0.991872728
-0.841960132
-0.235605359
-0.985074878
1.15076303
1.19699085
7.88307285
-0.96223253
7.64711189
2.53167701
-0.972902477
1.05486429
2.97279191
3.91470146
-0.999264717
1.70250392
-0.0510160327
6.46648455
-0.967316806
4.78176212
1.71303999
-0.905849874
2.18588614
1.93425858
2.84423137
3.53485394
2.54690456
5.41339397
2.05196977
6.45445919
2.34144974
-0.952974916
-0.612030625
1.27318084
3.71775627
-0.998581111
-0.962305188
3.95969391
-0.994426668
-0.997220397
0.630524158
7.54383326
0.493637979
6.6157918
5.28756189
-0.97952354
5.19503689
-0.252061665
4.90381575
3.94494963
-0.924268126
-0.997882009
7.40629292
-0.996810496
7.46400356
5.76224947
3.58746743
7.67907572
7.47631598
4.87340212
-0.883235872
4.65091133
-0.99958086
0.585156918
-0.514911294
2.76525402
2.75745273
1.35296142
5.15867662
7.0446701
-0.998101056
-0.985861421
-0.999499381
6.14775753
0.982518137
6.64409447
-0.988415956
-0.999077618
5.18168545
6.55020237
-0.957784057
-0.769445121
-0.996860087
7.1401844
-0.95628947
-0.11130935
-0.998411417
6.19614887
-0.997060061
-0.523696423
2.72777939
3.89024186
7.13558531
-0.725820422
3.87630415
-0.996024609
-0.743812978
-0.99836427
-0.156712592
-0.770108044
7.22434425
-0.999433815
-0.874005914
-0.595810175
7.20888281
5.68720293
-0.998355508
2.97088432
0.711453795
7.64548063
-0.89577657
-0.804024518
-0.993008494
-0.997631371
5.56853104
-0.515443921
2.60429978
2.26727152
1.55433536
-0.999527872
4.58871365
-0.983475268
-0.997484326
1.03324759
-0.99899447
4.24251795
-0.990771711
-0.989377499
5.9151268
-0.93562609
-0.996444046
6.40849638
-0.999648988
5.73449802
-0.996603429
-0.997315109
-0.981491625
-0.994527638
2.57692218
-0.999493241
-0.999574482
4.63975477
-0.984900534
-0.9403736
-0.994549572
-0.999224186
3.86748886
0.417368412
3.93064451
-0.316182733
4.44827271
0.211807325
-0.998079419
0.0614190362
7.12665033
-0.999328613
4.53163195
5.87169456
0.343219429
-0.488966227
7.42441893
-0.999112248
-0.285583794
-0.792811036
2.97756004
-0.144182742
6.55521345
-0.998912811
-0.998778105
1.73275876
-0.999040484
-0.972669303
2.12922764
0.773702919
-0.939009249
7.9140439
0.488909394
-0.523150027
1.68682861
-0.998360157
3.2284708
5.64468384
2.41466665
4.30340385
3.53343868
-0.98953408
-0.539352119
-0.987016857
-0.924005508
-0.524799109
-0.739242792
-0.998464108
-0.690183759
2.64172578
-0.86616981
-0.996142685
6.76776075
-0.999017954
5.30835009
-0.99850899
-0.998427331
3.82073593
4.98830843
0.901931763
1.38344133
0.985382617
-0.934497356
-0.997628629
-0.903906226
2.64544821
4.00454807
5.88947439
3.53697085
7.49437809
1.60656142
-0.906860888
1.24669635
-0.989909708
2.50778079
-0.987870097
-0.99810493
5.52597475
-0.879851043
4.2016902
1.18560004
4.91554213
5.5224824
7.59274578
5.09482956
1.81717253
2.28318667
-0.999489427
6.86534882
5.2713728
-0.975786269
-0.993984044
3.24318027
-0.952935934
-0.922911823
-0.999630094
5.91780329
1.06113756
-0.795553803
-0.996752918
2.13075209
-0.999452114
3.93778825
-0.989515662
-0.722706914
-0.921579063
-0.874963641
3.54553556
4.42936993
1.08149695
-0.998693883
-0.999221563
-0.995836675
1.8854109
2.78349948
-0.973913968
2.59101915
-0.204999685
-0.604376793
-0.973466039
4.07909012
-0.997927308
-0.674170792
-0.96882242
2.85578012
-0.192551494
2.6741209
-0.999306202
-0.812838912
1.5891993
-0.999620616
-0.958301485
-0.990149736
-0.996985257
-0.979993284
-0.936074853
-0.999620378
3.95222592
-0.99442178
-0.852905631
3.25874019
0.00419754488
5.33366728
4.89920282
-0.99893713
5.78822994
-0.999339938
-0.999547243
6.73859882
5.7937603
1.21214652
1.17439485
3.35198331
-0.732034445
-0.997881889
-0.999531627
-0.939415097
4.82115459
1.89000416
5.31241465
6.71631622
-0.998625875
5.51174974
-0.983541906
1.42194057
0.383400679
-0.811325669
-0.951954484
-0.923294902
-0.930810213
-0.995057464
0.167732552
-0.997920394
0.159233004
6.49476385
-0.910184324
3.63806558
5.10317755
5.04059219
-0.985296905
-0.996506631
-0.992121756
1.63838375
4.16344452
2.48814416
-0.994290709
4.36556959
-0.0898333788
4.07113314
4.15803432
-0.558472931
6.78646803
1.03186858
2.16477299
1.99234843
5.82795
2.03547859
-0.996245027
-0.998999655
-0.603338122
-0.957356215
-0.972818553
-0.999175906
0.117390163
-0.951851964
-0.536698937
-0.999166429
5.30714607
-0.998854935
5.82800055
5.68469381
1.84013426
0.113085076
-0.449326694
0.869061947
4.66908455
6.33402824
-0.552581429
4.95705462
2.42939925
-0.942477107
-0.32289952
-0.996250808
-0.999097228
-0.998242676
6.38602924
-0.918324053
3.42904878
0.0727840215
-0.994694769
-0.982333779
-0.630597234
-0.620633006
0.363968551
-0.995746732
-0.869236946
-0.968997955
-0.767691612
-0.924688756
1.56617379
4.62763071
2.35688567
-0.999036968
-0.998478293
2.85406947
-0.968369961
3.57973838
2.50502539
6.50148296
5.97247458
-0.930484653
1.32383227
-0.996776044
-0.909541786
7.48314428
3.17567945
-0.822480083
1.52065969
7.00803518
-0.952484071
-0.86097908
4.66659117
5.01095676
2.72186232
5.26334333
3.82039475
2.96663094
0.422293425
2.33639717
-0.706388593
-0.890381634
-0.889023542
-0.993998766
-0.989672244
7.16269207
-0.197212458
-0.987415791
-0.996969283
-0.998846948
5.51085424
-0.998307824
4.33399534
5.36191702
6.13891459
-0.999386311
-0.926595509
4.26092148
-0.997269332
-0.860888839
-0.995501637
5.30152082
4.33756495
4.94469929
-0.995258391
-0.631098509
-0.75979495
2.82180667
-0.984997153
-0.590500951
-0.967972279
3.9765842
-0.558312476
0.544178367
-0.952570617
4.93798208
-0.390886307
5.3618145
-0.8793118
7.15408278
7.75103664
-0.458341956
-0.969549477
-0.848934412
0.439356625
7.46029043
5.07026005
4.82014751
-0.996928632
-0.981683433
2.25886464
5.98587132
0.872651935
-0.998268127
5.53427649
5.61865664
-0.967902958
4.20986938
-0.973625004
6.48489952
-0.996455729
-0.632282078
7.14261198
-0.988290906
-0.542487979
-0.909882307
-0.99948597
-0.999213457
0.0321138352
-0.985411942
7.91240549
-0.864853621
-0.999473333
6.8932147
5.42682076
2.39937091
4.6620903
-0.996967614
-0.966956496
5.27618551
3.13715172
-0.996909201
3.28857875
-0.560613751
-0.99963516
-0.998808324
-0.979863405
5.35940981
0.780867934
3.63575649
0.444344103
-0.998012781
-0.966303945
-0.95848
-0.999279797
-0.72273767
4.7023859
-0.49650532
-0.998023212
6.48235035
1.54782474
-0.999563634
0.246011689
-0.983900845
-0.996663272
-0.677669406
1.83695328
-0.984250903
-0.73682034
2.62994075
-0.998680055
7.59447193
-0.999009311
0.41695112
0.117243148
7.81330395
0.866431236
-0.826701581
-0.379877806
2.17073274
7.69663095
-0.980582774
-0.999565005
4.61632013
-0.916520953
3.72705626
2.05211139
4.3440218
3.76299167
-0.931416452
-0.999318123
0.736219943
5.01614189
-0.994475543
4.46628141
-0.432227015
3.12622809
2.10777354
4.98396301
-0.999079287
4.4190464
-0.491925299
-0.963297784
-0.999323845
-0.991839767
-0.99934411
6.93393564
0.246137425
7.82596302
0.688491166
-0.980687082
4.05265474
-0.992862165
-0.898572743
4.49346495
5.85277224
-0.93206507
-0.997541964
-0.878967106
6.23178434
3.89292336
6.31419992
-0.83694762
7.57957745
-0.0589399934
-0.0388509035
6.78896761
0.308413655
4.81836939
3.63330126
-0.998813987
1.63925278
5.15746069
0.727590382
-0.942766547
-0.998792112
2.57470751
-0.954773247
1.64194608
-0.693378985
3.036237
-0.907008588
-0.999339342
5.92059469
-0.90549016
7.97040939
-0.972869992
7.68043661
7.16647005
-0.998885512
2.20020056
-0.887749493
4.8175354
2.87056971
7.24463034
-0.996705592
1.72116649
4.50099134
-0.999414623
-0.999016404
4.4562459
-0.88219732
-0.84654218
1.07591426
1.68151724
2.86499286
7.18117666
-0.870979786
4.20935154
1.18274844
0.471358091
-0.804355323
2.39297175
-0.981797814
-0.997939527
3.77079773
-0.0151801705
-0.836051345
0.986763358
-0.977886617
-0.978406489
-0.576681435
7.9418416
-0.967638016
6.66366243
-0.131334305
-0.997613192
5.64522076
-0.535742998
6.37886429
-0.584478498
-0.998633265
2.91086817
5.52833939
-0.944234252
-0.912943244
-0.999051809
0.674741805
6.26130676
5.62179279
3.38894558
6.8371911
2.20320034
4.69914198
0.140091926
-0.997661412
-0.991640151
-0.996905029
4.64596891
-0.999489188
0.864342988
-0.877227426
4.85858774
0.826350927
1.79117382
-0.9986673
-0.952704906
7.99352074
3.5019145
0.411130488
4.306633
5.17343044
-0.998908281
7.5580759
2.27741742
-0.550854325
2.88174391
-0.91690439
6.04736233
4.48420668
2.23670292
-0.993833303
7.46023369
-0.659761071
6.57139635
-0.99918586
-0.997554302
-0.99611932
-0.99532479
-0.941423893
3.34931421
-0.914874673
7.05446482
6.31881475
5.53493929
-0.981506109
2.16091347
0.813462675
-0.997514486
-0.957353354
0.535648465
0.0411703177
-0.995017529
7.06571198
-0.99604547
2.53972602
3.53012419
1.68222249
5.48048019
1.01788855
5.20378017
-0.999471784
-0.999305725
2.26325965
1.22833967
2.41807961
4.27134418
-0.736739516
2.22385907
-0.0309035182
2.0346241
-0.96544677
7.30640268
-0.238818169
4.87501049
2.95985341
-0.960877538
-0.998921752
-0.999125063
-0.619516313
-0.222741246
-0.991223097
1.70656419
-0.950147152
3.49380612
3.74719596
5.77243805
7.60598612
-0.997281671
-0.873985291
0.986419439
-0.94465369
-0.415172875
-0.97577703
-0.982284188
-0.998421073
-0.96514672
-0.843328297
1.84603906
-0.982184291
5.84492016
-0.995681345
-0.936773181
1.24299264
-0.950041413
4.20994186
-0.0273698568
0.235597432
-0.0196490884
-0.953269243
-0.999513924
7.12372494
0.087111406
7.46698618
-0.989513755
-0.904981017
-0.999246955
-0.0784448981
6.11743164
2.46816063
-0.375379086
0.587051988
5.55475807
-0.668840647
6.11929178
3.64012909
4.2217083
-0.882932246
-0.796215892
1.12450635
-0.992444754
0.851566851
-0.998912096
0.0680884644
4.23046589
-0.970532537
7.82545137
2.88637829
-0.997754931
7.60132504
-0.816866636
4.71835566
-0.923818409
7.02317715
4.07944298
-0.991893351
0.145960256
0.0012464571
-0.999307454
-0.996994793
-0.930841088
-0.343014657
-0.497511744
1.70016837
0.248091713
-0.936234713
1.8090899
-0.995483279
7.84985161
3.82910967
-0.959734082
-0.927053213
5.25263023
0.517437279
3.33983684
-0.959374189
5.05198145
-0.878309608
2.78090239
7.67836857
1.33923423
4.74807692
3.60518742
3.00869846
-0.999486208
-0.334060609
7.47313118
4.52646399
4.41859245
1.24215031
3.54240179
1.33637238
-0.994865656
2.06440377
1.91577291
5.45867395
-0.99643141
2.89163041
-0.999444067
7.17128277
-0.998053372
-0.999545813
-0.949253917
-0.996216476
3.04800415
-0.761637211
4.39955664
6.72833538
5.96508312
3.77339625
-0.999091327
-0.99694407
-0.990744472
-0.93914175
2.59562874
0.407634437
-0.949205041
-0.994641542
6.59398651
-0.91976279
-0.90284121
4.35183668
3.5347929
2.29294562
3.09301305
1.76122522
-0.992728353
-0.982676566
0.929386437
-0.987748742
7.56656981
-0.960764229
-0.965813816
-0.990753889
3.2798121
-0.946461201
-0.911002696
6.93920612
4.72648573
-0.973342359
-0.997642159
2.82595587
-0.854108632
7.68256855
5.09403944
7.27374172
4.87385321
-0.965012252
-0.966557086
3.42626071
-0.914409757
-0.602270126
-0.979695141
-0.284470022
-0.991493404
0.617246807
6.92838287
3.13874078
-0.996983409
1.85083258
1.38928795
-0.983766377
2.71734333
0.496663839
2.20711327
-0.999223053
-0.750220835
3.47772884
-0.998323917
4.33225679
-0.999635518
0.805641055
6.86559486
-0.774510264
6.96051359
6.05439377
-0.302898049
-0.991841555
7.42262459
-0.942806602
2.3343668
6.52699137
-0.998596251
1.18613362
0.562436402
3.56988287
6.98671007
6.61167574
-0.994477689
6.11591959
-0.994413376
6.7141571
7.95474863
-0.807582319
-0.0711960793
6.98573971
7.3941021
6.81663513
6.02789068
-0.999610901
1.08738995
-0.998132586
7.72790241
-0.968159437
7.82559156
0.692807734
-0.0928081274
7.01696825
5.61695576
-0.400505006
-0.992664397
-0.997965813
-0.995483816
-0.481786728
-0.979426742
-0.993400872
3.78588629
4.65228271
1.0844996
4.11652422
-0.994439602
5.69834423
6.35268402
5.23183727
0.244490549
-0.998656094
2.70809364
-0.99354887
-0.996817887
-0.940535367
-0.982247829
-0.978234649
-0.985471725
4.06010628
7.26455736
-0.957948744
3.56612039
-0.999597192
2.45893383
3.08429742
-0.999093592
-0.997775912
-0.954548001
-0.77982533
0.0403275415
6.32189369
3.25691247
-0.95141077
-0.997804523
6.6580863
-0.962349117
1.83400714
-0.988823533
-0.997157037
-0.99610877
3.96375728
1.69182312
-0.739843011
0.787752151
-0.372963607
0.600283027
2.62551093
-0.988950968
-0.982412279
4.07583284
5.97016096
-0.998756826
-0.57345289
3.26025796
-0.998829544
1.02669954
-0.999098897
0.762387991
0.0877928957
1.16322684
-0.99631083
-0.936079681
0.325464666
-0.997845411
-0.991027355
1.3303628
-0.998562634
0.166005671
4.93907356
-0.525305152
0.211965486
-0.499037683
-0.999155045
-0.452255905
4.91064548
3.57248139
-0.810775399
5.0632515
3.93287182
1.25298023
-0.999307632
-0.916885674
-0.999069571
7.90597868
6.95332479
-0.998987854
6.94040918
-0.999442637
-0.767328858
4.3035531
4.25324297
7.65333271
2.33409309
-0.720347941
7.88570547
-0.847459674
5.91392469
6.50827694
-0.863259673
2.92368555
2.58868051
0.628804207
2.45654559
-0.912461936
-0.994168162
0.596135795
0.461480647
3.64573026
-0.98816812
-0.999645352
-0.999517381
-0.960291564
2.77599764
0.711125433
0.51093775
5.17376709
-0.982399106
-0.914688349
-0.972390771
6.99856567
3.60038304
-0.997959375
4.9516511
-0.725320518
4.25685549
6.14010572
-0.999569118
-0.990929186
-0.99831444
-0.999425948
1.56455839
3.25258017
-0.999269068
3.84865737
-0.790651381
-0.98574394
-0.98915112
5.81968403
-0.99917233
0.0623335838
-0.965671659
5.05257988
3.70427966
-0.944841325
1.56668282
2.76051044
-0.943264663
-0.958070636
-0.99668014
2.56339884
-0.988475919
-0.95890975
-0.999110341
7.17632389
6.07542229
6.58524275
2.01589012
-0.688012004
-0.067669034
7.55664396
7.06538248
2.74148035
4.57287359
-0.944990456
-0.737841487
-0.996348143
-0.861465693
4.07065773
-0.345378995
5.58945513
-0.958754659
3.32122874
4.89241838
6.63585901
0.998175204
7.48457909
0.916588128
-0.997133076
-0.983662009
-0.991318941
2.34729362
6.75561762
5.55413437
-0.998527169
3.59335542
-0.992932796
-0.975390315
2.77875066
1.64675272
5.97792721
-0.993190169
4.18714285
3.58888388
0.941607594
-0.280855298
5.91158152