0.6368104297307471
-0.16273585013109892
0.07102882395785937
0.7337880274111246
-0.05035122375616008
0.7633077388352456
-0.04747543783706276
-0.8420899004518336
0.8055544026783081
0.4286113982607198
0.0042029406312096285
0.8009101229431836
0.6009006734413713
0.3550697711520605
0.24054622869860598
-0.7594362504891334
0.5143775112783868
-0.6542420543870111
0.9687359804982658
0.9443297566755138
0.6169214426387262
-0.7476280027229205
-0.15325020136880108
0.9765598726738314
-0.1292135089349855
0.9945384535575512
0.25445242446479566
0.6682162373520084
-0.4842272800244469
0.8216089714631885
0.8283478737971732
-0.8659760939027752
-0.22380169397049854
-0.20529001128592816
-0.3477463892605279
-0.44759836018550136
-0.08368563775476967
0.7469325067455141
0.5731012776555435
0.2461158571776163
0.04512402089961842
-0.16081233154954266
-0.1711152024620426
-0.7036005174131108
0.175868266562776
0.5167547757153459
0.8792999699742197
0.849856333518547
0.12536751895464504
-0.7980191143491027
-0.4278142919022552
0.07126696229183338
-0.3122616428450711
-0.17821992540155907
-0.23391305424589426
-0.028830415427338663
0.2179243039048704
-0.9250686590045731
-0.44917171593049243
-0.7122946587466525
0.21731052817125396
0.3873225063341841
-0.9224349350364098
0.779148427828515
-0.3370118485314586
-0.5248414121673857
0.49149963967827226
0.8416699658123306
0.7940627242988452
-0.9595342228134562
0.6347718506105551
-0.39389009310380674
-0.43930669363071684
-0.01676157328136596
0.39236568934994964
-0.8035652194545175
0.7378000501983972
-0.731228958063119
0.9484388492066209
-0.11377877333714226
0.6516466635595011
-0.46116003798247274
-0.16645454458923448
0.2911096228552885
-0.6241286182147772
-0.5772189957882048
0.6479388685102814
0.48188959784001595
0.5189865904525133
0.7343779411004514
0.6420347847969206
0.03053940521911369
-0.6820551147219991
-0.3777538134221823
0.013590550473110863
-0.7287003579658804
0.7025906819743843
0.758665182719712
-0.9421036813596286
-0.6144731063368836
0.6658598661531026
0.67395335521739
-0.5010194773514414
-0.08710266574383874
0.8360621386822324
0.40926789044007306
-0.45204500305128215
0.6470125833782323
0.010252749874327671
0.270819618151688
-0.7522542822186
-0.9388736152360129
-0.25506647692938555
0.1880871869043026
-0.6448326116722767
0.7409615438369257
0.17376049684485362
-0.3004801967106909
-0.6729727709642983
0.7889838406243908
0.4979222689698666
0.37770107523190855
-0.42986124713047613
-0.22686865851803062
-0.674185188802759
0.1445161220406015
0.9298352184045102
0.7142223748766046
0.29475978352296406
0.3553904921819415
-0.4618328414620858
-0.18098560700891575
-0.9598952850009512
0.5606073285212867
0.5351454568237026
-0.9822040278599085
0.8230308761047436
0.29474310835004824
0.20228390098906757
-0.9830725457702574
-0.49521911727869705
0.6101711383909727
-0.38908060323088645
0.9340488867367533
0.2854806225803279
-0.15238639868076187
-0.24704909545799847
-0.30258160145583735
-0.4960025814442479
-0.06660396900556864
0.3543923127746267
0.6486216429413272
-0.20569492005575962
-0.7953757940627997
0.02302743493660353
0.32471090505250455
0.6865679001715543
-0.25154047367785703
0.2946842401291807
0.21810020927603357
-0.4030481474934051
-0.7837909388283131
-0.8723258922057802
0.9767219316435343
0.2811894912293116
0.7229832005036612
-0.4777061841470063
0.42218755114358353
0.7847475953618654
-0.4024177761620271
-0.700141407291687
0.5309487766072463
0.7993740894909898
0.6108596452670596
0.6047274889056231
0.20006660229114326
0.3210606473622579
0.3615115007747636
0.44256639518522123
0.3108011409248832
0.9949381991565918
-0.48114745457602215
-0.16286862783731682
-0.2234501579890833
-0.9293619903471515
0.4161379187517422
0.14408486807368237
-0.6201696791772986
0.45309975316180706
-0.5552736120474622
0.06927020308842624
0.569794110592234
0.8130530110101095
0.3437369519248177
0.014629711213630658
0.6908384884891905
0.6812773891927999
0.752989568684221
-0.6377282843919985
-0.8047938723745813
-0.7441117206078933
-0.4826962988795842
0.6166877382849403
0.525836436638605
-0.6338632859748099
0.3594247385798566
-0.3287350735897625
-0.8214003559611216
-0.2894332077603352
0.4884198586856161
-0.38582945733558294
0.5761808736151985
-0.33736572605844706
-0.47888152918859284
-0.4118977566993145
0.7024277764228204
-0.05892686465863961
0.7327867393850793
0.16714923948516103
0.888601968000154
-0.8575685251918483
0.7788521229407757
0.0009547489854087043
0.73499550939646
-0.2366615603888258
-0.40328849236507347
-0.8918760587148498
0.7084795408066875
-0.7252694816537522
-0.599406818409713
-0.18161630649579186
0.13880717594690783
0.8132418690122551
-0.08485713387691751
-0.3672330847025822
0.4313369122200721
0.557882354867629
-0.0248383085037851
0.2620655445253903
-0.6463514668730785
0.268997938305342
-0.9905729971520123
-0.4529442755970008
0.5223865624299984
-0.6627884868341847
0.5289674722915159
-0.02084581873996716
0.5271383342109985
-0.8239173124819108
0.22895947745012357
0.26697508140518833
-0.19321303920409916
0.9306556802600663
-0.23336715989307866
-0.924549363050124
-0.6011714975437661
-0.25379718914525795
-0.9718457625507357
-0.3555737323038619
0.666457333133128
-0.6188465801191909
0.3534962833542201
0.25337385734324513
-0.5023537542482361
0.3870494943407943
-0.3113004518733582
-0.7421383991433945
-0.23289904738461265
0.17734137633614377
-0.6659596254633813
0.6476876593488208
-0.4035954930117225
-0.4183444163810268
0.4556638228936256
0.19273983723100474
-0.3243296975841341
0.7759480876740834
0.9909448196558568
-0.31453432148488014
0.802767552289049
-0.28149822726673523
-0.6231479322182611
0.8961687074138853
0.8364108176828668
-0.1932167109977494
-0.543163430328349
0.45433765627264266
-0.7375884471656349
0.4681532386230418
0.17938566959848323
-0.6620305162197058
-0.266817097200303
0.30108076024244945
-0.9252731446148095
0.7530882751989525
-0.48842165214941424
0.0694668683876809
-0.9028260768365255
0.9893604673141296
0.3239398316757893
0.30713523680150523
-0.9605164669717097
0.3794994967548522
-0.16644886964091232
-0.23949247414477082
0.09456476945785108
-0.0512073233445256
-0.6937458037511273
0.3903840584418181
0.26062268032587377
-0.39776709048641545
0.3233291521814441
0.32496593177779354
-0.4600457009256218
0.2112686738480083
-0.7256729540403821
0.6613054409417796
-0.7901715261998061
0.4375324490323358
-0.7645308631255214
-0.7719748946315041
-0.78747258338721
-0.6027066765874356
-0.600501227707283
-0.47401216877253627
0.046292215185161245
-0.5966536200356212
0.4068735004925166
-0.4092975979987741
-0.9211885847428627
-0.007290573263814659
-0.58461203145677
0.8662486893037549
-0.33879276760659716
-0.9945240018852146
0.3432662649304097
0.8137600885395841
0.6704643305264824
0.3380438610032801
-0.7017110146664678
-0.819834652848151
0.023410693929317716
0.44712723379695785
-0.7974190428140853
-0.48821579449867025
-0.5376794270165082
0.9773318615152082
-0.4079556425791231
-0.07144528552770324
-0.8003821698847651
-0.6505963821092182
-0.9211109600626128
-0.4188656455246411
0.6031922053808947
-0.37458578607447146
0.47708039158435245
-0.8100030593388394
0.5164080096824766
-0.9082218258131696
0.7039974501489763
0.3267100549816879
-0.6589754472872493
-0.28494519152451137
-0.12457096643613053
0.2436140666650144
0.7569510747949473
-0.8140973691251554
0.6299285790729927
-0.6342611593927145
-0.19844497143849416
0.9246198602995079
-0.45633381849961974
-0.2285690204813715
0.701343156073168
0.5997981938979002
0.29769296774452747
0.5938191140708138
-0.7738868872447078
0.3923397470475898
-0.8827072086696452
0.8849339759998001
-0.6812092050356702
-0.1679445667382069
0.18150060598067697
0.6045295680901919
0.356786272498411
-0.6374788789253958
-0.24049844176822477
-0.2828021703458068
-0.9423675408575569
0.36892826676294566
0.6770729530942234
0.9468891604507386
-0.7386893409031683
0.8407959712762054
-0.7741250412524652
-0.17743147252965152
-0.90805534924066
-0.47677426554302027
-0.3715241102522582
0.4091363529612462
0.35585784204032866
0.5350574365798206
0.15329801624675898
0.1300244513747828
0.955791115101597
0.33968871642863085
-0.32339871646315355
0.046206350449347955
0.4011603685951086
-0.8095157230966106
0.323426525691926
-0.5028460102985848
-0.30850102508499266
0.3525911367148824
-0.2302467651865714
0.6780660424595746
0.11668847340437583
0.9755832495229544
-0.8908677695446483
0.2867974331136258
-0.6861452533965176
0.6976911495520015
0.7037423028921324
0.7388312692255359
-0.8502695150460304
-0.01670407771119753
-0.5182163666055377
0.9402900975668003
-0.8992985709469121
-0.554586953662402
0.28663462964650366
-0.1934460130765543
-0.5300000000174256
-0.08181081050352956
0.6025225754534442
-0.10380282866925228
0.7131784483560344
-0.10586376017240395
-0.7625862958927343
-0.00525330386699796
0.30674600627674353
-0.7947133570396951
-0.1753229046489011
0.11426202280966624
-0.9996605690433271
-0.8182089061769355
0.20840655212359493
0.2381323074927646
-0.3908040837927029
0.016675480638929763
-0.5862975023002033
0.3429487415583121
0.9007102599867314
-0.27331504486037805
-0.8914495733888643
-0.5541637712073708
-0.09108003479283133
0.12030169021213633
0.2395159393541686
-0.053732637812822226
0.31433441286227914
0.4318270005663105
-0.7719532832885234
0.5186399021582342
-0.55650578435962
-0.3172857708463226
0.6597677712688024
0.92886736690868
-0.416032872383437
0.04397017320827179
0.40419210651997073
-0.9084437802899314
-0.6716892645892183
-0.7191016253555023
0.4337122252957655
0.4431181909026318
-0.786076988960962
0.2217035322773675
-0.6249131989367933
0.8604325183062906
-0.2142070201696531
-0.08590798341402217
0.5628408072975093
0.43357582893868596
-0.784468505425016
-0.1710593097433395
0.8532530610746214
0.67493247497293
0.17762221579580273
0.5442903472744576
-0.09899080608207189
0.3169133900004053
0.912380643251502
-0.7307279711387344
-0.002342715794777517
0.06072869503816847
-0.9028567887361896
0.8706165616633053
0.677632221357833
-0.034136072928147465
0.016665798143766564
0.8423246280876022
-0.6455951229957089
0.15710877140835322
0.46098932348555555
-0.7432364358968444
-0.22518884155866803
0.20109204361082256
0.765391727117356
0.00822023870632882
-0.2306747225125918