-3.05256295
0.969899118
-1.71927822
-1.94932437
-2.39851761
3.22544694
1.82466531
3.06357574
1.3454231
1.05631447
2.4829421
3.52476668
3.51223636
-0.339774817
-3.80417228
-2.33922648
0.553421259
0.418233752
-3.94675398
2.13987398
2.63083291
5.15325546
-3.66523981
0.957982719
1.96156216
3.11599994
-0.920781136
0.424055815
0.225702345
6.64098406
-2.2155757
4.33370447
-0.633196414
1.00516105
-2.27108741
2.93639112
2.94327998
-2.99000168
3.41307354
-3.11556458
-1.34347415
-5.31925583
-2.84278488
0.81164515
-1.50923562
2.14181328
-5.99852371
3.73682928
2.26378393
-0.917786717
-0.104269005
-0.76697737
-5.44470215
-1.76600015
-0.0659199953
4.30433416
0.61875844
-1.12404609
2.04219866
-2.28100872
0.982921183
-2.0501101
-1.54183292
-0.674287677
1.90908468
-1.43230975
1.32948911
2.97311854
-3.96597552
-1.09403634
2.15812421
-5.86030626
3.45236826
-4.1409359
-2.24849439
-3.51747274
4.17470121
0.983243763
2.90535474
3.78548431
0.659020662
0.274077892
3.5511446
-1.23319614
0.980363905
-1.17060804
-3.34663796
-0.0122844893
-2.89753246
0.292746067
0.502692521
2.77270222
3.2021811
-2.48826361
4.9755106
-0.60942924
5.98615122
-3.88422155
1.83267522
-3.94829226
0.573780775
-0.0461375415
1.51981902
1.6439029
3.74404311
-0.396959603
-2.60464716
0.935263932
-0.191102296
-0.450049371
-2.39582133
1.00626063
-0.198148414
1.47810328
0.116610825
-5.15659332
0.417035758
0.994219363
2.34001851
0.582123578
-2.8605895
-0.260347605
0.428911507
-2.98995829
-6.17252159
1.52797604
-6.20911264
-1.81265092
0.903669596
2.00620866
2.53231287
-0.169864774
-0.210144371
-3.13052607
3.82981563
3.77918577
-3.95071673
-3.68397737
-0.639287472
-3.34502792
3.70834136
2.64862561
2.34282684
-1.83158588
-0.511575878
-2.2468164
0.254157037
-1.36452675
1.93696368
-1.90314472
0.53630662
6.60384798
-1.75734615
2.41062927
1.37441516
-0.571925879
1.89235282
-0.972285628
-2.22392678
1.76153302
-2.4473362
-2.46753359
1.84635568
5.62450933
1.07464826
-0.749071658
0.826310992
5.31631279
1.24721229
3.78780127
-2.46699357
0.930339456
-2.78903985
2.49019265
-2.48795176
-0.510786772
3.26597404
0.668536425
6.42942619
1.15669417
-0.972510219
-1.13205183
4.53691912
1.44382989
2.68749785
0.572461963
-0.882994235
4.19186544
-3.33306336
-2.67731571
2.43591332
-3.50469732
-0.0320348069
-0.993419468
-1.52448845
0.810698271
-1.63805366
2.87835598
2.8399229
-0.720649004
0.939191997
-2.57074451
-0.608607888
-4.75958776
0.59156549
-2.20463419
1.96999371
-1.75452602
-3.54200315
1.76357269
-2.21581984
0.130085841
-1.70914674
-2.381531
-1.13917303
1.29736876
-0.745490074
0.490158468
6.61553526
-1.54146409
1.10342479
3.43279147
-2.58175111
-2.8400507
-0.260995865
4.81998348
0.00319600152
-1.85875225
-2.81933761
-0.741079509
-3.48357725
-1.85376811
-0.844558179
1.23332882
-1.55292106
-0.0420118608
-1.43605638
-1.02774978
2.25561404
-3.68738747
4.03111219
-2.10093451
-2.30365682
-4.89021683
2.56464911
-0.366291314
-0.775095463
-1.0084945
3.1107645
0.114070766
-2.50198507
-0.127946243
-1.16515839
-2.65360117
-0.627132952
-0.921615243
-2.04059219
4.98679829
1.55380464
1.03857088
-2.54485655
-4.16655922
-1.48272371
5.80419588
-0.0931451395
-6.06480646
-4.85024357
-4.15344095
-7.18522072
-4.26830959
-0.829096913
4.91657019
0.245979086
-2.50667143
3.98997998
0.784362853
1.75215292
-2.31894827
4.31121159
1.26473725
4.28973103
1.61667979
5.45469379
0.0776031911
-1.16349351
-2.53123546
3.09767699
-4.80095863
-1.11295068
-0.503095925
4.78168392
-7.06851959
-1.48328972
3.39066291
2.48590231
1.38616633
-0.517737508
0.117073976
0.174093902
2.00788355
2.91712689
2.57804513
2.70552659
1.03981638
1.87053156
-3.26253104
-0.58732146
-2.48294425
6.89935493
-0.977420628
-0.665087283
-0.736380756
-1.97737086
-1.97030878
-2.15187287
-1.6533829
-0.12631765
-3.48863792
-2.33667517
-4.28488731
-2.03023219
-2.98264384
-3.16063428
4.39939356
4.45840502
-1.19266891
2.44479656
-1.7803905
7.76703072
-2.60532069
-3.66348362
-1.47450674
0.93925494
-3.08837724
-2.33999896
-2.113168
3.11699486
1.9424144
-0.266564816
0.0551798865
-1.50882387
0.445610493
-3.54477024
1.55003512
1.01800227
2.9852984
0.207575172
1.43352234
-5.86045885
1.50987184
-1.15733385
1.52219462
0.463861108
-2.90360236
1.59134173
2.28379273
-0.0644381642
0.700950205
0.354465604
2.83565354
1.88768446
5.80031538
3.03079772
-0.0726534203
-4.61038876
-1.57708812
-4.31211805
1.10356772
1.79736829
1.50912833
-0.113295659
-0.288235724
-0.98304528
0.960416138
4.68375778
1.74927866
-1.46740115
-2.02079725
0.639897704
0.0127143795
-3.96662378
3.32454824
-3.65023255
-0.486739337
4.12021637
-5.14827204
3.68443346
-2.81096411
2.94213414
1.79221392
-3.0481751
4.60125732
-0.0493520014
-3.29712725
-4.60363865
0.82622695
1.88060296
3.54460979
-1.12748909
-1.24532473
3.86943412
-0.207407787
-0.812137842
3.29009175
-0.710426986
3.07058454
4.81690216
-1.80221403
-0.906193852
1.4184773
0.715201855
-4.5760417
-6.72588015
0.922615647
-0.483990431
0.127300799
0.281826705
0.0189414024
-5.78090239
-1.43781722
-3.40302563
4.17250538
-2.0674293
0.807385206
6.17295456
-2.69432569
2.39325404
-3.88861084
-4.56834745
-1.6115818
0.292270064
1.15813124
-1.3881166
2.49082208
2.6547296
-2.17584348
-2.03687763
1.18806553
-1.31878817
6.04986191
-2.59695482
1.22391522
0.421798199
2.3657496
0.194456637
3.56509376
4.00633001
3.65330124
8.27724361
-1.92519963
0.712220967
0.999293268
1.97693443
-1.45938456
1.20551598
-0.327958852
-0.178539947
-2.91799784
-0.865078092
3.4709897
-3.75535154
0.827982485
-0.0179947801
-4.21509123
-3.18507791
-0.284599364
0.658336163
-7.92279339
-0.27989623
-0.936771154
-0.71270144
3.1971488
-2.53006601
1.30040765
3.76863027
-2.27118158
-3.73347521
-0.897944748
-2.37292457
0.829558372
0.382709473
2.78066444
1.66979325
-2.90157127
-1.98176765
0.786164343
-4.72625065
-1.98457742
-2.42528415
2.90428996
-2.55123997
-2.2513535
-4.38375425
-2.61909437
-3.55704665
3.20253253
3.741467
-1.89640343
2.69676661
0.335534304
1.32120895
0.230228618
-1.02443624
0.00318993768
1.76670063
-5.40876007
3.93891954
-0.365717947
4.17553616
-2.20863843
5.18458176
-3.62283754